DATE,ALCOI FP Equity_DX_SI_QTY,ALCOI FP Equity_DX_SHORT_INTEREST_VALUE,ALCOI FP Equity_DX_SHORT_INTEREST_PCT_FREE_FLOAT,ALCOI FP Equity_DX_SHORT_INT_RATIO_DAYS_TO_COVER,ALCOI FP Equity_DX_SHORT_INTEREST_PCT_SHARES_OUT,ALCOI FP Equity_DX_SI_MV,ALCOI FP Equity_DX_DSS,ALCOI FP Equity_DX_BROKER_SHORT_INTEREST_VALUE,ALCOI FP Equity_DX_SUPPLY_SI_QTY,ALCOI FP Equity_DX_BROKER_SI_QTY,ALCOI FP Equity_DX_SUPPLY_SIDE_SHORT_INT_VAL,ALCOI FP Equity_DX_BROKER_SI_MV_NEW_x,ALCOI FP Equity_DX_SUPPLY_SI_QTY_INC_x,ALCOI FP Equity_DX_BROKER_SI_MV_INC_x,ALCOI FP Equity_DX_BROKER_SI_QTY_ADD,ALCOI FP Equity_DX_BROKER_SI_QTY_NEW,ALCOI FP Equity_DX_SUPPLY_SI_MV_DEC,ALCOI FP Equity_DX_BROKER_SI_QTY_INC,ALCOI FP Equity_DX_SUPPLY_SI_QTY_DEC,ALCOI FP Equity_DX_BROKER_SI_MV_NEW_y,ALCOI FP Equity_DX_BROKER_SI_MV_INC_y,ALCOI FP Equity_DX_SUPPLY_SI_QTY_INC_y,ALCOI FP Equity_DX_BROKER_SI_MV_ADD,ALCOI FP Equity_DX_SUPPLY_SI_QTY_ADD,ALCOI FP Equity_DX_BROKER_SI_QTY_DEC,ALCOI FP Equity_DX_SUPPLY_SI_MV,ALCOI FP Equity_DX_BROKER_SI_MV_DEC,ALCOI FP Equity_DX_ACTIVE_UTILIZATION_QUANTITY,ALCOI FP Equity_DX_UTILIZATION_QUANTITY,ALCOI FP Equity_DX_ACTIVE_AVAIL_SUPPLY_QTY,ALCOI FP Equity_DX_ACTIVE_AVAILABILITY_VALUE,ALCOI FP Equity_DX_ACTIVE_AVAIL_SUPPLY_MV,ALCOI FP Equity_DX_ACTIVE_UTILIZATION_MV,ALCOI FP Equity_DX_BROKER_SI_MARKET_SHARE_2,ALCOI FP Equity_DX_BROKER_SI_CON_RATIO,ALCOI FP Equity_DX_BROKER_SI_MARKET_SHARE_1,ALCOI FP Equity_DX_DEMAND_SUPPLY_RATIO,ALCOI FP Equity_PX_LAST
2006-07-03,170.0,1649.72,0.01,0.07,0.01,0.0,0.0,1649.72,0.0,170.0,0.0,0.0,0.0,0.0,170.0,0.0,0.0,0.0,0.0,0.0,0.0,0.0,0.0,0.0,0.0,0.0,0.0,0.0,0.0,99.0,960.72,0.0,0.0,0.0,1.0,100.0,1.7172,9.93
2006-07-04,170.0,1649.72,0.01,0.07,0.01,0.0,0.0,1649.72,0.0,170.0,0.0,0.0,0.0,0.0,0.0,0.0,0.0,0.0,0.0,0.0,0.0,0.0,0.0,0.0,0.0,0.0,0.0,0.0,0.0,101.0,980.13,0.0,0.0,0.0,1.0,100.0,1.6832,9.93
2006-07-05,170.0,1648.06,0.01,0.08,0.01,0.0,0.0,1648.06,0.0,170.0,0.0,0.0,0.0,0.0,0.0,0.0,0.0,0.0,0.0,0.0,0.0,0.0,0.0,0.0,0.0,0.0,0.0,0.0,0.0,101.0,979.14,0.0,0.0,0.0,1.0,100.0,1.6832,9.92
2006-07-06,170.0,1653.04,0.01,0.08,0.01,0.0,0.0,1653.04,0.0,170.0,0.0,0.0,0.0,0.0,0.0,0.0,0.0,0.0,0.0,0.0,0.0,0.0,0.0,0.0,0.0,0.0,0.0,0.0,0.0,101.0,982.1,0.0,0.0,0.0,1.0,100.0,1.6832,9.95
2006-07-07,170.0,1606.52,0.01,0.08,0.01,0.0,0.0,1606.52,0.0,170.0,0.0,0.0,0.0,0.0,0.0,0.0,0.0,0.0,0.0,0.0,0.0,0.0,0.0,0.0,0.0,0.0,0.0,0.0,0.0,102.0,963.91,0.0,0.0,0.0,1.0,100.0,1.6667,9.67
2006-07-10,170.0,1568.31,0.01,0.08,0.01,0.0,0.0,1568.31,0.0,170.0,0.0,0.0,0.0,0.0,0.0,0.0,0.0,0.0,0.0,0.0,0.0,0.0,0.0,0.0,0.0,0.0,0.0,0.0,0.0,99.0,913.31,0.0,0.0,0.0,1.0,100.0,1.7172,9.44
2006-07-11,170.0,1545.05,0.01,0.09,0.01,0.0,0.0,1545.05,0.0,170.0,0.0,0.0,0.0,0.0,0.0,0.0,0.0,0.0,0.0,0.0,0.0,0.0,0.0,0.0,0.0,0.0,0.0,0.0,0.0,96.0,872.5,0.0,0.0,0.0,1.0,100.0,1.7708,9.3
2006-07-12,170.0,1581.6,0.01,0.09,0.01,0.0,0.0,1581.6,0.0,170.0,0.0,0.0,0.0,0.0,0.0,0.0,0.0,0.0,0.0,0.0,0.0,0.0,0.0,0.0,0.0,0.0,0.0,0.0,0.0,95.0,883.84,0.0,0.0,0.0,1.0,100.0,1.7895,9.52
2006-07-13,170.0,1545.05,0.01,0.09,0.01,0.0,0.0,1545.05,0.0,170.0,0.0,0.0,0.0,0.0,0.0,0.0,0.0,0.0,0.0,0.0,0.0,0.0,0.0,0.0,0.0,0.0,0.0,0.0,0.0,97.0,881.59,0.0,0.0,0.0,1.0,100.0,1.7526,9.3
2006-07-14,170.0,1545.05,0.01,0.09,0.01,0.0,0.0,1545.05,0.0,170.0,0.0,0.0,0.0,0.0,0.0,0.0,0.0,0.0,0.0,0.0,0.0,0.0,0.0,0.0,0.0,0.0,0.0,0.0,0.0,95.0,863.41,0.0,0.0,0.0,1.0,100.0,1.7895,9.3
2006-07-17,170.0,1471.95,0.01,0.09,0.01,0.0,0.0,1471.95,0.0,170.0,0.0,0.0,0.0,0.0,0.0,0.0,0.0,0.0,0.0,0.0,0.0,0.0,0.0,0.0,0.0,0.0,0.0,0.0,0.0,95.0,822.56,0.0,0.0,0.0,1.0,100.0,1.7895,8.86
2006-07-18,170.0,1471.95,0.01,0.1,0.01,0.0,0.0,1471.95,0.0,170.0,0.0,0.0,0.0,0.0,0.0,0.0,0.0,0.0,0.0,0.0,0.0,0.0,0.0,0.0,0.0,0.0,0.0,0.0,0.0,91.0,787.93,0.0,0.0,0.0,1.0,100.0,1.8681,8.86
2006-07-19,170.0,1471.95,0.01,0.1,0.01,0.0,0.0,1471.95,0.0,170.0,0.0,0.0,0.0,0.0,0.0,0.0,0.0,0.0,0.0,0.0,0.0,0.0,0.0,0.0,0.0,0.0,0.0,0.0,0.0,91.0,787.93,0.0,0.0,0.0,1.0,100.0,1.8681,8.86
2006-07-20,170.0,1506.84,0.01,0.14,0.01,0.0,0.0,1506.84,0.0,170.0,0.0,0.0,0.0,0.0,0.0,0.0,0.0,0.0,0.0,0.0,0.0,0.0,0.0,0.0,0.0,0.0,0.0,0.0,0.0,91.0,806.6,0.0,0.0,0.0,1.0,100.0,1.8681,9.07
2006-07-21,170.0,1506.84,0.01,0.15,0.01,0.0,0.0,1506.84,0.0,170.0,0.0,0.0,0.0,0.0,0.0,0.0,0.0,0.0,0.0,0.0,0.0,0.0,0.0,0.0,0.0,0.0,0.0,0.0,0.0,93.0,824.33,0.0,0.0,0.0,1.0,100.0,1.828,9.07
2006-07-24,170.0,1471.95,0.01,0.16,0.01,0.0,0.0,1471.95,0.0,170.0,0.0,0.0,0.0,0.0,0.0,0.0,0.0,0.0,0.0,0.0,0.0,0.0,0.0,0.0,0.0,0.0,0.0,0.0,0.0,93.0,805.24,0.0,0.0,0.0,1.0,100.0,1.828,8.86
2006-07-25,170.0,1445.37,0.01,0.16,0.01,0.0,0.0,1445.37,0.0,170.0,0.0,0.0,0.0,0.0,0.0,0.0,0.0,0.0,0.0,0.0,0.0,0.0,0.0,0.0,0.0,0.0,0.0,0.0,0.0,91.0,773.7,0.0,0.0,0.0,1.0,100.0,1.8681,8.7
2006-07-26,170.0,1476.94,0.01,0.18,0.01,0.0,0.0,1476.94,0.0,170.0,0.0,0.0,0.0,0.0,0.0,0.0,0.0,0.0,0.0,0.0,0.0,0.0,0.0,0.0,0.0,0.0,0.0,0.0,0.0,89.0,773.22,0.0,0.0,0.0,1.0,100.0,1.9101,8.89
2006-07-27,170.0,1639.75,0.01,0.18,0.01,0.0,0.0,1639.75,0.0,170.0,0.0,0.0,0.0,0.0,0.0,0.0,0.0,0.0,0.0,0.0,0.0,0.0,0.0,0.0,0.0,0.0,0.0,0.0,0.0,91.0,877.75,0.0,0.0,0.0,1.0,100.0,1.8681,9.87
2006-07-28,170.0,1639.75,0.01,0.16,0.01,0.0,0.0,1639.75,0.0,170.0,0.0,0.0,0.0,0.0,0.0,0.0,0.0,0.0,0.0,0.0,0.0,0.0,0.0,0.0,0.0,0.0,0.0,0.0,0.0,101.0,974.2,0.0,0.0,0.0,1.0,100.0,1.6832,9.87
2006-07-31,170.0,1574.96,0.01,0.18,0.01,0.0,0.0,1574.96,0.0,170.0,0.0,0.0,0.0,0.0,0.0,0.0,0.0,0.0,0.0,0.0,0.0,0.0,0.0,0.0,0.0,0.0,0.0,0.0,0.0,101.0,935.71,0.0,0.0,0.0,1.0,100.0,1.6832,9.48
2006-08-01,0.0,0.0,0.0,0.0,0.0,0.0,0.0,0.0,0.0,0.0,0.0,0.0,0.0,0.0,0.0,0.0,0.0,0.0,0.0,0.0,0.0,0.0,0.0,0.0,170.0,0.0,0.0,0.0,0.0,0.0,0.0,0.0,0.0,0.0,0.0,0.0,0.0,9.25
2006-08-02,0.0,0.0,0.0,0.0,0.0,0.0,0.0,0.0,0.0,0.0,0.0,0.0,0.0,0.0,0.0,0.0,0.0,0.0,0.0,0.0,0.0,0.0,0.0,0.0,0.0,0.0,0.0,0.0,0.0,0.0,0.0,0.0,0.0,0.0,0.0,0.0,0.0,9.4
2006-08-03,0.0,0.0,0.0,0.0,0.0,0.0,0.0,0.0,0.0,0.0,0.0,0.0,0.0,0.0,0.0,0.0,0.0,0.0,0.0,0.0,0.0,0.0,0.0,0.0,0.0,0.0,0.0,0.0,0.0,0.0,0.0,0.0,0.0,0.0,0.0,0.0,0.0,9.4
2006-08-04,0.0,0.0,0.0,0.0,0.0,0.0,0.0,0.0,0.0,0.0,0.0,0.0,0.0,0.0,0.0,0.0,0.0,0.0,0.0,0.0,0.0,0.0,0.0,0.0,0.0,0.0,0.0,0.0,0.0,0.0,0.0,0.0,0.0,0.0,0.0,0.0,0.0,9.5
2006-08-07,0.0,0.0,0.0,0.0,0.0,0.0,0.0,0.0,0.0,0.0,0.0,0.0,0.0,0.0,0.0,0.0,0.0,0.0,0.0,0.0,0.0,0.0,0.0,0.0,0.0,0.0,0.0,0.0,0.0,0.0,0.0,0.0,0.0,0.0,0.0,0.0,0.0,9.62
2006-08-08,0.0,0.0,0.0,0.0,0.0,0.0,0.0,0.0,0.0,0.0,0.0,0.0,0.0,0.0,0.0,0.0,0.0,0.0,0.0,0.0,0.0,0.0,0.0,0.0,0.0,0.0,0.0,0.0,0.0,0.0,0.0,0.0,0.0,0.0,0.0,0.0,0.0,9.62
2006-08-09,0.0,0.0,0.0,0.0,0.0,0.0,0.0,0.0,0.0,0.0,0.0,0.0,0.0,0.0,0.0,0.0,0.0,0.0,0.0,0.0,0.0,0.0,0.0,0.0,0.0,0.0,0.0,0.0,0.0,0.0,0.0,0.0,0.0,0.0,0.0,0.0,0.0,9.71
2006-08-10,0.0,0.0,0.0,0.0,0.0,0.0,0.0,0.0,0.0,0.0,0.0,0.0,0.0,0.0,0.0,0.0,0.0,0.0,0.0,0.0,0.0,0.0,0.0,0.0,0.0,0.0,0.0,0.0,0.0,0.0,0.0,0.0,0.0,0.0,0.0,0.0,0.0,9.31
2006-08-11,0.0,0.0,0.0,0.0,0.0,0.0,0.0,0.0,0.0,0.0,0.0,0.0,0.0,0.0,0.0,0.0,0.0,0.0,0.0,0.0,0.0,0.0,0.0,0.0,0.0,0.0,0.0,0.0,0.0,0.0,0.0,0.0,0.0,0.0,0.0,0.0,0.0,9.32
2006-08-14,0.0,0.0,0.0,0.0,0.0,0.0,0.0,0.0,0.0,0.0,0.0,0.0,0.0,0.0,0.0,0.0,0.0,0.0,0.0,0.0,0.0,0.0,0.0,0.0,0.0,0.0,0.0,0.0,0.0,0.0,0.0,0.0,0.0,0.0,0.0,0.0,0.0,9.32
2006-08-15,0.0,0.0,0.0,0.0,0.0,0.0,0.0,0.0,0.0,0.0,0.0,0.0,0.0,0.0,0.0,0.0,0.0,0.0,0.0,0.0,0.0,0.0,0.0,0.0,0.0,0.0,0.0,0.0,0.0,0.0,0.0,0.0,0.0,0.0,0.0,0.0,0.0,9.49
2006-08-16,0.0,0.0,0.0,0.0,0.0,0.0,0.0,0.0,0.0,0.0,0.0,0.0,0.0,0.0,0.0,0.0,0.0,0.0,0.0,0.0,0.0,0.0,0.0,0.0,0.0,0.0,0.0,0.0,0.0,0.0,0.0,0.0,0.0,0.0,0.0,0.0,0.0,9.29
2006-08-17,0.0,0.0,0.0,0.0,0.0,0.0,0.0,0.0,0.0,0.0,0.0,0.0,0.0,0.0,0.0,0.0,0.0,0.0,0.0,0.0,0.0,0.0,0.0,0.0,0.0,0.0,0.0,0.0,0.0,0.0,0.0,0.0,0.0,0.0,0.0,0.0,0.0,9.3
2006-08-18,0.0,0.0,0.0,0.0,0.0,0.0,0.0,0.0,0.0,0.0,0.0,0.0,0.0,0.0,0.0,0.0,0.0,0.0,0.0,0.0,0.0,0.0,0.0,0.0,0.0,0.0,0.0,0.0,0.0,0.0,0.0,0.0,0.0,0.0,0.0,0.0,0.0,9.28
2006-08-21,0.0,0.0,0.0,0.0,0.0,0.0,0.0,0.0,0.0,0.0,0.0,0.0,0.0,0.0,0.0,0.0,0.0,0.0,0.0,0.0,0.0,0.0,0.0,0.0,0.0,0.0,0.0,0.0,0.0,0.0,0.0,0.0,0.0,0.0,0.0,0.0,0.0,9.2
2006-08-22,0.0,0.0,0.0,0.0,0.0,0.0,0.0,0.0,0.0,0.0,0.0,0.0,0.0,0.0,0.0,0.0,0.0,0.0,0.0,0.0,0.0,0.0,0.0,0.0,0.0,0.0,0.0,0.0,0.0,0.0,0.0,0.0,0.0,0.0,0.0,0.0,0.0,9.21
2006-08-23,0.0,0.0,0.0,0.0,0.0,0.0,0.0,0.0,0.0,0.0,0.0,0.0,0.0,0.0,0.0,0.0,0.0,0.0,0.0,0.0,0.0,0.0,0.0,0.0,0.0,0.0,0.0,0.0,0.0,0.0,0.0,0.0,0.0,0.0,0.0,0.0,0.0,9.42
2006-08-24,0.0,0.0,0.0,0.0,0.0,0.0,0.0,0.0,0.0,0.0,0.0,0.0,0.0,0.0,0.0,0.0,0.0,0.0,0.0,0.0,0.0,0.0,0.0,0.0,0.0,0.0,0.0,0.0,0.0,0.0,0.0,0.0,0.0,0.0,0.0,0.0,0.0,9.42
2006-08-25,0.0,0.0,0.0,0.0,0.0,0.0,0.0,0.0,0.0,0.0,0.0,0.0,0.0,0.0,0.0,0.0,0.0,0.0,0.0,0.0,0.0,0.0,0.0,0.0,0.0,0.0,0.0,0.0,0.0,0.0,0.0,0.0,0.0,0.0,0.0,0.0,0.0,9.24
2006-08-28,0.0,0.0,0.0,0.0,0.0,0.0,0.0,0.0,0.0,0.0,0.0,0.0,0.0,0.0,0.0,0.0,0.0,0.0,0.0,0.0,0.0,0.0,0.0,0.0,0.0,0.0,0.0,0.0,0.0,0.0,0.0,0.0,0.0,0.0,0.0,0.0,0.0,9.26
2006-08-29,0.0,0.0,0.0,0.0,0.0,0.0,0.0,0.0,0.0,0.0,0.0,0.0,0.0,0.0,0.0,0.0,0.0,0.0,0.0,0.0,0.0,0.0,0.0,0.0,0.0,0.0,0.0,0.0,0.0,0.0,0.0,0.0,0.0,0.0,0.0,0.0,0.0,9.21
2006-08-30,0.0,0.0,0.0,0.0,0.0,0.0,0.0,0.0,0.0,0.0,0.0,0.0,0.0,0.0,0.0,0.0,0.0,0.0,0.0,0.0,0.0,0.0,0.0,0.0,0.0,0.0,0.0,0.0,0.0,0.0,0.0,0.0,0.0,0.0,0.0,0.0,0.0,9.21
2006-08-31,0.0,0.0,0.0,0.0,0.0,0.0,0.0,0.0,0.0,0.0,0.0,0.0,0.0,0.0,0.0,0.0,0.0,0.0,0.0,0.0,0.0,0.0,0.0,0.0,0.0,0.0,0.0,0.0,0.0,0.0,0.0,0.0,0.0,0.0,0.0,0.0,0.0,9.24
2006-09-01,0.0,0.0,0.0,0.0,0.0,0.0,0.0,0.0,0.0,0.0,0.0,0.0,0.0,0.0,0.0,0.0,0.0,0.0,0.0,0.0,0.0,0.0,0.0,0.0,0.0,0.0,0.0,0.0,0.0,0.0,0.0,0.0,0.0,0.0,0.0,0.0,0.0,9.3
2006-09-04,0.0,0.0,0.0,0.0,0.0,0.0,0.0,0.0,0.0,0.0,0.0,0.0,0.0,0.0,0.0,0.0,0.0,0.0,0.0,0.0,0.0,0.0,0.0,0.0,0.0,0.0,0.0,0.0,0.0,0.0,0.0,0.0,0.0,0.0,0.0,0.0,0.0,9.88
2006-09-05,0.0,0.0,0.0,0.0,0.0,0.0,0.0,0.0,0.0,0.0,0.0,0.0,0.0,0.0,0.0,0.0,0.0,0.0,0.0,0.0,0.0,0.0,0.0,0.0,0.0,0.0,0.0,0.0,0.0,0.0,0.0,0.0,0.0,0.0,0.0,0.0,0.0,9.62
2006-09-06,0.0,0.0,0.0,0.0,0.0,0.0,0.0,0.0,0.0,0.0,0.0,0.0,0.0,0.0,0.0,0.0,0.0,0.0,0.0,0.0,0.0,0.0,0.0,0.0,0.0,0.0,0.0,0.0,0.0,0.0,0.0,0.0,0.0,0.0,0.0,0.0,0.0,9.46
2006-09-07,0.0,0.0,0.0,0.0,0.0,0.0,0.0,0.0,0.0,0.0,0.0,0.0,0.0,0.0,0.0,0.0,0.0,0.0,0.0,0.0,0.0,0.0,0.0,0.0,0.0,0.0,0.0,0.0,0.0,0.0,0.0,0.0,0.0,0.0,0.0,0.0,0.0,9.31
2006-09-08,0.0,0.0,0.0,0.0,0.0,0.0,0.0,0.0,0.0,0.0,0.0,0.0,0.0,0.0,0.0,0.0,0.0,0.0,0.0,0.0,0.0,0.0,0.0,0.0,0.0,0.0,0.0,0.0,0.0,0.0,0.0,0.0,0.0,0.0,0.0,0.0,0.0,9.31
2006-09-11,0.0,0.0,0.0,0.0,0.0,0.0,0.0,0.0,0.0,0.0,0.0,0.0,0.0,0.0,0.0,0.0,0.0,0.0,0.0,0.0,0.0,0.0,0.0,0.0,0.0,0.0,0.0,0.0,0.0,0.0,0.0,0.0,0.0,0.0,0.0,0.0,0.0,9.46
2006-09-12,0.0,0.0,0.0,0.0,0.0,0.0,0.0,0.0,0.0,0.0,0.0,0.0,0.0,0.0,0.0,0.0,0.0,0.0,0.0,0.0,0.0,0.0,0.0,0.0,0.0,0.0,0.0,0.0,0.0,0.0,0.0,0.0,0.0,0.0,0.0,0.0,0.0,9.44
2006-09-13,0.0,0.0,0.0,0.0,0.0,0.0,0.0,0.0,0.0,0.0,0.0,0.0,0.0,0.0,0.0,0.0,0.0,0.0,0.0,0.0,0.0,0.0,0.0,0.0,0.0,0.0,0.0,0.0,0.0,0.0,0.0,0.0,0.0,0.0,0.0,0.0,0.0,9.5
2006-09-14,0.0,0.0,0.0,0.0,0.0,0.0,0.0,0.0,0.0,0.0,0.0,0.0,0.0,0.0,0.0,0.0,0.0,0.0,0.0,0.0,0.0,0.0,0.0,0.0,0.0,0.0,0.0,0.0,0.0,0.0,0.0,0.0,0.0,0.0,0.0,0.0,0.0,9.5
2006-09-15,0.0,0.0,0.0,0.0,0.0,0.0,0.0,0.0,0.0,0.0,0.0,0.0,0.0,0.0,0.0,0.0,0.0,0.0,0.0,0.0,0.0,0.0,0.0,0.0,0.0,0.0,0.0,0.0,0.0,0.0,0.0,0.0,0.0,0.0,0.0,0.0,0.0,9.39
2006-09-18,0.0,0.0,0.0,0.0,0.0,0.0,0.0,0.0,0.0,0.0,0.0,0.0,0.0,0.0,0.0,0.0,0.0,0.0,0.0,0.0,0.0,0.0,0.0,0.0,0.0,0.0,0.0,0.0,0.0,0.0,0.0,0.0,0.0,0.0,0.0,0.0,0.0,9.56
2006-09-19,0.0,0.0,0.0,0.0,0.0,0.0,0.0,0.0,0.0,0.0,0.0,0.0,0.0,0.0,0.0,0.0,0.0,0.0,0.0,0.0,0.0,0.0,0.0,0.0,0.0,0.0,0.0,0.0,0.0,0.0,0.0,0.0,0.0,0.0,0.0,0.0,0.0,9.5
2006-09-20,0.0,0.0,0.0,0.0,0.0,0.0,0.0,0.0,0.0,0.0,0.0,0.0,0.0,0.0,0.0,0.0,0.0,0.0,0.0,0.0,0.0,0.0,0.0,0.0,0.0,0.0,0.0,0.0,0.0,0.0,0.0,0.0,0.0,0.0,0.0,0.0,0.0,9.58
2006-09-21,0.0,0.0,0.0,0.0,0.0,0.0,0.0,0.0,0.0,0.0,0.0,0.0,0.0,0.0,0.0,0.0,0.0,0.0,0.0,0.0,0.0,0.0,0.0,0.0,0.0,0.0,0.0,0.0,0.0,0.0,0.0,0.0,0.0,0.0,0.0,0.0,0.0,9.6
2006-09-22,0.0,0.0,0.0,0.0,0.0,0.0,0.0,0.0,0.0,0.0,0.0,0.0,0.0,0.0,0.0,0.0,0.0,0.0,0.0,0.0,0.0,0.0,0.0,0.0,0.0,0.0,0.0,0.0,0.0,0.0,0.0,0.0,0.0,0.0,0.0,0.0,0.0,9.65
2006-09-25,0.0,0.0,0.0,0.0,0.0,0.0,0.0,0.0,0.0,0.0,0.0,0.0,0.0,0.0,0.0,0.0,0.0,0.0,0.0,0.0,0.0,0.0,0.0,0.0,0.0,0.0,0.0,0.0,0.0,0.0,0.0,0.0,0.0,0.0,0.0,0.0,0.0,9.6
2006-09-26,0.0,0.0,0.0,0.0,0.0,0.0,0.0,0.0,0.0,0.0,0.0,0.0,0.0,0.0,0.0,0.0,0.0,0.0,0.0,0.0,0.0,0.0,0.0,0.0,0.0,0.0,0.0,0.0,0.0,0.0,0.0,0.0,0.0,0.0,0.0,0.0,0.0,9.7
2006-09-27,0.0,0.0,0.0,0.0,0.0,0.0,0.0,0.0,0.0,0.0,0.0,0.0,0.0,0.0,0.0,0.0,0.0,0.0,0.0,0.0,0.0,0.0,0.0,0.0,0.0,0.0,0.0,0.0,0.0,0.0,0.0,0.0,0.0,0.0,0.0,0.0,0.0,10.39
2006-09-28,0.0,0.0,0.0,0.0,0.0,0.0,0.0,0.0,0.0,0.0,0.0,0.0,0.0,0.0,0.0,0.0,0.0,0.0,0.0,0.0,0.0,0.0,0.0,0.0,0.0,0.0,0.0,0.0,0.0,0.0,0.0,0.0,0.0,0.0,0.0,0.0,0.0,10.34
2006-09-29,0.0,0.0,0.0,0.0,0.0,0.0,0.0,0.0,0.0,0.0,0.0,0.0,0.0,0.0,0.0,0.0,0.0,0.0,0.0,0.0,0.0,0.0,0.0,0.0,0.0,0.0,0.0,0.0,0.0,0.0,0.0,0.0,0.0,0.0,0.0,0.0,0.0,10.25
2006-10-02,0.0,0.0,0.0,0.0,0.0,0.0,0.0,0.0,0.0,0.0,0.0,0.0,0.0,0.0,0.0,0.0,0.0,0.0,0.0,0.0,0.0,0.0,0.0,0.0,0.0,0.0,0.0,0.0,0.0,0.0,0.0,0.0,0.0,0.0,0.0,0.0,0.0,10.45
2006-10-03,0.0,0.0,0.0,0.0,0.0,0.0,0.0,0.0,0.0,0.0,0.0,0.0,0.0,0.0,0.0,0.0,0.0,0.0,0.0,0.0,0.0,0.0,0.0,0.0,0.0,0.0,0.0,0.0,0.0,0.0,0.0,0.0,0.0,0.0,0.0,0.0,0.0,10.4
2006-10-04,0.0,0.0,0.0,0.0,0.0,0.0,0.0,0.0,0.0,0.0,0.0,0.0,0.0,0.0,0.0,0.0,0.0,0.0,0.0,0.0,0.0,0.0,0.0,0.0,0.0,0.0,0.0,0.0,0.0,0.0,0.0,0.0,0.0,0.0,0.0,0.0,0.0,10.18
2006-10-05,0.0,0.0,0.0,0.0,0.0,0.0,0.0,0.0,0.0,0.0,0.0,0.0,0.0,0.0,0.0,0.0,0.0,0.0,0.0,0.0,0.0,0.0,0.0,0.0,0.0,0.0,0.0,0.0,0.0,0.0,0.0,0.01,0.0,0.0,0.0,0.0,0.0,10.2
2006-10-06,0.0,0.0,0.0,0.0,0.0,0.0,0.0,0.0,0.0,0.0,0.0,0.0,0.0,0.0,0.0,0.0,0.0,0.0,0.0,0.0,0.0,0.0,0.0,0.0,0.0,0.0,0.0,0.0,0.0,0.0,0.0,0.01,0.0,0.0,0.0,0.0,0.0,10.4
2006-10-09,0.0,0.0,0.0,0.0,0.0,0.0,0.0,0.0,0.0,0.0,0.0,0.0,0.0,0.0,0.0,0.0,0.0,0.0,0.0,0.0,0.0,0.0,0.0,0.0,0.0,0.0,0.0,0.0,0.0,0.0,0.0,0.01,0.0,0.0,0.0,0.0,0.0,10.47
2006-10-10,0.0,0.0,0.0,0.0,0.0,0.0,0.0,0.0,0.0,0.0,0.0,0.0,0.0,0.0,0.0,0.0,0.0,0.0,0.0,0.0,0.0,0.0,0.0,0.0,0.0,0.0,0.0,0.0,0.0,0.0,0.0,0.01,0.0,0.0,0.0,0.0,0.0,10.3
2006-10-11,0.0,0.0,0.0,0.0,0.0,0.0,0.0,0.0,0.0,0.0,0.0,0.0,0.0,0.0,0.0,0.0,0.0,0.0,0.0,0.0,0.0,0.0,0.0,0.0,0.0,0.0,0.0,0.0,0.0,0.0,0.0,0.01,0.0,0.0,0.0,0.0,0.0,10.1
2006-10-12,0.0,0.0,0.0,0.0,0.0,0.0,0.0,0.0,0.0,0.0,0.0,0.0,0.0,0.0,0.0,0.0,0.0,0.0,0.0,0.0,0.0,0.0,0.0,0.0,0.0,0.0,0.0,0.0,0.0,0.0,0.0,0.01,0.0,0.0,0.0,0.0,0.0,10.4
2006-10-13,0.0,0.0,0.0,0.0,0.0,0.0,0.0,0.0,0.0,0.0,0.0,0.0,0.0,0.0,0.0,0.0,0.0,0.0,0.0,0.0,0.0,0.0,0.0,0.0,0.0,0.0,0.0,0.0,0.0,0.0,0.0,0.01,0.0,0.0,0.0,0.0,0.0,10.23
2006-10-16,0.0,0.0,0.0,0.0,0.0,0.0,0.0,0.0,0.0,0.0,0.0,0.0,0.0,0.0,0.0,0.0,0.0,0.0,0.0,0.0,0.0,0.0,0.0,0.0,0.0,0.0,0.0,0.0,0.0,0.0,0.0,0.01,0.0,0.0,0.0,0.0,0.0,10.55
2006-10-17,0.0,0.0,0.0,0.0,0.0,0.0,0.0,0.0,0.0,0.0,0.0,0.0,0.0,0.0,0.0,0.0,0.0,0.0,0.0,0.0,0.0,0.0,0.0,0.0,0.0,0.0,0.0,0.0,0.0,0.0,0.0,0.01,0.0,0.0,0.0,0.0,0.0,10.74
2006-10-18,0.0,0.0,0.0,0.0,0.0,0.0,0.0,0.0,0.0,0.0,0.0,0.0,0.0,0.0,0.0,0.0,0.0,0.0,0.0,0.0,0.0,0.0,0.0,0.0,0.0,0.0,0.0,0.0,0.0,0.0,0.0,0.01,0.0,0.0,0.0,0.0,0.0,10.5
2006-10-19,0.0,0.0,0.0,0.0,0.0,0.0,0.0,0.0,0.0,0.0,0.0,0.0,0.0,0.0,0.0,0.0,0.0,0.0,0.0,0.0,0.0,0.0,0.0,0.0,0.0,0.0,0.0,0.0,0.0,0.0,0.0,0.01,0.0,0.0,0.0,0.0,0.0,11.54
2006-10-20,0.0,0.0,0.0,0.0,0.0,0.0,0.0,0.0,0.0,0.0,0.0,0.0,0.0,0.0,0.0,0.0,0.0,0.0,0.0,0.0,0.0,0.0,0.0,0.0,0.0,0.0,0.0,0.0,0.0,0.0,0.0,0.01,0.0,0.0,0.0,0.0,0.0,11.3
2006-10-23,0.0,0.0,0.0,0.0,0.0,0.0,0.0,0.0,0.0,0.0,0.0,0.0,0.0,0.0,0.0,0.0,0.0,0.0,0.0,0.0,0.0,0.0,0.0,0.0,0.0,0.0,0.0,0.0,0.0,0.0,0.0,0.01,0.0,0.0,0.0,0.0,0.0,11.37
2006-10-24,0.0,0.0,0.0,0.0,0.0,0.0,0.0,0.0,0.0,0.0,0.0,0.0,0.0,0.0,0.0,0.0,0.0,0.0,0.0,0.0,0.0,0.0,0.0,0.0,0.0,0.0,0.0,0.0,0.0,0.0,0.0,0.01,0.0,0.0,0.0,0.0,0.0,11.6
2006-10-25,0.0,0.0,0.0,0.0,0.0,0.0,0.0,0.0,0.0,0.0,0.0,0.0,0.0,0.0,0.0,0.0,0.0,0.0,0.0,0.0,0.0,0.0,0.0,0.0,0.0,0.0,0.0,0.0,0.0,0.0,0.0,0.01,0.0,0.0,0.0,0.0,0.0,11.31
2006-10-26,0.0,0.0,0.0,0.0,0.0,0.0,0.0,0.0,0.0,0.0,0.0,0.0,0.0,0.0,0.0,0.0,0.0,0.0,0.0,0.0,0.0,0.0,0.0,0.0,0.0,0.0,0.0,0.0,0.0,0.0,0.0,0.01,0.0,0.0,0.0,0.0,0.0,11.45
2006-10-27,0.0,0.0,0.0,0.0,0.0,0.0,0.0,0.0,0.0,0.0,0.0,0.0,0.0,0.0,0.0,0.0,0.0,0.0,0.0,0.0,0.0,0.0,0.0,0.0,0.0,0.0,0.0,0.0,0.0,0.0,0.0,0.01,0.0,0.0,0.0,0.0,0.0,11.57
2006-10-30,0.0,0.0,0.0,0.0,0.0,0.0,0.0,0.0,0.0,0.0,0.0,0.0,0.0,0.0,0.0,0.0,0.0,0.0,0.0,0.0,0.0,0.0,0.0,0.0,0.0,0.0,0.0,0.0,0.0,0.0,0.0,0.01,0.0,0.0,0.0,0.0,0.0,11.46
2006-10-31,0.0,0.0,0.0,0.0,0.0,0.0,0.0,0.0,0.0,0.0,0.0,0.0,0.0,0.0,0.0,0.0,0.0,0.0,0.0,0.0,0.0,0.0,0.0,0.0,0.0,0.0,0.0,0.0,0.0,0.0,0.0,0.01,0.0,0.0,0.0,0.0,0.0,11.44
2006-11-01,0.0,0.0,0.0,0.0,0.0,0.0,0.0,0.0,0.0,0.0,0.0,0.0,0.0,0.0,0.0,0.0,0.0,0.0,0.0,0.0,0.0,0.0,0.0,0.0,0.0,0.0,0.0,0.0,0.0,0.0,0.0,0.01,0.0,0.0,0.0,0.0,0.0,11.65
2006-11-02,100.0,1115.06,0.01,0.02,0.01,0.0,0.0,1115.06,0.0,100.0,0.0,0.0,0.0,0.0,100.0,0.0,0.0,0.0,0.0,0.0,0.0,0.0,0.0,0.0,0.0,0.0,0.0,0.0,0.0,1100.0,12265.62,0.01,0.0,0.0,1.0,100.0,0.0909,11.41
2006-11-03,100.0,1123.85,0.01,0.02,0.01,0.0,0.0,1123.85,0.0,100.0,0.0,0.0,0.0,0.0,0.0,0.0,0.0,0.0,0.0,0.0,0.0,0.0,0.0,0.0,0.0,0.0,0.0,0.0,0.0,1077.0,12103.88,0.01,0.0,0.0,1.0,100.0,0.0929,11.5
2006-11-06,100.0,1138.51,0.01,0.02,0.01,0.0,0.0,1138.51,0.0,100.0,0.0,0.0,0.0,0.0,0.0,0.0,0.0,0.0,0.0,0.0,0.0,0.0,0.0,0.0,0.0,0.0,0.0,0.0,0.0,1086.0,12364.23,0.01,0.0,0.0,1.0,100.0,0.0921,11.65
2006-11-07,100.0,1132.65,0.01,0.02,0.01,0.0,0.0,1132.65,0.0,100.0,0.0,0.0,0.0,0.0,0.0,0.0,0.0,0.0,0.0,0.0,0.0,0.0,0.0,0.0,0.0,0.0,0.0,0.0,0.0,1100.0,12459.12,0.01,0.0,0.0,1.0,100.0,0.0909,11.59
2006-11-08,100.0,1135.58,0.01,0.02,0.01,0.0,0.0,1135.58,0.0,100.0,0.0,0.0,0.0,0.0,0.0,0.0,0.0,0.0,0.0,0.0,0.0,0.0,0.0,0.0,0.0,0.0,0.0,0.0,0.0,1094.0,12423.23,0.01,0.0,0.0,1.0,100.0,0.0914,11.62
2006-11-09,100.0,1134.6,0.01,0.02,0.01,0.0,0.0,1134.6,0.0,100.0,0.0,0.0,0.0,0.0,0.0,0.0,0.0,0.0,0.0,0.0,0.0,0.0,0.0,0.0,0.0,0.0,0.0,0.0,0.0,1097.0,12446.58,0.01,0.0,0.0,1.0,100.0,0.0912,11.61
2006-11-10,100.0,1123.85,0.01,0.02,0.01,0.0,0.0,1123.85,0.0,100.0,0.0,0.0,0.0,0.0,0.0,0.0,0.0,0.0,0.0,0.0,0.0,0.0,0.0,0.0,0.0,0.0,0.0,0.0,0.0,1096.0,12317.42,0.01,0.0,0.0,1.0,100.0,0.0912,11.5
2006-11-13,100.0,1114.08,0.01,0.02,0.01,0.0,0.0,1114.08,0.0,100.0,0.0,0.0,0.0,0.0,0.0,0.0,0.0,0.0,0.0,0.0,0.0,0.0,0.0,0.0,0.0,0.0,0.0,0.0,0.0,1086.0,12098.9,0.01,0.0,0.0,1.0,100.0,0.0921,11.4
2006-11-14,100.0,1104.31,0.01,0.02,0.01,0.0,0.0,1104.31,0.0,100.0,0.0,0.0,0.0,0.0,0.0,0.0,0.0,0.0,0.0,0.0,0.0,0.0,0.0,0.0,0.0,0.0,0.0,0.0,0.0,1076.0,11882.34,0.01,0.0,0.0,1.0,100.0,0.0929,11.3
2006-11-15,100.0,1109.19,0.01,0.02,0.01,0.0,0.0,1109.19,0.0,100.0,0.0,0.0,0.0,0.0,0.0,0.0,0.0,0.0,0.0,0.0,0.0,0.0,0.0,0.0,0.0,0.0,0.0,0.0,0.0,1067.0,11835.09,0.01,0.0,0.0,1.0,100.0,0.0937,11.35
2006-11-16,100.0,1109.19,0.01,0.02,0.01,0.0,0.0,1109.19,0.0,100.0,0.0,0.0,0.0,0.0,0.0,0.0,0.0,0.0,0.0,0.0,0.0,0.0,0.0,0.0,0.0,0.0,0.0,0.0,0.0,1072.0,11890.55,0.01,0.0,0.0,1.0,100.0,0.0933,11.35
2006-11-17,100.0,1104.31,0.01,0.02,0.01,0.0,0.0,1104.31,0.0,100.0,0.0,0.0,0.0,0.0,0.0,0.0,0.0,0.0,0.0,0.0,0.0,0.0,0.0,0.0,0.0,0.0,0.0,0.0,0.0,1072.0,11838.17,0.01,0.0,0.0,1.0,100.0,0.0933,11.3
2006-11-20,100.0,1085.74,0.01,0.02,0.01,0.0,0.0,1085.74,0.0,100.0,0.0,0.0,0.0,0.0,0.0,0.0,0.0,0.0,0.0,0.0,0.0,0.0,0.0,0.0,0.0,0.0,0.0,0.0,0.0,1067.0,11584.83,0.01,0.0,0.0,1.0,100.0,0.0937,11.11
2006-11-21,100.0,1079.87,0.01,0.02,0.01,0.0,0.0,1079.87,0.0,100.0,0.0,0.0,0.0,0.0,0.0,0.0,0.0,0.0,0.0,0.0,0.0,0.0,0.0,0.0,0.0,0.0,0.0,0.0,0.0,1049.0,11327.89,0.01,0.0,0.0,1.0,100.0,0.0953,11.05
2006-11-22,100.0,1079.87,0.01,0.02,0.01,0.0,0.0,1079.87,0.0,100.0,0.0,0.0,0.0,0.0,0.0,0.0,0.0,0.0,0.0,0.0,0.0,0.0,0.0,0.0,0.0,0.0,0.0,0.0,0.0,1043.0,11263.1,0.01,0.0,0.0,1.0,100.0,0.0959,11.05
2006-11-23,100.0,1073.03,0.01,0.02,0.01,0.0,0.0,1073.03,0.0,100.0,0.0,0.0,0.0,0.0,0.0,0.0,0.0,0.0,0.0,0.0,0.0,0.0,0.0,0.0,0.0,0.0,0.0,0.0,0.0,1043.0,11191.75,0.01,0.0,0.0,1.0,100.0,0.0959,10.98
2006-11-24,100.0,1040.78,0.01,0.02,0.01,0.0,0.0,1040.78,0.0,100.0,0.0,0.0,0.0,0.0,0.0,0.0,0.0,0.0,0.0,0.0,0.0,0.0,0.0,0.0,0.0,0.0,0.0,0.0,0.0,1037.0,10792.93,0.01,0.0,0.0,1.0,100.0,0.0964,10.65
2006-11-27,100.0,1032.97,0.01,0.02,0.01,0.0,0.0,1032.97,0.0,100.0,0.0,0.0,0.0,0.0,0.0,0.0,0.0,0.0,0.0,0.0,0.0,0.0,0.0,0.0,0.0,0.0,0.0,0.0,0.0,1006.0,10391.64,0.01,0.0,0.0,1.0,100.0,0.0994,10.57
2006-11-28,100.0,1017.33,0.01,0.02,0.01,0.0,0.0,1017.33,0.0,100.0,0.0,0.0,0.0,0.0,0.0,0.0,0.0,0.0,0.0,0.0,0.0,0.0,0.0,0.0,0.0,0.0,0.0,0.0,0.0,998.0,10152.95,0.01,0.0,0.0,1.0,100.0,0.1002,10.41
2006-11-29,100.0,1045.67,0.01,0.02,0.01,0.0,0.0,1045.67,0.0,100.0,0.0,0.0,0.0,0.0,0.0,0.0,0.0,0.0,0.0,0.0,0.0,0.0,0.0,0.0,0.0,0.0,0.0,0.0,0.0,983.0,10278.94,0.01,0.0,0.0,1.0,100.0,0.1017,10.7
2006-11-30,100.0,1049.58,0.01,0.02,0.01,0.0,0.0,1049.58,0.0,100.0,0.0,0.0,0.0,0.0,0.0,0.0,0.0,0.0,0.0,0.0,0.0,0.0,0.0,0.0,0.0,0.0,0.0,0.0,0.0,1010.0,10600.76,0.01,0.0,0.0,1.0,100.0,0.099,10.74
2006-12-01,100.0,1023.19,0.01,0.02,0.01,0.0,0.0,1023.19,0.0,100.0,0.0,0.0,0.0,0.0,0.0,0.0,0.0,0.0,0.0,0.0,0.0,0.0,0.0,0.0,0.0,0.0,0.0,0.0,0.0,1014.0,10375.18,0.01,0.0,0.0,1.0,100.0,0.0986,10.47
2006-12-04,100.0,1026.13,0.01,0.02,0.01,0.0,0.0,1026.13,0.0,100.0,0.0,0.0,0.0,0.0,0.0,0.0,0.0,0.0,0.0,0.0,0.0,0.0,0.0,0.0,0.0,0.0,0.0,0.0,0.0,1014.0,10404.91,0.01,0.0,0.0,1.0,100.0,0.0986,10.5
2006-12-05,100.0,1052.51,0.01,0.02,0.01,0.0,0.0,1052.51,0.0,100.0,0.0,0.0,0.0,0.0,0.0,0.0,0.0,0.0,0.0,0.0,0.0,0.0,0.0,0.0,0.0,0.0,0.0,0.0,0.0,991.0,10430.39,0.01,0.0,0.0,1.0,100.0,0.1009,10.77
2006-12-06,100.0,1040.78,0.01,0.02,0.01,0.0,0.0,1040.78,0.0,100.0,0.0,0.0,0.0,0.0,0.0,0.0,0.0,0.0,0.0,0.0,0.0,0.0,0.0,0.0,0.0,0.0,0.0,0.0,0.0,1017.0,10584.78,0.01,0.0,0.0,1.0,100.0,0.0983,10.65
2006-12-07,100.0,1035.9,0.01,0.02,0.01,0.0,0.0,1035.9,0.0,100.0,0.0,0.0,0.0,0.0,0.0,0.0,0.0,0.0,0.0,0.0,0.0,0.0,0.0,0.0,0.0,0.0,0.0,0.0,0.0,1007.0,10431.49,0.01,0.0,0.0,1.0,100.0,0.0993,10.6
2006-12-08,0.0,0.0,0.0,0.0,0.0,0.0,0.0,0.0,0.0,0.0,0.0,0.0,0.0,0.0,0.0,0.0,0.0,0.0,0.0,0.0,0.0,0.0,0.0,0.0,100.0,0.0,0.0,0.0,0.0,0.0,0.0,0.01,0.0,0.0,0.0,0.0,0.0,10.8
2006-12-11,0.0,0.0,0.0,0.0,0.0,0.0,0.0,0.0,0.0,0.0,0.0,0.0,0.0,0.0,0.0,0.0,0.0,0.0,0.0,0.0,0.0,0.0,0.0,0.0,0.0,0.0,0.0,0.0,0.0,0.0,0.0,0.01,0.0,0.0,0.0,0.0,0.0,10.65
2006-12-12,0.0,0.0,0.0,0.0,0.0,0.0,0.0,0.0,0.0,0.0,0.0,0.0,0.0,0.0,0.0,0.0,0.0,0.0,0.0,0.0,0.0,0.0,0.0,0.0,0.0,0.0,0.0,0.0,0.0,0.0,0.0,0.01,0.0,0.0,0.0,0.0,0.0,10.5
2006-12-13,0.0,0.0,0.0,0.0,0.0,0.0,0.0,0.0,0.0,0.0,0.0,0.0,0.0,0.0,0.0,0.0,0.0,0.0,0.0,0.0,0.0,0.0,0.0,0.0,0.0,0.0,0.0,0.0,0.0,0.0,0.0,0.01,0.0,0.0,0.0,0.0,0.0,13.5
2006-12-14,0.0,0.0,0.0,0.0,0.0,0.0,0.0,0.0,0.0,0.0,0.0,0.0,0.0,0.0,0.0,0.0,0.0,0.0,0.0,0.0,0.0,0.0,0.0,0.0,0.0,0.0,0.0,0.0,0.0,0.0,0.0,0.01,0.0,0.0,0.0,0.0,0.0,15.2
2006-12-15,0.0,0.0,0.0,0.0,0.0,0.0,0.0,0.0,0.0,0.0,0.0,0.0,0.0,0.0,0.0,0.0,0.0,0.0,0.0,0.0,0.0,0.0,0.0,0.0,0.0,0.0,0.0,0.0,0.0,0.0,0.0,0.02,0.0,0.0,0.0,0.0,0.0,14.39
2006-12-18,0.0,0.0,0.0,0.0,0.0,0.0,0.0,0.0,0.0,0.0,0.0,0.0,0.0,0.0,0.0,0.0,0.0,0.0,0.0,0.0,0.0,0.0,0.0,0.0,0.0,0.0,0.0,0.0,0.0,0.0,0.0,0.02,0.0,0.0,0.0,0.0,0.0,13.62
2006-12-19,0.0,0.0,0.0,0.0,0.0,0.0,0.0,0.0,0.0,0.0,0.0,0.0,0.0,0.0,0.0,0.0,0.0,0.0,0.0,0.0,0.0,0.0,0.0,0.0,0.0,0.0,0.0,0.0,0.0,0.0,0.0,0.02,0.0,0.0,0.0,0.0,0.0,14.0
2006-12-20,0.0,0.0,0.0,0.0,0.0,0.0,0.0,0.0,0.0,0.0,0.0,0.0,0.0,0.0,0.0,0.0,0.0,0.0,0.0,0.0,0.0,0.0,0.0,0.0,0.0,0.0,0.0,0.0,0.0,0.0,0.0,0.02,0.0,0.0,0.0,0.0,0.0,14.18
2006-12-21,0.0,0.0,0.0,0.0,0.0,0.0,0.0,0.0,0.0,0.0,0.0,0.0,0.0,0.0,0.0,0.0,0.0,0.0,0.0,0.0,0.0,0.0,0.0,0.0,0.0,0.0,0.0,0.0,0.0,0.0,0.0,0.02,0.0,0.0,0.0,0.0,0.0,13.75
2006-12-22,0.0,0.0,0.0,0.0,0.0,0.0,0.0,0.0,0.0,0.0,0.0,0.0,0.0,0.0,0.0,0.0,0.0,0.0,0.0,0.0,0.0,0.0,0.0,0.0,0.0,0.0,0.0,0.0,0.0,0.0,0.0,0.02,0.0,0.0,0.0,0.0,0.0,13.87
2006-12-25,0.0,0.0,0.0,0.0,0.0,0.0,0.0,0.0,0.0,0.0,0.0,0.0,0.0,0.0,0.0,0.0,0.0,0.0,0.0,0.0,0.0,0.0,0.0,0.0,0.0,0.0,0.0,0.0,0.0,0.0,0.0,0.02,0.0,0.0,0.0,0.0,0.0,0.0
2006-12-26,0.0,0.0,0.0,0.0,0.0,0.0,0.0,0.0,0.0,0.0,0.0,0.0,0.0,0.0,0.0,0.0,0.0,0.0,0.0,0.0,0.0,0.0,0.0,0.0,0.0,0.0,0.0,0.0,0.0,0.0,0.0,0.02,0.0,0.0,0.0,0.0,0.0,0.0
2006-12-27,0.0,0.0,0.0,0.0,0.0,0.0,0.0,0.0,0.0,0.0,0.0,0.0,0.0,0.0,0.0,0.0,0.0,0.0,0.0,0.0,0.0,0.0,0.0,0.0,0.0,0.0,0.0,0.0,0.0,0.0,0.0,0.02,0.0,0.0,0.0,0.0,0.0,14.2
2006-12-28,0.0,0.0,0.0,0.0,0.0,0.0,0.0,0.0,0.0,0.0,0.0,0.0,0.0,0.0,0.0,0.0,0.0,0.0,0.0,0.0,0.0,0.0,0.0,0.0,0.0,0.0,0.0,0.0,0.0,0.0,0.0,0.02,0.0,0.0,0.0,0.0,0.0,14.5
2006-12-29,0.0,0.0,0.0,0.0,0.0,0.0,0.0,0.0,0.0,0.0,0.0,0.0,0.0,0.0,0.0,0.0,0.0,0.0,0.0,0.0,0.0,0.0,0.0,0.0,0.0,0.0,0.0,0.0,0.0,0.0,0.0,0.02,0.0,0.0,0.0,0.0,0.0,14.6
2007-01-01,0.0,0.0,0.0,0.0,0.0,0.0,0.0,0.0,0.0,0.0,0.0,0.0,0.0,0.0,0.0,0.0,0.0,0.0,0.0,0.0,0.0,0.0,0.0,0.0,0.0,0.0,0.0,0.0,0.0,0.0,0.0,0.02,0.0,0.0,0.0,0.0,0.0,0.0
2007-01-02,0.0,0.0,0.0,0.0,0.0,0.0,0.0,0.0,0.0,0.0,0.0,0.0,0.0,0.0,0.0,0.0,0.0,0.0,0.0,0.0,0.0,0.0,0.0,0.0,0.0,0.0,0.0,0.0,0.0,0.0,0.0,0.02,0.0,0.0,0.0,0.0,0.0,15.3
2007-01-03,0.0,0.0,0.0,0.0,0.0,0.0,0.0,0.0,0.0,0.0,0.0,0.0,0.0,0.0,0.0,0.0,0.0,0.0,0.0,0.0,0.0,0.0,0.0,0.0,0.0,0.0,0.0,0.0,0.0,0.0,0.0,0.02,0.0,0.0,0.0,0.0,0.0,15.8
2007-01-04,0.0,0.0,0.0,0.0,0.0,0.0,0.0,0.0,0.0,0.0,0.0,0.0,0.0,0.0,0.0,0.0,0.0,0.0,0.0,0.0,0.0,0.0,0.0,0.0,0.0,0.0,0.0,0.0,0.0,0.0,0.0,0.02,0.0,0.0,0.0,0.0,0.0,15.3
2007-01-05,0.0,0.0,0.0,0.0,0.0,0.0,0.0,0.0,0.0,0.0,0.0,0.0,0.0,0.0,0.0,0.0,0.0,0.0,0.0,0.0,0.0,0.0,0.0,0.0,0.0,0.0,0.0,0.0,0.0,0.0,0.0,0.02,0.0,0.0,0.0,0.0,0.0,15.55
2007-01-08,0.0,0.0,0.0,0.0,0.0,0.0,0.0,0.0,0.0,0.0,0.0,0.0,0.0,0.0,0.0,0.0,0.0,0.0,0.0,0.0,0.0,0.0,0.0,0.0,0.0,0.0,0.0,0.0,0.0,0.0,0.0,0.02,0.0,0.0,0.0,0.0,0.0,15.97
2007-01-09,0.0,0.0,0.0,0.0,0.0,0.0,0.0,0.0,0.0,0.0,0.0,0.0,0.0,0.0,0.0,0.0,0.0,0.0,0.0,0.0,0.0,0.0,0.0,0.0,0.0,0.0,0.0,0.0,0.0,0.0,0.0,0.02,0.0,0.0,0.0,0.0,0.0,15.8
2007-01-10,0.0,0.0,0.0,0.0,0.0,0.0,0.0,0.0,0.0,0.0,0.0,0.0,0.0,0.0,0.0,0.0,0.0,0.0,0.0,0.0,0.0,0.0,0.0,0.0,0.0,0.0,0.0,0.0,0.0,0.0,0.0,0.02,0.0,0.0,0.0,0.0,0.0,15.52
2007-01-11,0.0,0.0,0.0,0.0,0.0,0.0,0.0,0.0,0.0,0.0,0.0,0.0,0.0,0.0,0.0,0.0,0.0,0.0,0.0,0.0,0.0,0.0,0.0,0.0,0.0,0.0,0.0,0.0,0.0,0.0,0.0,0.02,0.0,0.0,0.0,0.0,0.0,14.81
2007-01-12,0.0,0.0,0.0,0.0,0.0,0.0,0.0,0.0,0.0,0.0,0.0,0.0,0.0,0.0,0.0,0.0,0.0,0.0,0.0,0.0,0.0,0.0,0.0,0.0,0.0,0.0,0.0,0.0,0.0,0.0,0.0,0.02,0.0,0.0,0.0,0.0,0.0,15.21
2007-01-15,0.0,0.0,0.0,0.0,0.0,0.0,0.0,0.0,0.0,0.0,0.0,0.0,0.0,0.0,0.0,0.0,0.0,0.0,0.0,0.0,0.0,0.0,0.0,0.0,0.0,0.0,0.0,0.0,0.0,0.0,0.0,0.02,0.0,0.0,0.0,0.0,0.0,15.3
2007-01-16,0.0,0.0,0.0,0.0,0.0,0.0,0.0,0.0,0.0,0.0,0.0,0.0,0.0,0.0,0.0,0.0,0.0,0.0,0.0,0.0,0.0,0.0,0.0,0.0,0.0,0.0,0.0,0.0,0.0,0.0,0.0,0.02,0.0,0.0,0.0,0.0,0.0,15.2
2007-01-17,0.0,0.0,0.0,0.0,0.0,0.0,0.0,0.0,0.0,0.0,0.0,0.0,0.0,0.0,0.0,0.0,0.0,0.0,0.0,0.0,0.0,0.0,0.0,0.0,0.0,0.0,0.0,0.0,0.0,0.0,0.0,0.02,0.0,0.0,0.0,0.0,0.0,14.93
2007-01-18,0.0,0.0,0.0,0.0,0.0,0.0,0.0,0.0,0.0,0.0,0.0,0.0,0.0,0.0,0.0,0.0,0.0,0.0,0.0,0.0,0.0,0.0,0.0,0.0,0.0,0.0,0.0,0.0,0.0,0.0,0.0,0.02,0.0,0.0,0.0,0.0,0.0,15.3
2007-01-19,0.0,0.0,0.0,0.0,0.0,0.0,0.0,0.0,0.0,0.0,0.0,0.0,0.0,0.0,0.0,0.0,0.0,0.0,0.0,0.0,0.0,0.0,0.0,0.0,0.0,0.0,0.0,0.0,0.0,0.0,0.0,0.02,0.0,0.0,0.0,0.0,0.0,15.85
2007-01-22,0.0,0.0,0.0,0.0,0.0,0.0,0.0,0.0,0.0,0.0,0.0,0.0,0.0,0.0,0.0,0.0,0.0,0.0,0.0,0.0,0.0,0.0,0.0,0.0,0.0,0.0,0.0,0.0,0.0,0.0,0.0,0.02,0.0,0.0,0.0,0.0,0.0,15.85
2007-01-23,0.0,0.0,0.0,0.0,0.0,0.0,0.0,0.0,0.0,0.0,0.0,0.0,0.0,0.0,0.0,0.0,0.0,0.0,0.0,0.0,0.0,0.0,0.0,0.0,0.0,0.0,0.0,0.0,0.0,0.0,0.0,0.02,0.0,0.0,0.0,0.0,0.0,15.84
2007-01-24,0.0,0.0,0.0,0.0,0.0,0.0,0.0,0.0,0.0,0.0,0.0,0.0,0.0,0.0,0.0,0.0,0.0,0.0,0.0,0.0,0.0,0.0,0.0,0.0,0.0,0.0,0.0,0.0,0.0,0.0,0.0,0.02,0.0,0.0,0.0,0.0,0.0,15.95
2007-01-25,0.0,0.0,0.0,0.0,0.0,0.0,0.0,0.0,0.0,0.0,0.0,0.0,0.0,0.0,0.0,0.0,0.0,0.0,0.0,0.0,0.0,0.0,0.0,0.0,0.0,0.0,0.0,0.0,0.0,0.0,0.0,0.02,0.0,0.0,0.0,0.0,0.0,15.55
2007-01-26,0.0,0.0,0.0,0.0,0.0,0.0,0.0,0.0,0.0,0.0,0.0,0.0,0.0,0.0,0.0,0.0,0.0,0.0,0.0,0.0,0.0,0.0,0.0,0.0,0.0,0.0,0.0,0.0,0.0,0.0,0.0,0.02,0.0,0.0,0.0,0.0,0.0,15.35
2007-01-29,0.0,0.0,0.0,0.0,0.0,0.0,0.0,0.0,0.0,0.0,0.0,0.0,0.0,0.0,0.0,0.0,0.0,0.0,0.0,0.0,0.0,0.0,0.0,0.0,0.0,0.0,0.0,0.0,0.0,0.0,0.0,0.02,0.0,0.0,0.0,0.0,0.0,15.27
2007-01-30,0.0,0.0,0.0,0.0,0.0,0.0,0.0,0.0,0.0,0.0,0.0,0.0,0.0,0.0,0.0,0.0,0.0,0.0,0.0,0.0,0.0,0.0,0.0,0.0,0.0,0.0,0.0,0.0,0.0,0.0,0.0,0.02,0.0,0.0,0.0,0.0,0.0,15.7
2007-01-31,0.0,0.0,0.0,0.0,0.0,0.0,0.0,0.0,0.0,0.0,0.0,0.0,0.0,0.0,0.0,0.0,0.0,0.0,0.0,0.0,0.0,0.0,0.0,0.0,0.0,0.0,0.0,0.0,0.0,0.0,0.0,0.02,0.0,0.0,0.0,0.0,0.0,15.48
2007-02-01,0.0,0.0,0.0,0.0,0.0,0.0,0.0,0.0,0.0,0.0,0.0,0.0,0.0,0.0,0.0,0.0,0.0,0.0,0.0,0.0,0.0,0.0,0.0,0.0,0.0,0.0,0.0,0.0,0.0,0.0,0.0,0.02,0.0,0.0,0.0,0.0,0.0,15.08
2007-02-02,0.0,0.0,0.0,0.0,0.0,0.0,0.0,0.0,0.0,0.0,0.0,0.0,0.0,0.0,0.0,0.0,0.0,0.0,0.0,0.0,0.0,0.0,0.0,0.0,0.0,0.0,0.0,0.0,0.0,0.0,0.0,0.02,0.0,0.0,0.0,0.0,0.0,15.74
2007-02-05,0.0,0.0,0.0,0.0,0.0,0.0,0.0,0.0,0.0,0.0,0.0,0.0,0.0,0.0,0.0,0.0,0.0,0.0,0.0,0.0,0.0,0.0,0.0,0.0,0.0,0.0,0.0,0.0,0.0,0.0,0.0,0.02,0.0,0.0,0.0,0.0,0.0,15.15
2007-02-06,0.0,0.0,0.0,0.0,0.0,0.0,0.0,0.0,0.0,0.0,0.0,0.0,0.0,0.0,0.0,0.0,0.0,0.0,0.0,0.0,0.0,0.0,0.0,0.0,0.0,0.0,0.0,0.0,0.0,0.0,0.0,0.02,0.0,0.0,0.0,0.0,0.0,15.15
2007-02-07,0.0,0.0,0.0,0.0,0.0,0.0,0.0,0.0,0.0,0.0,0.0,0.0,0.0,0.0,0.0,0.0,0.0,0.0,0.0,0.0,0.0,0.0,0.0,0.0,0.0,0.0,0.0,0.0,0.0,0.0,0.0,0.02,0.0,0.0,0.0,0.0,0.0,15.0
2007-02-08,0.0,0.0,0.0,0.0,0.0,0.0,0.0,0.0,0.0,0.0,0.0,0.0,0.0,0.0,0.0,0.0,0.0,0.0,0.0,0.0,0.0,0.0,0.0,0.0,0.0,0.0,0.0,0.0,0.0,0.0,0.0,0.02,0.0,0.0,0.0,0.0,0.0,15.87
2007-02-09,0.0,0.0,0.0,0.0,0.0,0.0,0.0,0.0,0.0,0.0,0.0,0.0,0.0,0.0,0.0,0.0,0.0,0.0,0.0,0.0,0.0,0.0,0.0,0.0,0.0,0.0,0.0,0.0,0.0,0.0,0.0,0.02,0.0,0.0,0.0,0.0,0.0,15.5
2007-02-12,0.0,0.0,0.0,0.0,0.0,0.0,0.0,0.0,0.0,0.0,0.0,0.0,0.0,0.0,0.0,0.0,0.0,0.0,0.0,0.0,0.0,0.0,0.0,0.0,0.0,0.0,0.0,0.0,0.0,0.0,0.0,0.02,0.0,0.0,0.0,0.0,0.0,15.8
2007-02-13,0.0,0.0,0.0,0.0,0.0,0.0,0.0,0.0,0.0,0.0,0.0,0.0,0.0,0.0,0.0,0.0,0.0,0.0,0.0,0.0,0.0,0.0,0.0,0.0,0.0,0.0,0.0,0.0,0.0,0.0,0.0,0.02,0.0,0.0,0.0,0.0,0.0,15.7
2007-02-14,0.0,0.0,0.0,0.0,0.0,0.0,0.0,0.0,0.0,0.0,0.0,0.0,0.0,0.0,0.0,0.0,0.0,0.0,0.0,0.0,0.0,0.0,0.0,0.0,0.0,0.0,0.0,0.0,0.0,0.0,0.0,0.02,0.0,0.0,0.0,0.0,0.0,15.74
2007-02-15,0.0,0.0,0.0,0.0,0.0,0.0,0.0,0.0,0.0,0.0,0.0,0.0,0.0,0.0,0.0,0.0,0.0,0.0,0.0,0.0,0.0,0.0,0.0,0.0,0.0,0.0,0.0,0.0,0.0,0.0,0.0,0.02,0.0,0.0,0.0,0.0,0.0,15.77
2007-02-16,0.0,0.0,0.0,0.0,0.0,0.0,0.0,0.0,0.0,0.0,0.0,0.0,0.0,0.0,0.0,0.0,0.0,0.0,0.0,0.0,0.0,0.0,0.0,0.0,0.0,0.0,0.0,0.0,0.0,0.0,0.0,0.02,0.0,0.0,0.0,0.0,0.0,15.8
2007-02-19,0.0,0.0,0.0,0.0,0.0,0.0,0.0,0.0,0.0,0.0,0.0,0.0,0.0,0.0,0.0,0.0,0.0,0.0,0.0,0.0,0.0,0.0,0.0,0.0,0.0,0.0,0.0,0.0,0.0,0.0,0.0,0.02,0.0,0.0,0.0,0.0,0.0,15.83
2007-02-20,0.0,0.0,0.0,0.0,0.0,0.0,0.0,0.0,0.0,0.0,0.0,0.0,0.0,0.0,0.0,0.0,0.0,0.0,0.0,0.0,0.0,0.0,0.0,0.0,0.0,0.0,0.0,0.0,0.0,0.0,0.0,0.02,0.0,0.0,0.0,0.0,0.0,15.69
2007-02-21,0.0,0.0,0.0,0.0,0.0,0.0,0.0,0.0,0.0,0.0,0.0,0.0,0.0,0.0,0.0,0.0,0.0,0.0,0.0,0.0,0.0,0.0,0.0,0.0,0.0,0.0,0.0,0.0,0.0,0.0,0.0,0.02,0.0,0.0,0.0,0.0,0.0,15.69
2007-02-22,0.0,0.0,0.0,0.0,0.0,0.0,0.0,0.0,0.0,0.0,0.0,0.0,0.0,0.0,0.0,0.0,0.0,0.0,0.0,0.0,0.0,0.0,0.0,0.0,0.0,0.0,0.0,0.0,0.0,0.0,0.0,0.02,0.0,0.0,0.0,0.0,0.0,15.69
2007-02-23,0.0,0.0,0.0,0.0,0.0,0.0,0.0,0.0,0.0,0.0,0.0,0.0,0.0,0.0,0.0,0.0,0.0,0.0,0.0,0.0,0.0,0.0,0.0,0.0,0.0,0.0,0.0,0.0,0.0,0.0,0.0,0.02,0.0,0.0,0.0,0.0,0.0,15.7
2007-02-26,0.0,0.0,0.0,0.0,0.0,0.0,0.0,0.0,0.0,0.0,0.0,0.0,0.0,0.0,0.0,0.0,0.0,0.0,0.0,0.0,0.0,0.0,0.0,0.0,0.0,0.0,0.0,0.0,0.0,0.0,0.0,0.02,0.0,0.0,0.0,0.0,0.0,15.5
2007-02-27,0.0,0.0,0.0,0.0,0.0,0.0,0.0,0.0,0.0,0.0,0.0,0.0,0.0,0.0,0.0,0.0,0.0,0.0,0.0,0.0,0.0,0.0,0.0,0.0,0.0,0.0,0.0,0.0,0.0,0.0,0.0,0.02,0.0,0.0,0.0,0.0,0.0,15.39
2007-02-28,0.0,0.0,0.0,0.0,0.0,0.0,0.0,0.0,0.0,0.0,0.0,0.0,0.0,0.0,0.0,0.0,0.0,0.0,0.0,0.0,0.0,0.0,0.0,0.0,0.0,0.0,0.0,0.0,0.0,0.0,0.0,0.02,0.0,0.0,0.0,0.0,0.0,14.8
2007-03-01,0.0,0.0,0.0,0.0,0.0,0.0,0.0,0.0,0.0,0.0,0.0,0.0,0.0,0.0,0.0,0.0,0.0,0.0,0.0,0.0,0.0,0.0,0.0,0.0,0.0,0.0,0.0,0.0,0.0,0.0,0.0,0.02,0.0,0.0,0.0,0.0,0.0,14.62
2007-03-02,0.0,0.0,0.0,0.0,0.0,0.0,0.0,0.0,0.0,0.0,0.0,0.0,0.0,0.0,0.0,0.0,0.0,0.0,0.0,0.0,0.0,0.0,0.0,0.0,0.0,0.0,0.0,0.0,0.0,0.0,0.0,0.02,0.0,0.0,0.0,0.0,0.0,15.0
2007-03-05,0.0,0.0,0.0,0.0,0.0,0.0,0.0,0.0,0.0,0.0,0.0,0.0,0.0,0.0,0.0,0.0,0.0,0.0,0.0,0.0,0.0,0.0,0.0,0.0,0.0,0.0,0.0,0.0,0.0,0.0,0.0,0.02,0.0,0.0,0.0,0.0,0.0,14.93
2007-03-06,0.0,0.0,0.0,0.0,0.0,0.0,0.0,0.0,0.0,0.0,0.0,0.0,0.0,0.0,0.0,0.0,0.0,0.0,0.0,0.0,0.0,0.0,0.0,0.0,0.0,0.0,0.0,0.0,0.0,0.0,0.0,0.02,0.0,0.0,0.0,0.0,0.0,15.1
2007-03-07,0.0,0.0,0.0,0.0,0.0,0.0,0.0,0.0,0.0,0.0,0.0,0.0,0.0,0.0,0.0,0.0,0.0,0.0,0.0,0.0,0.0,0.0,0.0,0.0,0.0,0.0,0.0,0.0,0.0,0.0,0.0,0.02,0.0,0.0,0.0,0.0,0.0,15.79
2007-03-08,0.0,0.0,0.0,0.0,0.0,0.0,0.0,0.0,0.0,0.0,0.0,0.0,0.0,0.0,0.0,0.0,0.0,0.0,0.0,0.0,0.0,0.0,0.0,0.0,0.0,0.0,0.0,0.0,0.0,0.0,0.0,0.02,0.0,0.0,0.0,0.0,0.0,15.7
2007-03-09,0.0,0.0,0.0,0.0,0.0,0.0,0.0,0.0,0.0,0.0,0.0,0.0,0.0,0.0,0.0,0.0,0.0,0.0,0.0,0.0,0.0,0.0,0.0,0.0,0.0,0.0,0.0,0.0,0.0,0.0,0.0,0.02,0.0,0.0,0.0,0.0,0.0,15.74
2007-03-12,0.0,0.0,0.0,0.0,0.0,0.0,0.0,0.0,0.0,0.0,0.0,0.0,0.0,0.0,0.0,0.0,0.0,0.0,0.0,0.0,0.0,0.0,0.0,0.0,0.0,0.0,0.0,0.0,0.0,0.0,0.0,0.02,0.0,0.0,0.0,0.0,0.0,15.51
2007-03-13,0.0,0.0,0.0,0.0,0.0,0.0,0.0,0.0,0.0,0.0,0.0,0.0,0.0,0.0,0.0,0.0,0.0,0.0,0.0,0.0,0.0,0.0,0.0,0.0,0.0,0.0,0.0,0.0,0.0,0.0,0.0,0.02,0.0,0.0,0.0,0.0,0.0,15.84
2007-03-14,0.0,0.0,0.0,0.0,0.0,0.0,0.0,0.0,0.0,0.0,0.0,0.0,0.0,0.0,0.0,0.0,0.0,0.0,0.0,0.0,0.0,0.0,0.0,0.0,0.0,0.0,0.0,0.0,0.0,0.0,0.0,0.02,0.0,0.0,0.0,0.0,0.0,15.74
2007-03-15,0.0,0.0,0.0,0.0,0.0,0.0,0.0,0.0,0.0,0.0,0.0,0.0,0.0,0.0,0.0,0.0,0.0,0.0,0.0,0.0,0.0,0.0,0.0,0.0,0.0,0.0,0.0,0.0,0.0,0.0,0.0,0.02,0.0,0.0,0.0,0.0,0.0,15.77
2007-03-16,0.0,0.0,0.0,0.0,0.0,0.0,0.0,0.0,0.0,0.0,0.0,0.0,0.0,0.0,0.0,0.0,0.0,0.0,0.0,0.0,0.0,0.0,0.0,0.0,0.0,0.0,0.0,0.0,0.0,0.0,0.0,0.02,0.0,0.0,0.0,0.0,0.0,15.5
2007-03-19,0.0,0.0,0.0,0.0,0.0,0.0,0.0,0.0,0.0,0.0,0.0,0.0,0.0,0.0,0.0,0.0,0.0,0.0,0.0,0.0,0.0,0.0,0.0,0.0,0.0,0.0,0.0,0.0,0.0,0.0,0.0,0.02,0.0,0.0,0.0,0.0,0.0,15.4
2007-03-20,0.0,0.0,0.0,0.0,0.0,0.0,0.0,0.0,0.0,0.0,0.0,0.0,0.0,0.0,0.0,0.0,0.0,0.0,0.0,0.0,0.0,0.0,0.0,0.0,0.0,0.0,0.0,0.0,0.0,0.0,0.0,0.02,0.0,0.0,0.0,0.0,0.0,15.1
2007-03-21,0.0,0.0,0.0,0.0,0.0,0.0,0.0,0.0,0.0,0.0,0.0,0.0,0.0,0.0,0.0,0.0,0.0,0.0,0.0,0.0,0.0,0.0,0.0,0.0,0.0,0.0,0.0,0.0,0.0,0.0,0.0,0.02,0.0,0.0,0.0,0.0,0.0,15.12
2007-03-22,0.0,0.0,0.0,0.0,0.0,0.0,0.0,0.0,0.0,0.0,0.0,0.0,0.0,0.0,0.0,0.0,0.0,0.0,0.0,0.0,0.0,0.0,0.0,0.0,0.0,0.0,0.0,0.0,0.0,0.0,0.0,0.02,0.0,0.0,0.0,0.0,0.0,15.38
2007-03-23,0.0,0.0,0.0,0.0,0.0,0.0,0.0,0.0,0.0,0.0,0.0,0.0,0.0,0.0,0.0,0.0,0.0,0.0,0.0,0.0,0.0,0.0,0.0,0.0,0.0,0.0,0.0,0.0,0.0,0.0,0.0,0.02,0.0,0.0,0.0,0.0,0.0,15.48
2007-03-26,0.0,0.0,0.0,0.0,0.0,0.0,0.0,0.0,0.0,0.0,0.0,0.0,0.0,0.0,0.0,0.0,0.0,0.0,0.0,0.0,0.0,0.0,0.0,0.0,0.0,0.0,0.0,0.0,0.0,0.0,0.0,0.02,0.0,0.0,0.0,0.0,0.0,15.49
2007-03-27,0.0,0.0,0.0,0.0,0.0,0.0,0.0,0.0,0.0,0.0,0.0,0.0,0.0,0.0,0.0,0.0,0.0,0.0,0.0,0.0,0.0,0.0,0.0,0.0,0.0,0.0,0.0,0.0,0.0,0.0,0.0,0.02,0.0,0.0,0.0,0.0,0.0,15.3
2007-03-28,0.0,0.0,0.0,0.0,0.0,0.0,0.0,0.0,0.0,0.0,0.0,0.0,0.0,0.0,0.0,0.0,0.0,0.0,0.0,0.0,0.0,0.0,0.0,0.0,0.0,0.0,0.0,0.0,0.0,0.0,0.0,0.02,0.0,0.0,0.0,0.0,0.0,15.27
2007-03-29,0.0,0.0,0.0,0.0,0.0,0.0,0.0,0.0,0.0,0.0,0.0,0.0,0.0,0.0,0.0,0.0,0.0,0.0,0.0,0.0,0.0,0.0,0.0,0.0,0.0,0.0,0.0,0.0,0.0,0.0,0.0,0.02,0.0,0.0,0.0,0.0,0.0,15.55
2007-03-30,0.0,0.0,0.0,0.0,0.0,0.0,0.0,0.0,0.0,0.0,0.0,0.0,0.0,0.0,0.0,0.0,0.0,0.0,0.0,0.0,0.0,0.0,0.0,0.0,0.0,0.0,0.0,0.0,0.0,0.0,0.0,0.02,0.0,0.0,0.0,0.0,0.0,16.7
2007-04-02,0.0,0.0,0.0,0.0,0.0,0.0,0.0,0.0,0.0,0.0,0.0,0.0,0.0,0.0,0.0,0.0,0.0,0.0,0.0,0.0,0.0,0.0,0.0,0.0,0.0,0.0,0.0,0.0,0.0,0.0,0.0,0.02,0.0,0.0,0.0,0.0,0.0,16.59
2007-04-03,0.0,0.0,0.0,0.0,0.0,0.0,0.0,0.0,0.0,0.0,0.0,0.0,0.0,0.0,0.0,0.0,0.0,0.0,0.0,0.0,0.0,0.0,0.0,0.0,0.0,0.0,0.0,0.0,0.0,0.0,0.0,0.02,0.0,0.0,0.0,0.0,0.0,16.5
2007-04-04,0.0,0.0,0.0,0.0,0.0,0.0,0.0,0.0,0.0,0.0,0.0,0.0,0.0,0.0,0.0,0.0,0.0,0.0,0.0,0.0,0.0,0.0,0.0,0.0,0.0,0.0,0.0,0.0,0.0,0.0,0.0,0.02,0.0,0.0,0.0,0.0,0.0,16.16
2007-04-05,0.0,0.0,0.0,0.0,0.0,0.0,0.0,0.0,0.0,0.0,0.0,0.0,0.0,0.0,0.0,0.0,0.0,0.0,0.0,0.0,0.0,0.0,0.0,0.0,0.0,0.0,0.0,0.0,0.0,0.0,0.0,0.02,0.0,0.0,0.0,0.0,0.0,16.05
2007-04-06,0.0,0.0,0.0,0.0,0.0,0.0,0.0,0.0,0.0,0.0,0.0,0.0,0.0,0.0,0.0,0.0,0.0,0.0,0.0,0.0,0.0,0.0,0.0,0.0,0.0,0.0,0.0,0.0,0.0,0.0,0.0,0.02,0.0,0.0,0.0,0.0,0.0,0.0
2007-04-09,0.0,0.0,0.0,0.0,0.0,0.0,0.0,0.0,0.0,0.0,0.0,0.0,0.0,0.0,0.0,0.0,0.0,0.0,0.0,0.0,0.0,0.0,0.0,0.0,0.0,0.0,0.0,0.0,0.0,0.0,0.0,0.02,0.0,0.0,0.0,0.0,0.0,0.0
2007-04-10,0.0,0.0,0.0,0.0,0.0,0.0,0.0,0.0,0.0,0.0,0.0,0.0,0.0,0.0,0.0,0.0,0.0,0.0,0.0,0.0,0.0,0.0,0.0,0.0,0.0,0.0,0.0,0.0,0.0,0.0,0.0,0.02,0.0,0.0,0.0,0.0,0.0,16.15
2007-04-11,0.0,0.0,0.0,0.0,0.0,0.0,0.0,0.0,0.0,0.0,0.0,0.0,0.0,0.0,0.0,0.0,0.0,0.0,0.0,0.0,0.0,0.0,0.0,0.0,0.0,0.0,0.0,0.0,0.0,0.0,0.0,0.02,0.0,0.0,0.0,0.0,0.0,16.2
2007-04-12,0.0,0.0,0.0,0.0,0.0,0.0,0.0,0.0,0.0,0.0,0.0,0.0,0.0,0.0,0.0,0.0,0.0,0.0,0.0,0.0,0.0,0.0,0.0,0.0,0.0,0.0,0.0,0.0,0.0,0.0,0.0,0.02,0.0,0.0,0.0,0.0,0.0,16.09
2007-04-13,0.0,0.0,0.0,0.0,0.0,0.0,0.0,0.0,0.0,0.0,0.0,0.0,0.0,0.0,0.0,0.0,0.0,0.0,0.0,0.0,0.0,0.0,0.0,0.0,0.0,0.0,0.0,0.0,0.0,0.0,0.0,0.02,0.0,0.0,0.0,0.0,0.0,15.89
2007-04-16,0.0,0.0,0.0,0.0,0.0,0.0,0.0,0.0,0.0,0.0,0.0,0.0,0.0,0.0,0.0,0.0,0.0,0.0,0.0,0.0,0.0,0.0,0.0,0.0,0.0,0.0,0.0,0.0,0.0,0.0,0.0,0.02,0.0,0.0,0.0,0.0,0.0,15.94
2007-04-17,0.0,0.0,0.0,0.0,0.0,0.0,0.0,0.0,0.0,0.0,0.0,0.0,0.0,0.0,0.0,0.0,0.0,0.0,0.0,0.0,0.0,0.0,0.0,0.0,0.0,0.0,0.0,0.0,0.0,0.0,0.0,0.02,0.0,0.0,0.0,0.0,0.0,16.0
2007-04-18,0.0,0.0,0.0,0.0,0.0,0.0,0.0,0.0,0.0,0.0,0.0,0.0,0.0,0.0,0.0,0.0,0.0,0.0,0.0,0.0,0.0,0.0,0.0,0.0,0.0,0.0,0.0,0.0,0.0,0.0,0.0,0.02,0.0,0.0,0.0,0.0,0.0,16.34
2007-04-19,0.0,0.0,0.0,0.0,0.0,0.0,0.0,0.0,0.0,0.0,0.0,0.0,0.0,0.0,0.0,0.0,0.0,0.0,0.0,0.0,0.0,0.0,0.0,0.0,0.0,0.0,0.0,0.0,0.0,0.0,0.0,0.02,0.0,0.0,0.0,0.0,0.0,15.85
2007-04-20,0.0,0.0,0.0,0.0,0.0,0.0,0.0,0.0,0.0,0.0,0.0,0.0,0.0,0.0,0.0,0.0,0.0,0.0,0.0,0.0,0.0,0.0,0.0,0.0,0.0,0.0,0.0,0.0,0.0,0.0,0.0,0.02,0.0,0.0,0.0,0.0,0.0,16.0
2007-04-23,0.0,0.0,0.0,0.0,0.0,0.0,0.0,0.0,0.0,0.0,0.0,0.0,0.0,0.0,0.0,0.0,0.0,0.0,0.0,0.0,0.0,0.0,0.0,0.0,0.0,0.0,0.0,0.0,0.0,0.0,0.0,0.02,0.0,0.0,0.0,0.0,0.0,16.42
2007-04-24,0.0,0.0,0.0,0.0,0.0,0.0,0.0,0.0,0.0,0.0,0.0,0.0,0.0,0.0,0.0,0.0,0.0,0.0,0.0,0.0,0.0,0.0,0.0,0.0,0.0,0.0,0.0,0.0,0.0,0.0,0.0,0.02,0.0,0.0,0.0,0.0,0.0,15.8
2007-04-25,0.0,0.0,0.0,0.0,0.0,0.0,0.0,0.0,0.0,0.0,0.0,0.0,0.0,0.0,0.0,0.0,0.0,0.0,0.0,0.0,0.0,0.0,0.0,0.0,0.0,0.0,0.0,0.0,0.0,0.0,0.0,0.02,0.0,0.0,0.0,0.0,0.0,15.6
2007-04-26,0.0,0.0,0.0,0.0,0.0,0.0,0.0,0.0,0.0,0.0,0.0,0.0,0.0,0.0,0.0,0.0,0.0,0.0,0.0,0.0,0.0,0.0,0.0,0.0,0.0,0.0,0.0,0.0,0.0,0.0,0.0,0.02,0.0,0.0,0.0,0.0,0.0,16.0
2007-04-27,0.0,0.0,0.0,0.0,0.0,0.0,0.0,0.0,0.0,0.0,0.0,0.0,0.0,0.0,0.0,0.0,0.0,0.0,0.0,0.0,0.0,0.0,0.0,0.0,0.0,0.0,0.0,0.0,0.0,0.0,0.0,0.02,0.0,0.0,0.0,0.0,0.0,15.65
2007-04-30,0.0,0.0,0.0,0.0,0.0,0.0,0.0,0.0,0.0,0.0,0.0,0.0,0.0,0.0,0.0,0.0,0.0,0.0,0.0,0.0,0.0,0.0,0.0,0.0,0.0,0.0,0.0,0.0,0.0,0.0,0.0,0.02,0.0,0.0,0.0,0.0,0.0,16.0
2007-05-01,0.0,0.0,0.0,0.0,0.0,0.0,0.0,0.0,0.0,0.0,0.0,0.0,0.0,0.0,0.0,0.0,0.0,0.0,0.0,0.0,0.0,0.0,0.0,0.0,0.0,0.0,0.0,0.0,0.0,0.0,0.0,0.02,0.0,0.0,0.0,0.0,0.0,0.0
2007-05-02,0.0,0.0,0.0,0.0,0.0,0.0,0.0,0.0,0.0,0.0,0.0,0.0,0.0,0.0,0.0,0.0,0.0,0.0,0.0,0.0,0.0,0.0,0.0,0.0,0.0,0.0,0.0,0.0,0.0,0.0,0.0,0.02,0.0,0.0,0.0,0.0,0.0,15.61
2007-05-03,0.0,0.0,0.0,0.0,0.0,0.0,0.0,0.0,0.0,0.0,0.0,0.0,0.0,0.0,0.0,0.0,0.0,0.0,0.0,0.0,0.0,0.0,0.0,0.0,0.0,0.0,0.0,0.0,0.0,0.0,0.0,0.02,0.0,0.0,0.0,0.0,0.0,15.65
2007-05-04,0.0,0.0,0.0,0.0,0.0,0.0,0.0,0.0,0.0,0.0,0.0,0.0,0.0,0.0,0.0,0.0,0.0,0.0,0.0,0.0,0.0,0.0,0.0,0.0,0.0,0.0,0.0,0.0,0.0,0.0,0.0,0.02,0.0,0.0,0.0,0.0,0.0,16.32
2007-05-07,0.0,0.0,0.0,0.0,0.0,0.0,0.0,0.0,0.0,0.0,0.0,0.0,0.0,0.0,0.0,0.0,0.0,0.0,0.0,0.0,0.0,0.0,0.0,0.0,0.0,0.0,0.0,0.0,0.0,0.0,0.0,0.02,0.0,0.0,0.0,0.0,0.0,16.28
2007-05-08,0.0,0.0,0.0,0.0,0.0,0.0,0.0,0.0,0.0,0.0,0.0,0.0,0.0,0.0,0.0,0.0,0.0,0.0,0.0,0.0,0.0,0.0,0.0,0.0,0.0,0.0,0.0,0.0,0.0,0.0,0.0,0.02,0.0,0.0,0.0,0.0,0.0,16.19
2007-05-09,0.0,0.0,0.0,0.0,0.0,0.0,0.0,0.0,0.0,0.0,0.0,0.0,0.0,0.0,0.0,0.0,0.0,0.0,0.0,0.0,0.0,0.0,0.0,0.0,0.0,0.0,0.0,0.0,0.0,0.0,0.0,0.02,0.0,0.0,0.0,0.0,0.0,16.28
2007-05-10,0.0,0.0,0.0,0.0,0.0,0.0,0.0,0.0,0.0,0.0,0.0,0.0,0.0,0.0,0.0,0.0,0.0,0.0,0.0,0.0,0.0,0.0,0.0,0.0,0.0,0.0,0.0,0.0,0.0,0.0,0.0,0.02,0.0,0.0,0.0,0.0,0.0,15.62
2007-05-11,0.0,0.0,0.0,0.0,0.0,0.0,0.0,0.0,0.0,0.0,0.0,0.0,0.0,0.0,0.0,0.0,0.0,0.0,0.0,0.0,0.0,0.0,0.0,0.0,0.0,0.0,0.0,0.0,0.0,0.0,0.0,0.02,0.0,0.0,0.0,0.0,0.0,15.8
2007-05-14,0.0,0.0,0.0,0.0,0.0,0.0,0.0,0.0,0.0,0.0,0.0,0.0,0.0,0.0,0.0,0.0,0.0,0.0,0.0,0.0,0.0,0.0,0.0,0.0,0.0,0.0,0.0,0.0,0.0,0.0,0.0,0.02,0.0,0.0,0.0,0.0,0.0,16.07
2007-05-15,0.0,0.0,0.0,0.0,0.0,0.0,0.0,0.0,0.0,0.0,0.0,0.0,0.0,0.0,0.0,0.0,0.0,0.0,0.0,0.0,0.0,0.0,0.0,0.0,0.0,0.0,0.0,0.0,0.0,0.0,0.0,0.02,0.0,0.0,0.0,0.0,0.0,15.99
2007-05-16,0.0,0.0,0.0,0.0,0.0,0.0,0.0,0.0,0.0,0.0,0.0,0.0,0.0,0.0,0.0,0.0,0.0,0.0,0.0,0.0,0.0,0.0,0.0,0.0,0.0,0.0,0.0,0.0,0.0,0.0,0.0,0.02,0.0,0.0,0.0,0.0,0.0,15.72
2007-05-17,0.0,0.0,0.0,0.0,0.0,0.0,0.0,0.0,0.0,0.0,0.0,0.0,0.0,0.0,0.0,0.0,0.0,0.0,0.0,0.0,0.0,0.0,0.0,0.0,0.0,0.0,0.0,0.0,0.0,0.0,0.0,0.02,0.0,0.0,0.0,0.0,0.0,15.7
2007-05-18,0.0,0.0,0.0,0.0,0.0,0.0,0.0,0.0,0.0,0.0,0.0,0.0,0.0,0.0,0.0,0.0,0.0,0.0,0.0,0.0,0.0,0.0,0.0,0.0,0.0,0.0,0.0,0.0,0.0,0.0,0.0,0.02,0.0,0.0,0.0,0.0,0.0,16.05
2007-05-21,0.0,0.0,0.0,0.0,0.0,0.0,0.0,0.0,0.0,0.0,0.0,0.0,0.0,0.0,0.0,0.0,0.0,0.0,0.0,0.0,0.0,0.0,0.0,0.0,0.0,0.0,0.0,0.0,0.0,0.0,0.0,0.02,0.0,0.0,0.0,0.0,0.0,15.5
2007-05-22,0.0,0.0,0.0,0.0,0.0,0.0,0.0,0.0,0.0,0.0,0.0,0.0,0.0,0.0,0.0,0.0,0.0,0.0,0.0,0.0,0.0,0.0,0.0,0.0,0.0,0.0,0.0,0.0,0.0,0.0,0.0,0.02,0.0,0.0,0.0,0.0,0.0,15.45
2007-05-23,0.0,0.0,0.0,0.0,0.0,0.0,0.0,0.0,0.0,0.0,0.0,0.0,0.0,0.0,0.0,0.0,0.0,0.0,0.0,0.0,0.0,0.0,0.0,0.0,0.0,0.0,0.0,0.0,0.0,0.0,0.0,0.02,0.0,0.0,0.0,0.0,0.0,15.95
2007-05-24,0.0,0.0,0.0,0.0,0.0,0.0,0.0,0.0,0.0,0.0,0.0,0.0,0.0,0.0,0.0,0.0,0.0,0.0,0.0,0.0,0.0,0.0,0.0,0.0,0.0,0.0,0.0,0.0,0.0,0.0,0.0,0.02,0.0,0.0,0.0,0.0,0.0,15.95
2007-05-25,0.0,0.0,0.0,0.0,0.0,0.0,0.0,0.0,0.0,0.0,0.0,0.0,0.0,0.0,0.0,0.0,0.0,0.0,0.0,0.0,0.0,0.0,0.0,0.0,0.0,0.0,0.0,0.0,0.0,0.0,0.0,0.02,0.0,0.0,0.0,0.0,0.0,15.51
2007-05-28,0.0,0.0,0.0,0.0,0.0,0.0,0.0,0.0,0.0,0.0,0.0,0.0,0.0,0.0,0.0,0.0,0.0,0.0,0.0,0.0,0.0,0.0,0.0,0.0,0.0,0.0,0.0,0.0,0.0,0.0,0.0,0.02,0.0,0.0,0.0,0.0,0.0,15.98
2007-05-29,0.0,0.0,0.0,0.0,0.0,0.0,0.0,0.0,0.0,0.0,0.0,0.0,0.0,0.0,0.0,0.0,0.0,0.0,0.0,0.0,0.0,0.0,0.0,0.0,0.0,0.0,0.0,0.0,0.0,0.0,0.0,0.02,0.0,0.0,0.0,0.0,0.0,16.25
2007-05-30,0.0,0.0,0.0,0.0,0.0,0.0,0.0,0.0,0.0,0.0,0.0,0.0,0.0,0.0,0.0,0.0,0.0,0.0,0.0,0.0,0.0,0.0,0.0,0.0,0.0,0.0,0.0,0.0,0.0,0.0,0.0,0.02,0.0,0.0,0.0,0.0,0.0,15.89
2007-05-31,0.0,0.0,0.0,0.0,0.0,0.0,0.0,0.0,0.0,0.0,0.0,0.0,0.0,0.0,0.0,0.0,0.0,0.0,0.0,0.0,0.0,0.0,0.0,0.0,0.0,0.0,0.0,0.0,0.0,0.0,0.0,0.02,0.0,0.0,0.0,0.0,0.0,16.2
2007-06-01,0.0,0.0,0.0,0.0,0.0,0.0,0.0,0.0,0.0,0.0,0.0,0.0,0.0,0.0,0.0,0.0,0.0,0.0,0.0,0.0,0.0,0.0,0.0,0.0,0.0,0.0,0.0,0.0,0.0,0.0,0.0,0.02,0.0,0.0,0.0,0.0,0.0,16.17
2007-06-04,0.0,0.0,0.0,0.0,0.0,0.0,0.0,0.0,0.0,0.0,0.0,0.0,0.0,0.0,0.0,0.0,0.0,0.0,0.0,0.0,0.0,0.0,0.0,0.0,0.0,0.0,0.0,0.0,0.0,0.0,0.0,0.02,0.0,0.0,0.0,0.0,0.0,16.2
2007-06-05,0.0,0.0,0.0,0.0,0.0,0.0,0.0,0.0,0.0,0.0,0.0,0.0,0.0,0.0,0.0,0.0,0.0,0.0,0.0,0.0,0.0,0.0,0.0,0.0,0.0,0.0,0.0,0.0,0.0,0.0,0.0,0.02,0.0,0.0,0.0,0.0,0.0,16.3
2007-06-06,0.0,0.0,0.0,0.0,0.0,0.0,0.0,0.0,0.0,0.0,0.0,0.0,0.0,0.0,0.0,0.0,0.0,0.0,0.0,0.0,0.0,0.0,0.0,0.0,0.0,0.0,0.0,0.0,0.0,0.0,0.0,0.02,0.0,0.0,0.0,0.0,0.0,16.2
2007-06-07,0.0,0.0,0.0,0.0,0.0,0.0,0.0,0.0,0.0,0.0,0.0,0.0,0.0,0.0,0.0,0.0,0.0,0.0,0.0,0.0,0.0,0.0,0.0,0.0,0.0,0.0,0.0,0.0,0.0,0.0,0.0,0.02,0.0,0.0,0.0,0.0,0.0,16.2
2007-06-08,0.0,0.0,0.0,0.0,0.0,0.0,0.0,0.0,0.0,0.0,0.0,0.0,0.0,0.0,0.0,0.0,0.0,0.0,0.0,0.0,0.0,0.0,0.0,0.0,0.0,0.0,0.0,0.0,0.0,0.0,0.0,0.02,0.0,0.0,0.0,0.0,0.0,16.16
2007-06-11,0.0,0.0,0.0,0.0,0.0,0.0,0.0,0.0,0.0,0.0,0.0,0.0,0.0,0.0,0.0,0.0,0.0,0.0,0.0,0.0,0.0,0.0,0.0,0.0,0.0,0.0,0.0,0.0,0.0,0.0,0.0,0.02,0.0,0.0,0.0,0.0,0.0,16.19
2007-06-12,0.0,0.0,0.0,0.0,0.0,0.0,0.0,0.0,0.0,0.0,0.0,0.0,0.0,0.0,0.0,0.0,0.0,0.0,0.0,0.0,0.0,0.0,0.0,0.0,0.0,0.0,0.0,0.0,0.0,0.0,0.0,0.02,0.0,0.0,0.0,0.0,0.0,16.15
2007-06-13,0.0,0.0,0.0,0.0,0.0,0.0,0.0,0.0,0.0,0.0,0.0,0.0,0.0,0.0,0.0,0.0,0.0,0.0,0.0,0.0,0.0,0.0,0.0,0.0,0.0,0.0,0.0,0.0,0.0,0.0,0.0,0.02,0.0,0.0,0.0,0.0,0.0,15.53
2007-06-14,0.0,0.0,0.0,0.0,0.0,0.0,0.0,0.0,0.0,0.0,0.0,0.0,0.0,0.0,0.0,0.0,0.0,0.0,0.0,0.0,0.0,0.0,0.0,0.0,0.0,0.0,0.0,0.0,0.0,0.0,0.0,0.02,0.0,0.0,0.0,0.0,0.0,15.96
2007-06-15,0.0,0.0,0.0,0.0,0.0,0.0,0.0,0.0,0.0,0.0,0.0,0.0,0.0,0.0,0.0,0.0,0.0,0.0,0.0,0.0,0.0,0.0,0.0,0.0,0.0,0.0,0.0,0.0,0.0,0.0,0.0,0.02,0.0,0.0,0.0,0.0,0.0,15.75
2007-06-18,0.0,0.0,0.0,0.0,0.0,0.0,0.0,0.0,0.0,0.0,0.0,0.0,0.0,0.0,0.0,0.0,0.0,0.0,0.0,0.0,0.0,0.0,0.0,0.0,0.0,0.0,0.0,0.0,0.0,0.0,0.0,0.02,0.0,0.0,0.0,0.0,0.0,15.71
2007-06-19,0.0,0.0,0.0,0.0,0.0,0.0,0.0,0.0,0.0,0.0,0.0,0.0,0.0,0.0,0.0,0.0,0.0,0.0,0.0,0.0,0.0,0.0,0.0,0.0,0.0,0.0,0.0,0.0,0.0,0.0,0.0,0.02,0.0,0.0,0.0,0.0,0.0,15.6
2007-06-20,0.0,0.0,0.0,0.0,0.0,0.0,0.0,0.0,0.0,0.0,0.0,0.0,0.0,0.0,0.0,0.0,0.0,0.0,0.0,0.0,0.0,0.0,0.0,0.0,0.0,0.0,0.0,0.0,0.0,0.0,0.0,0.02,0.0,0.0,0.0,0.0,0.0,15.56
2007-06-21,0.0,0.0,0.0,0.0,0.0,0.0,0.0,0.0,0.0,0.0,0.0,0.0,0.0,0.0,0.0,0.0,0.0,0.0,0.0,0.0,0.0,0.0,0.0,0.0,0.0,0.0,0.0,0.0,0.0,0.0,0.0,0.02,0.0,0.0,0.0,0.0,0.0,15.7
2007-06-22,0.0,0.0,0.0,0.0,0.0,0.0,0.0,0.0,0.0,0.0,0.0,0.0,0.0,0.0,0.0,0.0,0.0,0.0,0.0,0.0,0.0,0.0,0.0,0.0,0.0,0.0,0.0,0.0,0.0,0.0,0.0,0.02,0.0,0.0,0.0,0.0,0.0,15.53
2007-06-25,0.0,0.0,0.0,0.0,0.0,0.0,0.0,0.0,0.0,0.0,0.0,0.0,0.0,0.0,0.0,0.0,0.0,0.0,0.0,0.0,0.0,0.0,0.0,0.0,0.0,0.0,0.0,0.0,0.0,0.0,0.0,0.02,0.0,0.0,0.0,0.0,0.0,15.35
2007-06-26,0.0,0.0,0.0,0.0,0.0,0.0,0.0,0.0,0.0,0.0,0.0,0.0,0.0,0.0,0.0,0.0,0.0,0.0,0.0,0.0,0.0,0.0,0.0,0.0,0.0,0.0,0.0,0.0,0.0,0.0,0.0,0.02,0.0,0.0,0.0,0.0,0.0,15.2
2007-06-27,0.0,0.0,0.0,0.0,0.0,0.0,0.0,0.0,0.0,0.0,0.0,0.0,0.0,0.0,0.0,0.0,0.0,0.0,0.0,0.0,0.0,0.0,0.0,0.0,0.0,0.0,0.0,0.0,0.0,0.0,0.0,0.02,0.0,0.0,0.0,0.0,0.0,15.09
2007-06-28,0.0,0.0,0.0,0.0,0.0,0.0,0.0,0.0,0.0,0.0,0.0,0.0,0.0,0.0,0.0,0.0,0.0,0.0,0.0,0.0,0.0,0.0,0.0,0.0,0.0,0.0,0.0,0.0,0.0,0.0,0.0,0.02,0.0,0.0,0.0,0.0,0.0,14.92
2007-06-29,0.0,0.0,0.0,0.0,0.0,0.0,0.0,0.0,0.0,0.0,0.0,0.0,0.0,0.0,0.0,0.0,0.0,0.0,0.0,0.0,0.0,0.0,0.0,0.0,0.0,0.0,0.0,0.0,0.0,0.0,0.0,0.02,0.0,0.0,0.0,0.0,0.0,14.97
2007-07-02,0.0,0.0,0.0,0.0,0.0,0.0,0.0,0.0,0.0,0.0,0.0,0.0,0.0,0.0,0.0,0.0,0.0,0.0,0.0,0.0,0.0,0.0,0.0,0.0,0.0,0.0,0.0,0.0,0.0,0.0,0.0,0.02,0.0,0.0,0.0,0.0,0.0,15.0
2007-07-03,0.0,0.0,0.0,0.0,0.0,0.0,0.0,0.0,0.0,0.0,0.0,0.0,0.0,0.0,0.0,0.0,0.0,0.0,0.0,0.0,0.0,0.0,0.0,0.0,0.0,0.0,0.0,0.0,0.0,0.0,0.0,0.02,0.0,0.0,0.0,0.0,0.0,15.0
2007-07-04,0.0,0.0,0.0,0.0,0.0,0.0,0.0,0.0,0.0,0.0,0.0,0.0,0.0,0.0,0.0,0.0,0.0,0.0,0.0,0.0,0.0,0.0,0.0,0.0,0.0,0.0,0.0,0.0,0.0,0.0,0.0,0.02,0.0,0.0,0.0,0.0,0.0,15.1
2007-07-05,0.0,0.0,0.0,0.0,0.0,0.0,0.0,0.0,0.0,0.0,0.0,0.0,0.0,0.0,0.0,0.0,0.0,0.0,0.0,0.0,0.0,0.0,0.0,0.0,0.0,0.0,0.0,0.0,0.0,0.0,0.0,0.02,0.0,0.0,0.0,0.0,0.0,16.4
2007-07-06,0.0,0.0,0.0,0.0,0.0,0.0,0.0,0.0,0.0,0.0,0.0,0.0,0.0,0.0,0.0,0.0,0.0,0.0,0.0,0.0,0.0,0.0,0.0,0.0,0.0,0.0,0.0,0.0,0.0,1100.0,17683.56,0.02,0.0,0.0,0.0,0.0,0.0,16.45
2007-07-09,0.0,0.0,0.0,0.0,0.0,0.0,0.0,0.0,0.0,0.0,0.0,0.0,0.0,0.0,0.0,0.0,0.0,0.0,0.0,0.0,0.0,0.0,0.0,0.0,0.0,0.0,0.0,0.0,0.0,1100.0,18167.31,0.02,0.0,0.0,0.0,0.0,0.0,16.9
2007-07-10,0.0,0.0,0.0,0.0,0.0,0.0,0.0,0.0,0.0,0.0,0.0,0.0,0.0,0.0,0.0,0.0,0.0,0.0,0.0,0.0,0.0,0.0,0.0,0.0,0.0,0.0,0.0,0.0,0.0,1100.0,18436.06,0.02,0.0,0.0,0.0,0.0,0.0,17.15
2007-07-11,0.0,0.0,0.0,0.0,0.0,0.0,0.0,0.0,0.0,0.0,0.0,0.0,0.0,0.0,0.0,0.0,0.0,0.0,0.0,0.0,0.0,0.0,0.0,0.0,0.0,0.0,0.0,0.0,0.0,1100.0,18167.31,0.02,0.0,0.0,0.0,0.0,0.0,16.9
2007-07-12,0.0,0.0,0.0,0.0,0.0,0.0,0.0,0.0,0.0,0.0,0.0,0.0,0.0,0.0,0.0,0.0,0.0,0.0,0.0,0.0,0.0,0.0,0.0,0.0,0.0,0.0,0.0,0.0,0.0,1100.0,18328.56,0.02,0.0,0.0,0.0,0.0,0.0,17.05
2007-07-13,0.0,0.0,0.0,0.0,0.0,0.0,0.0,0.0,0.0,0.0,0.0,0.0,0.0,0.0,0.0,0.0,0.0,0.0,0.0,0.0,0.0,0.0,0.0,0.0,0.0,0.0,0.0,0.0,0.0,1100.0,18307.06,0.02,0.0,0.0,0.0,0.0,0.0,17.03
2007-07-16,0.0,0.0,0.0,0.0,0.0,0.0,0.0,0.0,0.0,0.0,0.0,0.0,0.0,0.0,0.0,0.0,0.0,0.0,0.0,0.0,0.0,0.0,0.0,0.0,0.0,0.0,0.0,0.0,0.0,1100.0,18059.81,0.02,0.0,0.0,0.0,0.0,0.0,16.8
2007-07-17,0.0,0.0,0.0,0.0,0.0,0.0,0.0,0.0,0.0,0.0,0.0,0.0,0.0,0.0,0.0,0.0,0.0,0.0,0.0,0.0,0.0,0.0,0.0,0.0,0.0,0.0,0.0,0.0,0.0,1100.0,18167.31,0.02,0.0,0.0,0.0,0.0,0.0,16.9
2007-07-18,0.0,0.0,0.0,0.0,0.0,0.0,0.0,0.0,0.0,0.0,0.0,0.0,0.0,0.0,0.0,0.0,0.0,0.0,0.0,0.0,0.0,0.0,0.0,0.0,0.0,0.0,0.0,0.0,0.0,1100.0,17909.31,0.02,0.0,0.0,0.0,0.0,0.0,16.66
2007-07-19,0.0,0.0,0.0,0.0,0.0,0.0,0.0,0.0,0.0,0.0,0.0,0.0,0.0,0.0,0.0,0.0,0.0,0.0,0.0,0.0,0.0,0.0,0.0,0.0,0.0,0.0,0.0,0.0,0.0,1100.0,18059.81,0.02,0.0,0.0,0.0,0.0,0.0,16.8
2007-07-20,0.0,0.0,0.0,0.0,0.0,0.0,0.0,0.0,0.0,0.0,0.0,0.0,0.0,0.0,0.0,0.0,0.0,0.0,0.0,0.0,0.0,0.0,0.0,0.0,0.0,0.0,0.0,0.0,0.0,1100.0,18242.56,0.02,0.0,0.0,0.0,0.0,0.0,16.97
2007-07-23,0.0,0.0,0.0,0.0,0.0,0.0,0.0,0.0,0.0,0.0,0.0,0.0,0.0,0.0,0.0,0.0,0.0,0.0,0.0,0.0,0.0,0.0,0.0,0.0,0.0,0.0,0.0,0.0,0.0,1100.0,18167.31,0.02,0.0,0.0,0.0,0.0,0.0,16.9
2007-07-24,0.0,0.0,0.0,0.0,0.0,0.0,0.0,0.0,0.0,0.0,0.0,0.0,0.0,0.0,0.0,0.0,0.0,0.0,0.0,0.0,0.0,0.0,0.0,0.0,0.0,0.0,0.0,0.0,0.0,1100.0,18113.56,0.02,0.0,0.0,0.0,0.0,0.0,16.85
2007-07-25,0.0,0.0,0.0,0.0,0.0,0.0,0.0,0.0,0.0,0.0,0.0,0.0,0.0,0.0,0.0,0.0,0.0,0.0,0.0,0.0,0.0,0.0,0.0,0.0,0.0,0.0,0.0,0.0,0.0,1100.0,18371.56,0.02,0.0,0.0,0.0,0.0,0.0,17.09
2007-07-26,0.0,0.0,0.0,0.0,0.0,0.0,0.0,0.0,0.0,0.0,0.0,0.0,0.0,0.0,0.0,0.0,0.0,0.0,0.0,0.0,0.0,0.0,0.0,0.0,0.0,0.0,0.0,0.0,0.0,1100.0,18006.06,0.02,0.0,0.0,0.0,0.0,0.0,16.75
2007-07-27,0.0,0.0,0.0,0.0,0.0,0.0,0.0,0.0,0.0,0.0,0.0,0.0,0.0,0.0,0.0,0.0,0.0,0.0,0.0,0.0,0.0,0.0,0.0,0.0,0.0,0.0,0.0,0.0,0.0,1100.0,17651.31,0.02,0.0,0.0,0.0,0.0,0.0,16.42
2007-07-30,0.0,0.0,0.0,0.0,0.0,0.0,0.0,0.0,0.0,0.0,0.0,0.0,0.0,0.0,0.0,0.0,0.0,0.0,0.0,0.0,0.0,0.0,0.0,0.0,0.0,0.0,0.0,0.0,0.0,1100.0,17844.81,0.02,0.0,0.0,0.0,0.0,0.0,16.6
2007-07-31,0.0,0.0,0.0,0.0,0.0,0.0,0.0,0.0,0.0,0.0,0.0,0.0,0.0,0.0,0.0,0.0,0.0,0.0,0.0,0.0,0.0,0.0,0.0,0.0,0.0,0.0,0.0,0.0,0.0,1100.0,17791.06,0.02,0.0,0.0,0.0,0.0,0.0,16.55
2007-08-01,0.0,0.0,0.0,0.0,0.0,0.0,0.0,0.0,0.0,0.0,0.0,0.0,0.0,0.0,0.0,0.0,0.0,0.0,0.0,0.0,0.0,0.0,0.0,0.0,0.0,0.0,0.0,0.0,0.0,1100.0,17952.31,0.02,0.0,0.0,0.0,0.0,0.0,16.7
2007-08-02,0.0,0.0,0.0,0.0,0.0,0.0,0.0,0.0,0.0,0.0,0.0,0.0,0.0,0.0,0.0,0.0,0.0,0.0,0.0,0.0,0.0,0.0,0.0,0.0,0.0,0.0,0.0,0.0,0.0,1100.0,17898.56,0.02,0.0,0.0,0.0,0.0,0.0,16.65
2007-08-03,0.0,0.0,0.0,0.0,0.0,0.0,0.0,0.0,0.0,0.0,0.0,0.0,0.0,0.0,0.0,0.0,0.0,0.0,0.0,0.0,0.0,0.0,0.0,0.0,0.0,0.0,0.0,0.0,0.0,1100.0,18059.81,0.02,0.0,0.0,0.0,0.0,0.0,16.8
2007-08-06,0.0,0.0,0.0,0.0,0.0,0.0,0.0,0.0,0.0,0.0,0.0,0.0,0.0,0.0,0.0,0.0,0.0,0.0,0.0,0.0,0.0,0.0,0.0,0.0,0.0,0.0,0.0,0.0,0.0,1100.0,18059.81,0.02,0.0,0.0,0.0,0.0,0.0,16.8
2007-08-07,0.0,0.0,0.0,0.0,0.0,0.0,0.0,0.0,0.0,0.0,0.0,0.0,0.0,0.0,0.0,0.0,0.0,0.0,0.0,0.0,0.0,0.0,0.0,0.0,0.0,0.0,0.0,0.0,0.0,1100.0,17640.56,0.02,0.0,0.0,0.0,0.0,0.0,16.41
2007-08-08,0.0,0.0,0.0,0.0,0.0,0.0,0.0,0.0,0.0,0.0,0.0,0.0,0.0,0.0,0.0,0.0,0.0,0.0,0.0,0.0,0.0,0.0,0.0,0.0,0.0,0.0,0.0,0.0,0.0,1100.0,17629.81,0.02,0.0,0.0,0.0,0.0,0.0,16.4
2007-08-09,0.0,0.0,0.0,0.0,0.0,0.0,0.0,0.0,0.0,0.0,0.0,0.0,0.0,0.0,0.0,0.0,0.0,0.0,0.0,0.0,0.0,0.0,0.0,0.0,0.0,0.0,0.0,0.0,0.0,1100.0,17791.06,0.02,0.0,0.0,0.0,0.0,0.0,16.55
2007-08-10,0.0,0.0,0.0,0.0,0.0,0.0,0.0,0.0,0.0,0.0,0.0,0.0,0.0,0.0,0.0,0.0,0.0,0.0,0.0,0.0,0.0,0.0,0.0,0.0,0.0,0.0,0.0,0.0,0.0,1100.0,17780.31,0.02,0.0,0.0,0.0,0.0,0.0,16.54
2007-08-13,0.0,0.0,0.0,0.0,0.0,0.0,0.0,0.0,0.0,0.0,0.0,0.0,0.0,0.0,0.0,0.0,0.0,0.0,0.0,0.0,0.0,0.0,0.0,0.0,0.0,0.0,0.0,0.0,0.0,1100.0,17823.31,0.02,0.0,0.0,0.0,0.0,0.0,16.58
2007-08-14,0.0,0.0,0.0,0.0,0.0,0.0,0.0,0.0,0.0,0.0,0.0,0.0,0.0,0.0,0.0,0.0,0.0,0.0,0.0,0.0,0.0,0.0,0.0,0.0,0.0,0.0,0.0,0.0,0.0,1100.0,17522.31,0.02,0.0,0.0,0.0,0.0,0.0,16.3
2007-08-15,0.0,0.0,0.0,0.0,0.0,0.0,0.0,0.0,0.0,0.0,0.0,0.0,0.0,0.0,0.0,0.0,0.0,0.0,0.0,0.0,0.0,0.0,0.0,0.0,0.0,0.0,0.0,0.0,0.0,1100.0,17371.82,0.02,0.0,0.0,0.0,0.0,0.0,16.16
2007-08-16,0.0,0.0,0.0,0.0,0.0,0.0,0.0,0.0,0.0,0.0,0.0,0.0,0.0,0.0,0.0,0.0,0.0,0.0,0.0,0.0,0.0,0.0,0.0,0.0,0.0,0.0,0.0,0.0,0.0,1100.0,16823.57,0.02,0.0,0.0,0.0,0.0,0.0,15.65
2007-08-17,0.0,0.0,0.0,0.0,0.0,0.0,0.0,0.0,0.0,0.0,0.0,0.0,0.0,0.0,0.0,0.0,0.0,0.0,0.0,0.0,0.0,0.0,0.0,0.0,0.0,0.0,0.0,0.0,0.0,1100.0,16662.32,0.02,0.0,0.0,0.0,0.0,0.0,15.5
2007-08-20,0.0,0.0,0.0,0.0,0.0,0.0,0.0,0.0,0.0,0.0,0.0,0.0,0.0,0.0,0.0,0.0,0.0,0.0,0.0,0.0,0.0,0.0,0.0,0.0,0.0,0.0,0.0,0.0,0.0,1100.0,16705.32,0.02,0.0,0.0,0.0,0.0,0.0,15.54
2007-08-21,0.0,0.0,0.0,0.0,0.0,0.0,0.0,0.0,0.0,0.0,0.0,0.0,0.0,0.0,0.0,0.0,0.0,0.0,0.0,0.0,0.0,0.0,0.0,0.0,0.0,0.0,0.0,0.0,0.0,1100.0,16705.32,0.02,0.0,0.0,0.0,0.0,0.0,15.54
2007-08-22,0.0,0.0,0.0,0.0,0.0,0.0,0.0,0.0,0.0,0.0,0.0,0.0,0.0,0.0,0.0,0.0,0.0,0.0,0.0,0.0,0.0,0.0,0.0,0.0,0.0,0.0,0.0,0.0,0.0,1100.0,16705.32,0.02,0.0,0.0,0.0,0.0,0.0,15.54
2007-08-23,0.0,0.0,0.0,0.0,0.0,0.0,0.0,0.0,0.0,0.0,0.0,0.0,0.0,0.0,0.0,0.0,0.0,0.0,0.0,0.0,0.0,0.0,0.0,0.0,0.0,0.0,0.0,0.0,0.0,1100.0,16984.82,0.02,0.0,0.0,0.0,0.0,0.0,15.8
2007-08-24,0.0,0.0,0.0,0.0,0.0,0.0,0.0,0.0,0.0,0.0,0.0,0.0,0.0,0.0,0.0,0.0,0.0,0.0,0.0,0.0,0.0,0.0,0.0,0.0,0.0,0.0,0.0,0.0,0.0,1100.0,17758.81,0.02,0.0,0.0,0.0,0.0,0.0,16.52
2007-08-27,0.0,0.0,0.0,0.0,0.0,0.0,0.0,0.0,0.0,0.0,0.0,0.0,0.0,0.0,0.0,0.0,0.0,0.0,0.0,0.0,0.0,0.0,0.0,0.0,0.0,0.0,0.0,0.0,0.0,1100.0,18059.81,0.02,0.0,0.0,0.0,0.0,0.0,16.8
2007-08-28,0.0,0.0,0.0,0.0,0.0,0.0,0.0,0.0,0.0,0.0,0.0,0.0,0.0,0.0,0.0,0.0,0.0,0.0,0.0,0.0,0.0,0.0,0.0,0.0,0.0,0.0,0.0,0.0,0.0,1100.0,17210.57,0.02,0.0,0.0,0.0,0.0,0.0,16.01
2007-08-29,0.0,0.0,0.0,0.0,0.0,0.0,0.0,0.0,0.0,0.0,0.0,0.0,0.0,0.0,0.0,0.0,0.0,0.0,0.0,0.0,0.0,0.0,0.0,0.0,0.0,0.0,0.0,0.0,0.0,1100.0,18070.56,0.02,0.0,0.0,0.0,0.0,0.0,16.81
2007-08-30,0.0,0.0,0.0,0.0,0.0,0.0,0.0,0.0,0.0,0.0,0.0,0.0,0.0,0.0,0.0,0.0,0.0,0.0,0.0,0.0,0.0,0.0,0.0,0.0,0.0,0.0,0.0,0.0,0.0,1100.0,17726.56,0.02,0.0,0.0,0.0,0.0,0.0,16.49
2007-08-31,0.0,0.0,0.0,0.0,0.0,0.0,0.0,0.0,0.0,0.0,0.0,0.0,0.0,0.0,0.0,0.0,0.0,0.0,0.0,0.0,0.0,0.0,0.0,0.0,0.0,0.0,0.0,0.0,0.0,1100.0,17984.56,0.02,0.0,0.0,0.0,0.0,0.0,16.73
2007-09-03,0.0,0.0,0.0,0.0,0.0,0.0,0.0,0.0,0.0,0.0,0.0,0.0,0.0,0.0,0.0,0.0,0.0,0.0,0.0,0.0,0.0,0.0,0.0,0.0,0.0,0.0,0.0,0.0,0.0,1100.0,17737.31,0.02,0.0,0.0,0.0,0.0,0.0,16.5
2007-09-04,0.0,0.0,0.0,0.0,0.0,0.0,0.0,0.0,0.0,0.0,0.0,0.0,0.0,0.0,0.0,0.0,0.0,0.0,0.0,0.0,0.0,0.0,0.0,0.0,0.0,0.0,0.0,0.0,0.0,1100.0,17511.56,0.02,0.0,0.0,0.0,0.0,0.0,16.29
2007-09-05,0.0,0.0,0.0,0.0,0.0,0.0,0.0,0.0,0.0,0.0,0.0,0.0,0.0,0.0,0.0,0.0,0.0,0.0,0.0,0.0,0.0,0.0,0.0,0.0,0.0,0.0,0.0,0.0,0.0,1100.0,17447.07,0.02,0.0,0.0,0.0,0.0,0.0,16.23
2007-09-06,0.0,0.0,0.0,0.0,0.0,0.0,0.0,0.0,0.0,0.0,0.0,0.0,0.0,0.0,0.0,0.0,0.0,0.0,0.0,0.0,0.0,0.0,0.0,0.0,0.0,0.0,0.0,0.0,0.0,1100.0,17576.06,0.02,0.0,0.0,0.0,0.0,0.0,16.35
2007-09-07,0.0,0.0,0.0,0.0,0.0,0.0,0.0,0.0,0.0,0.0,0.0,0.0,0.0,0.0,0.0,0.0,0.0,0.0,0.0,0.0,0.0,0.0,0.0,0.0,0.0,0.0,0.0,0.0,0.0,1100.0,17070.82,0.02,0.0,0.0,0.0,0.0,0.0,15.88
2007-09-10,0.0,0.0,0.0,0.0,0.0,0.0,0.0,0.0,0.0,0.0,0.0,0.0,0.0,0.0,0.0,0.0,0.0,0.0,0.0,0.0,0.0,0.0,0.0,0.0,0.0,0.0,0.0,0.0,0.0,1100.0,16479.58,0.02,0.0,0.0,0.0,0.0,0.0,15.33
2007-09-11,0.0,0.0,0.0,0.0,0.0,0.0,0.0,0.0,0.0,0.0,0.0,0.0,0.0,0.0,0.0,0.0,0.0,0.0,0.0,0.0,0.0,0.0,0.0,0.0,0.0,0.0,0.0,0.0,0.0,1100.0,15995.83,0.02,0.0,0.0,0.0,0.0,0.0,14.88
2007-09-12,0.0,0.0,0.0,0.0,0.0,0.0,0.0,0.0,0.0,0.0,0.0,0.0,0.0,0.0,0.0,0.0,0.0,0.0,0.0,0.0,0.0,0.0,0.0,0.0,0.0,0.0,0.0,0.0,0.0,1500.0,22530.78,0.02,0.0,0.0,0.0,0.0,0.0,15.37
2007-09-13,0.0,0.0,0.0,0.0,0.0,0.0,0.0,0.0,0.0,0.0,0.0,0.0,0.0,0.0,0.0,0.0,0.0,0.0,0.0,0.0,0.0,0.0,0.0,0.0,0.0,0.0,0.0,0.0,0.0,1500.0,22208.29,0.02,0.0,0.0,0.0,0.0,0.0,15.15
2007-09-14,0.0,0.0,0.0,0.0,0.0,0.0,0.0,0.0,0.0,0.0,0.0,0.0,0.0,0.0,0.0,0.0,0.0,0.0,0.0,0.0,0.0,0.0,0.0,0.0,0.0,0.0,0.0,0.0,0.0,1500.0,22457.49,0.02,0.0,0.0,0.0,0.0,0.0,15.32
2007-09-17,0.0,0.0,0.0,0.0,0.0,0.0,0.0,0.0,0.0,0.0,0.0,0.0,0.0,0.0,0.0,0.0,0.0,0.0,0.0,0.0,0.0,0.0,0.0,0.0,0.0,0.0,0.0,0.0,0.0,1500.0,22134.99,0.02,0.0,0.0,0.0,0.0,0.0,15.1
2007-09-18,0.0,0.0,0.0,0.0,0.0,0.0,0.0,0.0,0.0,0.0,0.0,0.0,0.0,0.0,0.0,0.0,0.0,0.0,0.0,0.0,0.0,0.0,0.0,0.0,0.0,0.0,0.0,0.0,0.0,1500.0,21988.4,0.02,0.0,0.0,0.0,0.0,0.0,15.0
2007-09-19,0.0,0.0,0.0,0.0,0.0,0.0,0.0,0.0,0.0,0.0,0.0,0.0,0.0,0.0,0.0,0.0,0.0,0.0,0.0,0.0,0.0,0.0,0.0,0.0,0.0,0.0,0.0,0.0,0.0,1500.0,20976.94,0.02,0.0,0.0,0.0,0.0,0.0,14.31
2007-09-20,0.0,0.0,0.0,0.0,0.0,0.0,0.0,0.0,0.0,0.0,0.0,0.0,0.0,0.0,0.0,0.0,0.0,0.0,0.0,0.0,0.0,0.0,0.0,0.0,0.0,0.0,0.0,0.0,0.0,1500.0,20742.39,0.02,0.0,0.0,0.0,0.0,0.0,14.15
2007-09-21,0.0,0.0,0.0,0.0,0.0,0.0,0.0,0.0,0.0,0.0,0.0,0.0,0.0,0.0,0.0,0.0,0.0,0.0,0.0,0.0,0.0,0.0,0.0,0.0,0.0,0.0,0.0,0.0,0.0,1500.0,21402.05,0.02,0.0,0.0,0.0,0.0,0.0,14.6
2007-09-24,0.0,0.0,0.0,0.0,0.0,0.0,0.0,0.0,0.0,0.0,0.0,0.0,0.0,0.0,0.0,0.0,0.0,0.0,0.0,0.0,0.0,0.0,0.0,0.0,0.0,0.0,0.0,0.0,0.0,1500.0,21695.23,0.02,0.0,0.0,0.0,0.0,0.0,14.8
2007-09-25,0.0,0.0,0.0,0.0,0.0,0.0,0.0,0.0,0.0,0.0,0.0,0.0,0.0,0.0,0.0,0.0,0.0,0.0,0.0,0.0,0.0,0.0,0.0,0.0,0.0,0.0,0.0,0.0,0.0,1500.0,21841.81,0.02,0.0,0.0,0.0,0.0,0.0,14.9
2007-09-26,0.0,0.0,0.0,0.0,0.0,0.0,0.0,0.0,0.0,0.0,0.0,0.0,0.0,0.0,0.0,0.0,0.0,0.0,0.0,0.0,0.0,0.0,0.0,0.0,0.0,0.0,0.0,0.0,0.0,1500.0,20962.28,0.02,0.0,0.0,0.0,0.0,0.0,14.3
2007-09-27,0.0,0.0,0.0,0.0,0.0,0.0,0.0,0.0,0.0,0.0,0.0,0.0,0.0,0.0,0.0,0.0,0.0,0.0,0.0,0.0,0.0,0.0,0.0,0.0,0.0,0.0,0.0,0.0,0.0,1500.0,21255.46,0.02,0.0,0.0,0.0,0.0,0.0,14.5
2007-09-28,0.0,0.0,0.0,0.0,0.0,0.0,0.0,0.0,0.0,0.0,0.0,0.0,0.0,0.0,0.0,0.0,0.0,0.0,0.0,0.0,0.0,0.0,0.0,0.0,0.0,0.0,0.0,0.0,0.0,1500.0,20537.17,0.02,0.0,0.0,0.0,0.0,0.0,14.01
2007-10-01,0.0,0.0,0.0,0.0,0.0,0.0,0.0,0.0,0.0,0.0,0.0,0.0,0.0,0.0,0.0,0.0,0.0,0.0,0.0,0.0,0.0,0.0,0.0,0.0,0.0,0.0,0.0,0.0,0.0,1500.0,19657.63,0.02,0.0,0.0,0.0,0.0,0.0,13.41
2007-10-02,0.0,0.0,0.0,0.0,0.0,0.0,0.0,0.0,0.0,0.0,0.0,0.0,0.0,0.0,0.0,0.0,0.0,0.0,0.0,0.0,0.0,0.0,0.0,0.0,0.0,0.0,0.0,0.0,0.0,1500.0,19936.15,0.02,0.0,0.0,0.0,0.0,0.0,13.6
2007-10-03,0.0,0.0,0.0,0.0,0.0,0.0,0.0,0.0,0.0,0.0,0.0,0.0,0.0,0.0,0.0,0.0,0.0,0.0,0.0,0.0,0.0,0.0,0.0,0.0,0.0,0.0,0.0,0.0,0.0,1500.0,19789.56,0.02,0.0,0.0,0.0,0.0,0.0,13.5
2007-10-04,0.0,0.0,0.0,0.0,0.0,0.0,0.0,0.0,0.0,0.0,0.0,0.0,0.0,0.0,0.0,0.0,0.0,0.0,0.0,0.0,0.0,0.0,0.0,0.0,0.0,0.0,0.0,0.0,0.0,1500.0,20874.32,0.02,0.0,0.0,0.0,0.0,0.0,14.24
2007-10-05,0.0,0.0,0.0,0.0,0.0,0.0,0.0,0.0,0.0,0.0,0.0,0.0,0.0,0.0,0.0,0.0,0.0,0.0,0.0,0.0,0.0,0.0,0.0,0.0,0.0,0.0,0.0,0.0,0.0,1500.0,21621.93,0.02,0.0,0.0,0.0,0.0,0.0,14.75
2007-10-08,0.0,0.0,0.0,0.0,0.0,0.0,0.0,0.0,0.0,0.0,0.0,0.0,0.0,0.0,0.0,0.0,0.0,0.0,0.0,0.0,0.0,0.0,0.0,0.0,0.0,0.0,0.0,0.0,0.0,1500.0,22208.29,0.02,0.0,0.0,0.0,0.0,0.0,15.15
2007-10-09,0.0,0.0,0.0,0.0,0.0,0.0,0.0,0.0,0.0,0.0,0.0,0.0,0.0,0.0,0.0,0.0,0.0,0.0,0.0,0.0,0.0,0.0,0.0,0.0,0.0,0.0,0.0,0.0,0.0,1500.0,22266.92,0.02,0.0,0.0,0.0,0.0,0.0,15.19
2007-10-10,0.0,0.0,0.0,0.0,0.0,0.0,0.0,0.0,0.0,0.0,0.0,0.0,0.0,0.0,0.0,0.0,0.0,0.0,0.0,0.0,0.0,0.0,0.0,0.0,0.0,0.0,0.0,0.0,0.0,1500.0,21900.45,0.02,0.0,0.0,0.0,0.0,0.0,14.94
2007-10-11,0.0,0.0,0.0,0.0,0.0,0.0,0.0,0.0,0.0,0.0,0.0,0.0,0.0,0.0,0.0,0.0,0.0,0.0,0.0,0.0,0.0,0.0,0.0,0.0,0.0,0.0,0.0,0.0,0.0,1500.0,21621.93,0.02,0.0,0.0,0.0,0.0,0.0,14.75
2007-10-12,0.0,0.0,0.0,0.0,0.0,0.0,0.0,0.0,0.0,0.0,0.0,0.0,0.0,0.0,0.0,0.0,0.0,0.0,0.0,0.0,0.0,0.0,0.0,0.0,0.0,0.0,0.0,0.0,0.0,0.0,0.0,0.0,0.0,0.0,0.0,0.0,0.0,14.43
2007-10-15,0.0,0.0,0.0,0.0,0.0,0.0,0.0,0.0,0.0,0.0,0.0,0.0,0.0,0.0,0.0,0.0,0.0,0.0,0.0,0.0,0.0,0.0,0.0,0.0,0.0,0.0,0.0,0.0,0.0,1500.0,20522.51,0.02,0.0,0.0,0.0,0.0,0.0,14.0
2007-10-16,0.0,0.0,0.0,0.0,0.0,0.0,0.0,0.0,0.0,0.0,0.0,0.0,0.0,0.0,0.0,0.0,0.0,0.0,0.0,0.0,0.0,0.0,0.0,0.0,0.0,0.0,0.0,0.0,0.0,1500.0,20815.69,0.02,0.0,0.0,0.0,0.0,0.0,14.2
2007-10-17,0.0,0.0,0.0,0.0,0.0,0.0,0.0,0.0,0.0,0.0,0.0,0.0,0.0,0.0,0.0,0.0,0.0,0.0,0.0,0.0,0.0,0.0,0.0,0.0,0.0,0.0,0.0,0.0,0.0,1500.0,21841.81,0.02,0.0,0.0,0.0,0.0,0.0,14.9
2007-10-18,0.0,0.0,0.0,0.0,0.0,0.0,0.0,0.0,0.0,0.0,0.0,0.0,0.0,0.0,0.0,0.0,0.0,0.0,0.0,0.0,0.0,0.0,0.0,0.0,0.0,0.0,0.0,0.0,0.0,1500.0,20903.64,0.02,0.0,0.0,0.0,0.0,0.0,14.26
2007-10-19,0.0,0.0,0.0,0.0,0.0,0.0,0.0,0.0,0.0,0.0,0.0,0.0,0.0,0.0,0.0,0.0,0.0,0.0,0.0,0.0,0.0,0.0,0.0,0.0,0.0,0.0,0.0,0.0,0.0,1500.0,20522.51,0.02,0.0,0.0,0.0,0.0,0.0,14.0
2007-10-22,0.0,0.0,0.0,0.0,0.0,0.0,0.0,0.0,0.0,0.0,0.0,0.0,0.0,0.0,0.0,0.0,0.0,0.0,0.0,0.0,0.0,0.0,0.0,0.0,0.0,0.0,0.0,0.0,0.0,1500.0,20126.72,0.02,0.0,0.0,0.0,0.0,0.0,13.73
2007-10-23,0.0,0.0,0.0,0.0,0.0,0.0,0.0,0.0,0.0,0.0,0.0,0.0,0.0,0.0,0.0,0.0,0.0,0.0,0.0,0.0,0.0,0.0,0.0,0.0,0.0,0.0,0.0,0.0,0.0,1500.0,20522.51,0.02,0.0,0.0,0.0,0.0,0.0,14.0
2007-10-24,0.0,0.0,0.0,0.0,0.0,0.0,0.0,0.0,0.0,0.0,0.0,0.0,0.0,0.0,0.0,0.0,0.0,0.0,0.0,0.0,0.0,0.0,0.0,0.0,0.0,0.0,0.0,0.0,0.0,1500.0,20947.62,0.02,0.0,0.0,0.0,0.0,0.0,14.29
2007-10-25,0.0,0.0,0.0,0.0,0.0,0.0,0.0,0.0,0.0,0.0,0.0,0.0,0.0,0.0,0.0,0.0,0.0,0.0,0.0,0.0,0.0,0.0,0.0,0.0,0.0,0.0,0.0,0.0,0.0,1500.0,20507.85,0.02,0.0,0.0,0.0,0.0,0.0,13.99
2007-10-26,0.0,0.0,0.0,0.0,0.0,0.0,0.0,0.0,0.0,0.0,0.0,0.0,0.0,0.0,0.0,0.0,0.0,0.0,0.0,0.0,0.0,0.0,0.0,0.0,0.0,0.0,0.0,0.0,0.0,1500.0,21841.81,0.02,0.0,0.0,0.0,0.0,0.0,14.9
2007-10-29,0.0,0.0,0.0,0.0,0.0,0.0,0.0,0.0,0.0,0.0,0.0,0.0,0.0,0.0,0.0,0.0,0.0,0.0,0.0,0.0,0.0,0.0,0.0,0.0,0.0,0.0,0.0,0.0,0.0,1500.0,20815.69,0.02,0.0,0.0,0.0,0.0,0.0,14.2
2007-10-30,0.0,0.0,0.0,0.0,0.0,0.0,0.0,0.0,0.0,0.0,0.0,0.0,0.0,0.0,0.0,0.0,0.0,0.0,0.0,0.0,0.0,0.0,0.0,0.0,0.0,0.0,0.0,0.0,0.0,1500.0,20522.51,0.02,0.0,0.0,0.0,0.0,0.0,14.0
2007-10-31,0.0,0.0,0.0,0.0,0.0,0.0,0.0,0.0,0.0,0.0,0.0,0.0,0.0,0.0,0.0,0.0,0.0,0.0,0.0,0.0,0.0,0.0,0.0,0.0,0.0,0.0,0.0,0.0,0.0,1500.0,20654.44,0.02,0.0,0.0,0.0,0.0,0.0,14.09
2007-11-01,0.0,0.0,0.0,0.0,0.0,0.0,0.0,0.0,0.0,0.0,0.0,0.0,0.0,0.0,0.0,0.0,0.0,0.0,0.0,0.0,0.0,0.0,0.0,0.0,0.0,0.0,0.0,0.0,0.0,1500.0,20112.06,0.02,0.0,0.0,0.0,0.0,0.0,13.72
2007-11-02,0.0,0.0,0.0,0.0,0.0,0.0,0.0,0.0,0.0,0.0,0.0,0.0,0.0,0.0,0.0,0.0,0.0,0.0,0.0,0.0,0.0,0.0,0.0,0.0,0.0,0.0,0.0,0.0,0.0,1500.0,20229.33,0.02,0.0,0.0,0.0,0.0,0.0,13.8
2007-11-05,0.0,0.0,0.0,0.0,0.0,0.0,0.0,0.0,0.0,0.0,0.0,0.0,0.0,0.0,0.0,0.0,0.0,0.0,0.0,0.0,0.0,0.0,0.0,0.0,0.0,0.0,0.0,0.0,0.0,1500.0,20082.74,0.02,0.0,0.0,0.0,0.0,0.0,13.7
2007-11-06,0.0,0.0,0.0,0.0,0.0,0.0,0.0,0.0,0.0,0.0,0.0,0.0,0.0,0.0,0.0,0.0,0.0,0.0,0.0,0.0,0.0,0.0,0.0,0.0,0.0,0.0,0.0,0.0,0.0,1500.0,19349.8,0.02,0.0,0.0,0.0,0.0,0.0,13.2
2007-11-07,0.0,0.0,0.0,0.0,0.0,0.0,0.0,0.0,0.0,0.0,0.0,0.0,0.0,0.0,0.0,0.0,0.0,0.0,0.0,0.0,0.0,0.0,0.0,0.0,0.0,0.0,0.0,0.0,0.0,1500.0,19774.9,0.02,0.0,0.0,0.0,0.0,0.0,13.49
2007-11-08,0.0,0.0,0.0,0.0,0.0,0.0,0.0,0.0,0.0,0.0,0.0,0.0,0.0,0.0,0.0,0.0,0.0,0.0,0.0,0.0,0.0,0.0,0.0,0.0,0.0,0.0,0.0,0.0,0.0,1500.0,19364.45,0.02,0.0,0.0,0.0,0.0,0.0,13.21
2007-11-09,0.0,0.0,0.0,0.0,0.0,0.0,0.0,0.0,0.0,0.0,0.0,0.0,0.0,0.0,0.0,0.0,0.0,0.0,0.0,0.0,0.0,0.0,0.0,0.0,0.0,0.0,0.0,0.0,0.0,1500.0,19496.38,0.02,0.0,0.0,0.0,0.0,0.0,13.3
2007-11-12,0.0,0.0,0.0,0.0,0.0,0.0,0.0,0.0,0.0,0.0,0.0,0.0,0.0,0.0,0.0,0.0,0.0,0.0,0.0,0.0,0.0,0.0,0.0,0.0,0.0,0.0,0.0,0.0,0.0,1500.0,19525.7,0.02,0.0,0.0,0.0,0.0,0.0,13.32
2007-11-13,0.0,0.0,0.0,0.0,0.0,0.0,0.0,0.0,0.0,0.0,0.0,0.0,0.0,0.0,0.0,0.0,0.0,0.0,0.0,0.0,0.0,0.0,0.0,0.0,0.0,0.0,0.0,0.0,0.0,1500.0,19716.27,0.02,0.0,0.0,0.0,0.0,0.0,13.45
2007-11-14,0.0,0.0,0.0,0.0,0.0,0.0,0.0,0.0,0.0,0.0,0.0,0.0,0.0,0.0,0.0,0.0,0.0,0.0,0.0,0.0,0.0,0.0,0.0,0.0,0.0,0.0,0.0,0.0,0.0,1500.0,19862.86,0.02,0.0,0.0,0.0,0.0,0.0,13.55
2007-11-15,0.0,0.0,0.0,0.0,0.0,0.0,0.0,0.0,0.0,0.0,0.0,0.0,0.0,0.0,0.0,0.0,0.0,0.0,0.0,0.0,0.0,0.0,0.0,0.0,0.0,0.0,0.0,0.0,0.0,1500.0,19716.27,0.02,0.0,0.0,0.0,0.0,0.0,13.45
2007-11-16,0.0,0.0,0.0,0.0,0.0,0.0,0.0,0.0,0.0,0.0,0.0,0.0,0.0,0.0,0.0,0.0,0.0,0.0,0.0,0.0,0.0,0.0,0.0,0.0,0.0,0.0,0.0,0.0,0.0,1500.0,19437.75,0.02,0.0,0.0,0.0,0.0,0.0,13.26
2007-11-19,0.0,0.0,0.0,0.0,0.0,0.0,0.0,0.0,0.0,0.0,0.0,0.0,0.0,0.0,0.0,0.0,0.0,0.0,0.0,0.0,0.0,0.0,0.0,0.0,0.0,0.0,0.0,0.0,0.0,1500.0,19291.16,0.02,0.0,0.0,0.0,0.0,0.0,13.16
2007-11-20,0.0,0.0,0.0,0.0,0.0,0.0,0.0,0.0,0.0,0.0,0.0,0.0,0.0,0.0,0.0,0.0,0.0,0.0,0.0,0.0,0.0,0.0,0.0,0.0,0.0,0.0,0.0,0.0,0.0,1500.0,19203.21,0.02,0.0,0.0,0.0,0.0,0.0,13.1
2007-11-21,0.0,0.0,0.0,0.0,0.0,0.0,0.0,0.0,0.0,0.0,0.0,0.0,0.0,0.0,0.0,0.0,0.0,0.0,0.0,0.0,0.0,0.0,0.0,0.0,0.0,0.0,0.0,0.0,0.0,1500.0,19056.62,0.02,0.0,0.0,0.0,0.0,0.0,13.0
2007-11-22,0.0,0.0,0.0,0.0,0.0,0.0,0.0,0.0,0.0,0.0,0.0,0.0,0.0,0.0,0.0,0.0,0.0,0.0,0.0,0.0,0.0,0.0,0.0,0.0,0.0,0.0,0.0,0.0,0.0,1500.0,18338.33,0.02,0.0,0.0,0.0,0.0,0.0,12.51
2007-11-23,0.0,0.0,0.0,0.0,0.0,0.0,0.0,0.0,0.0,0.0,0.0,0.0,0.0,0.0,0.0,0.0,0.0,0.0,0.0,0.0,0.0,0.0,0.0,0.0,0.0,0.0,0.0,0.0,0.0,1500.0,18763.44,0.02,0.0,0.0,0.0,0.0,0.0,12.8
2007-11-26,0.0,0.0,0.0,0.0,0.0,0.0,0.0,0.0,0.0,0.0,0.0,0.0,0.0,0.0,0.0,0.0,0.0,0.0,0.0,0.0,0.0,0.0,0.0,0.0,0.0,0.0,0.0,0.0,0.0,1500.0,19144.57,0.02,0.0,0.0,0.0,0.0,0.0,13.06
2007-11-27,0.0,0.0,0.0,0.0,0.0,0.0,0.0,0.0,0.0,0.0,0.0,0.0,0.0,0.0,0.0,0.0,0.0,0.0,0.0,0.0,0.0,0.0,0.0,0.0,0.0,0.0,0.0,0.0,0.0,1500.0,18514.24,0.02,0.0,0.0,0.0,0.0,0.0,12.63
2007-11-28,0.0,0.0,0.0,0.0,0.0,0.0,0.0,0.0,0.0,0.0,0.0,0.0,0.0,0.0,0.0,0.0,0.0,0.0,0.0,0.0,0.0,0.0,0.0,0.0,0.0,0.0,0.0,0.0,0.0,1500.0,17913.22,0.02,0.0,0.0,0.0,0.0,0.0,12.22
2007-11-29,0.0,0.0,0.0,0.0,0.0,0.0,0.0,0.0,0.0,0.0,0.0,0.0,0.0,0.0,0.0,0.0,0.0,0.0,0.0,0.0,0.0,0.0,0.0,0.0,0.0,0.0,0.0,0.0,0.0,1500.0,17957.2,0.02,0.0,0.0,0.0,0.0,0.0,12.25
2007-11-30,0.0,0.0,0.0,0.0,0.0,0.0,0.0,0.0,0.0,0.0,0.0,0.0,0.0,0.0,0.0,0.0,0.0,0.0,0.0,0.0,0.0,0.0,0.0,0.0,0.0,0.0,0.0,0.0,0.0,1500.0,17942.54,0.02,0.0,0.0,0.0,0.0,0.0,12.24
2007-12-03,0.0,0.0,0.0,0.0,0.0,0.0,0.0,0.0,0.0,0.0,0.0,0.0,0.0,0.0,0.0,0.0,0.0,0.0,0.0,0.0,0.0,0.0,0.0,0.0,0.0,0.0,0.0,0.0,0.0,1500.0,17737.31,0.02,0.0,0.0,0.0,0.0,0.0,12.1
2007-12-04,0.0,0.0,0.0,0.0,0.0,0.0,0.0,0.0,0.0,0.0,0.0,0.0,0.0,0.0,0.0,0.0,0.0,0.0,0.0,0.0,0.0,0.0,0.0,0.0,0.0,0.0,0.0,0.0,0.0,1500.0,17444.13,0.02,0.0,0.0,0.0,0.0,0.0,11.9
2007-12-05,0.0,0.0,0.0,0.0,0.0,0.0,0.0,0.0,0.0,0.0,0.0,0.0,0.0,0.0,0.0,0.0,0.0,0.0,0.0,0.0,0.0,0.0,0.0,0.0,0.0,0.0,0.0,0.0,0.0,1500.0,17224.25,0.02,0.0,0.0,0.0,0.0,0.0,11.75
2007-12-06,0.0,0.0,0.0,0.0,0.0,0.0,0.0,0.0,0.0,0.0,0.0,0.0,0.0,0.0,0.0,0.0,0.0,0.0,0.0,0.0,0.0,0.0,0.0,0.0,0.0,0.0,0.0,0.0,0.0,1500.0,17590.72,0.02,0.0,0.0,0.0,0.0,0.0,12.0
2007-12-07,0.0,0.0,0.0,0.0,0.0,0.0,0.0,0.0,0.0,0.0,0.0,0.0,0.0,0.0,0.0,0.0,0.0,0.0,0.0,0.0,0.0,0.0,0.0,0.0,0.0,0.0,0.0,0.0,0.0,1500.0,17590.72,0.02,0.0,0.0,0.0,0.0,0.0,12.0
2007-12-10,0.0,0.0,0.0,0.0,0.0,0.0,0.0,0.0,0.0,0.0,0.0,0.0,0.0,0.0,0.0,0.0,0.0,0.0,0.0,0.0,0.0,0.0,0.0,0.0,0.0,0.0,0.0,0.0,0.0,1500.0,17458.79,0.02,0.0,0.0,0.0,0.0,0.0,11.91
2007-12-11,0.0,0.0,0.0,0.0,0.0,0.0,0.0,0.0,0.0,0.0,0.0,0.0,0.0,0.0,0.0,0.0,0.0,0.0,0.0,0.0,0.0,0.0,0.0,0.0,0.0,0.0,0.0,0.0,0.0,1500.0,17224.25,0.02,0.0,0.0,0.0,0.0,0.0,11.75
2007-12-12,0.0,0.0,0.0,0.0,0.0,0.0,0.0,0.0,0.0,0.0,0.0,0.0,0.0,0.0,0.0,0.0,0.0,0.0,0.0,0.0,0.0,0.0,0.0,0.0,0.0,0.0,0.0,0.0,0.0,1500.0,17165.61,0.02,0.0,0.0,0.0,0.0,0.0,11.71
2007-12-13,0.0,0.0,0.0,0.0,0.0,0.0,0.0,0.0,0.0,0.0,0.0,0.0,0.0,0.0,0.0,0.0,0.0,0.0,0.0,0.0,0.0,0.0,0.0,0.0,0.0,0.0,0.0,0.0,0.0,1500.0,17238.91,0.02,0.0,0.0,0.0,0.0,0.0,11.76
2007-12-14,0.0,0.0,0.0,0.0,0.0,0.0,0.0,0.0,0.0,0.0,0.0,0.0,0.0,0.0,0.0,0.0,0.0,0.0,0.0,0.0,0.0,0.0,0.0,0.0,0.0,0.0,0.0,0.0,0.0,1500.0,17297.54,0.02,0.0,0.0,0.0,0.0,0.0,11.8
2007-12-17,0.0,0.0,0.0,0.0,0.0,0.0,0.0,0.0,0.0,0.0,0.0,0.0,0.0,0.0,0.0,0.0,0.0,0.0,0.0,0.0,0.0,0.0,0.0,0.0,0.0,0.0,0.0,0.0,0.0,1500.0,17150.96,0.02,0.0,0.0,0.0,0.0,0.0,11.7
2007-12-18,0.0,0.0,0.0,0.0,0.0,0.0,0.0,0.0,0.0,0.0,0.0,0.0,0.0,0.0,0.0,0.0,0.0,0.0,0.0,0.0,0.0,0.0,0.0,0.0,0.0,0.0,0.0,0.0,0.0,1500.0,17136.3,0.02,0.0,0.0,0.0,0.0,0.0,11.69
2007-12-19,0.0,0.0,0.0,0.0,0.0,0.0,0.0,0.0,0.0,0.0,0.0,0.0,0.0,0.0,0.0,0.0,0.0,0.0,0.0,0.0,0.0,0.0,0.0,0.0,0.0,0.0,0.0,0.0,0.0,1500.0,17004.37,0.02,0.0,0.0,0.0,0.0,0.0,11.6
2007-12-20,0.0,0.0,0.0,0.0,0.0,0.0,0.0,0.0,0.0,0.0,0.0,0.0,0.0,0.0,0.0,0.0,0.0,0.0,0.0,0.0,0.0,0.0,0.0,0.0,0.0,0.0,0.0,0.0,0.0,1500.0,16124.83,0.02,0.0,0.0,0.0,0.0,0.0,11.0
2007-12-21,0.0,0.0,0.0,0.0,0.0,0.0,0.0,0.0,0.0,0.0,0.0,0.0,0.0,0.0,0.0,0.0,0.0,0.0,0.0,0.0,0.0,0.0,0.0,0.0,0.0,0.0,0.0,0.0,0.0,1500.0,15831.65,0.02,0.0,0.0,0.0,0.0,0.0,10.8
2007-12-24,0.0,0.0,0.0,0.0,0.0,0.0,0.0,0.0,0.0,0.0,0.0,0.0,0.0,0.0,0.0,0.0,0.0,0.0,0.0,0.0,0.0,0.0,0.0,0.0,0.0,0.0,0.0,0.0,0.0,1500.0,15435.86,0.02,0.0,0.0,0.0,0.0,0.0,10.53
2007-12-25,0.0,0.0,0.0,0.0,0.0,0.0,0.0,0.0,0.0,0.0,0.0,0.0,0.0,0.0,0.0,0.0,0.0,0.0,0.0,0.0,0.0,0.0,0.0,0.0,0.0,0.0,0.0,0.0,0.0,1500.0,15435.86,0.02,0.0,0.0,0.0,0.0,0.0,0.0
2007-12-26,0.0,0.0,0.0,0.0,0.0,0.0,0.0,0.0,0.0,0.0,0.0,0.0,0.0,0.0,0.0,0.0,0.0,0.0,0.0,0.0,0.0,0.0,0.0,0.0,0.0,0.0,0.0,0.0,0.0,1500.0,15435.86,0.02,0.0,0.0,0.0,0.0,0.0,0.0
2007-12-27,0.0,0.0,0.0,0.0,0.0,0.0,0.0,0.0,0.0,0.0,0.0,0.0,0.0,0.0,0.0,0.0,0.0,0.0,0.0,0.0,0.0,0.0,0.0,0.0,0.0,0.0,0.0,0.0,0.0,1500.0,16256.76,0.02,0.0,0.0,0.0,0.0,0.0,11.09
2007-12-28,0.0,0.0,0.0,0.0,0.0,0.0,0.0,0.0,0.0,0.0,0.0,0.0,0.0,0.0,0.0,0.0,0.0,0.0,0.0,0.0,0.0,0.0,0.0,0.0,0.0,0.0,0.0,0.0,0.0,1500.0,16271.42,0.02,0.0,0.0,0.0,0.0,0.0,11.1
2007-12-31,0.0,0.0,0.0,0.0,0.0,0.0,0.0,0.0,0.0,0.0,0.0,0.0,0.0,0.0,0.0,0.0,0.0,0.0,0.0,0.0,0.0,0.0,0.0,0.0,0.0,0.0,0.0,0.0,0.0,1500.0,16418.01,0.02,0.0,0.0,0.0,0.0,0.0,11.2
2008-01-01,0.0,0.0,0.0,0.0,0.0,0.0,0.0,0.0,0.0,0.0,0.0,0.0,0.0,0.0,0.0,0.0,0.0,0.0,0.0,0.0,0.0,0.0,0.0,0.0,0.0,0.0,0.0,0.0,0.0,1500.0,16418.01,0.02,0.0,0.0,0.0,0.0,0.0,0.0
2008-01-02,0.0,0.0,0.0,0.0,0.0,0.0,0.0,0.0,0.0,0.0,0.0,0.0,0.0,0.0,0.0,0.0,0.0,0.0,0.0,0.0,0.0,0.0,0.0,0.0,0.0,0.0,0.0,0.0,0.0,1500.0,17004.37,0.02,0.0,0.0,0.0,0.0,0.0,11.6
2008-01-03,0.0,0.0,0.0,0.0,0.0,0.0,0.0,0.0,0.0,0.0,0.0,0.0,0.0,0.0,0.0,0.0,0.0,0.0,0.0,0.0,0.0,0.0,0.0,0.0,0.0,0.0,0.0,0.0,0.0,1500.0,17737.31,0.02,0.0,0.0,0.0,0.0,0.0,12.1
2008-01-04,0.0,0.0,0.0,0.0,0.0,0.0,0.0,0.0,0.0,0.0,0.0,0.0,0.0,0.0,0.0,0.0,0.0,0.0,0.0,0.0,0.0,0.0,0.0,0.0,0.0,0.0,0.0,0.0,0.0,1500.0,17590.72,0.02,0.0,0.0,0.0,0.0,0.0,12.0
2008-01-07,0.0,0.0,0.0,0.0,0.0,0.0,0.0,0.0,0.0,0.0,0.0,0.0,0.0,0.0,0.0,0.0,0.0,0.0,0.0,0.0,0.0,0.0,0.0,0.0,0.0,0.0,0.0,0.0,0.0,1500.0,16447.33,0.02,0.0,0.0,0.0,0.0,0.0,11.22
2008-01-08,0.0,0.0,0.0,0.0,0.0,0.0,0.0,0.0,0.0,0.0,0.0,0.0,0.0,0.0,0.0,0.0,0.0,0.0,0.0,0.0,0.0,0.0,0.0,0.0,0.0,0.0,0.0,0.0,0.0,1500.0,16461.99,0.02,0.0,0.0,0.0,0.0,0.0,11.23
2008-01-09,0.0,0.0,0.0,0.0,0.0,0.0,0.0,0.0,0.0,0.0,0.0,0.0,0.0,0.0,0.0,0.0,0.0,0.0,0.0,0.0,0.0,0.0,0.0,0.0,0.0,0.0,0.0,0.0,0.0,1500.0,15098.7,0.02,0.0,0.0,0.0,0.0,0.0,10.3
2008-01-10,0.0,0.0,0.0,0.0,0.0,0.0,0.0,0.0,0.0,0.0,0.0,0.0,0.0,0.0,0.0,0.0,0.0,0.0,0.0,0.0,0.0,0.0,0.0,0.0,0.0,0.0,0.0,0.0,0.0,1500.0,16183.47,0.02,0.0,0.0,0.0,0.0,0.0,11.04
2008-01-11,0.0,0.0,0.0,0.0,0.0,0.0,0.0,0.0,0.0,0.0,0.0,0.0,0.0,0.0,0.0,0.0,0.0,0.0,0.0,0.0,0.0,0.0,0.0,0.0,0.0,0.0,0.0,0.0,0.0,1500.0,15685.06,0.02,0.0,0.0,0.0,0.0,0.0,10.7
2008-01-14,0.0,0.0,0.0,0.0,0.0,0.0,0.0,0.0,0.0,0.0,0.0,0.0,0.0,0.0,0.0,0.0,0.0,0.0,0.0,0.0,0.0,0.0,0.0,0.0,0.0,0.0,0.0,0.0,0.0,1500.0,15611.77,0.02,0.0,0.0,0.0,0.0,0.0,10.65
2008-01-15,0.0,0.0,0.0,0.0,0.0,0.0,0.0,0.0,0.0,0.0,0.0,0.0,0.0,0.0,0.0,0.0,0.0,0.0,0.0,0.0,0.0,0.0,0.0,0.0,0.0,0.0,0.0,0.0,0.0,1500.0,15391.88,0.02,0.0,0.0,0.0,0.0,0.0,10.5
2008-01-16,0.0,0.0,0.0,0.0,0.0,0.0,0.0,0.0,0.0,0.0,0.0,0.0,0.0,0.0,0.0,0.0,0.0,0.0,0.0,0.0,0.0,0.0,0.0,0.0,0.0,0.0,0.0,0.0,0.0,1500.0,14658.94,0.02,0.0,0.0,0.0,0.0,0.0,10.0
2008-01-17,0.0,0.0,0.0,0.0,0.0,0.0,0.0,0.0,0.0,0.0,0.0,0.0,0.0,0.0,0.0,0.0,0.0,0.0,0.0,0.0,0.0,0.0,0.0,0.0,0.0,0.0,0.0,0.0,0.0,1500.0,14658.94,0.02,0.0,0.0,0.0,0.0,0.0,10.0
2008-01-18,0.0,0.0,0.0,0.0,0.0,0.0,0.0,0.0,0.0,0.0,0.0,0.0,0.0,0.0,0.0,0.0,0.0,0.0,0.0,0.0,0.0,0.0,0.0,0.0,0.0,0.0,0.0,0.0,0.0,1500.0,14952.11,0.02,0.0,0.0,0.0,0.0,0.0,10.2
2008-01-21,0.0,0.0,0.0,0.0,0.0,0.0,0.0,0.0,0.0,0.0,0.0,0.0,0.0,0.0,0.0,0.0,0.0,0.0,0.0,0.0,0.0,0.0,0.0,0.0,0.0,0.0,0.0,0.0,0.0,1500.0,14292.46,0.02,0.0,0.0,0.0,0.0,0.0,9.75
2008-01-22,0.0,0.0,0.0,0.0,0.0,0.0,0.0,0.0,0.0,0.0,0.0,0.0,0.0,0.0,0.0,0.0,0.0,0.0,0.0,0.0,0.0,0.0,0.0,0.0,0.0,0.0,0.0,0.0,0.0,1500.0,13984.62,0.01,0.0,0.0,0.0,0.0,0.0,9.54
2008-01-23,0.0,0.0,0.0,0.0,0.0,0.0,0.0,0.0,0.0,0.0,0.0,0.0,0.0,0.0,0.0,0.0,0.0,0.0,0.0,0.0,0.0,0.0,0.0,0.0,0.0,0.0,0.0,0.0,0.0,1500.0,13779.4,0.01,0.0,0.0,0.0,0.0,0.0,9.4
2008-01-24,0.0,0.0,0.0,0.0,0.0,0.0,0.0,0.0,0.0,0.0,0.0,0.0,0.0,0.0,0.0,0.0,0.0,0.0,0.0,0.0,0.0,0.0,0.0,0.0,0.0,0.0,0.0,0.0,0.0,1500.0,13559.52,0.01,0.0,0.0,0.0,0.0,0.0,9.25
2008-01-25,0.0,0.0,0.0,0.0,0.0,0.0,0.0,0.0,0.0,0.0,0.0,0.0,0.0,0.0,0.0,0.0,0.0,0.0,0.0,0.0,0.0,0.0,0.0,0.0,0.0,0.0,0.0,0.0,0.0,1500.0,14145.87,0.01,0.0,0.0,0.0,0.0,0.0,9.65
2008-01-28,0.0,0.0,0.0,0.0,0.0,0.0,0.0,0.0,0.0,0.0,0.0,0.0,0.0,0.0,0.0,0.0,0.0,0.0,0.0,0.0,0.0,0.0,0.0,0.0,0.0,0.0,0.0,0.0,0.0,1500.0,13794.06,0.01,0.0,0.0,0.0,0.0,0.0,9.41
2008-01-29,0.0,0.0,0.0,0.0,0.0,0.0,0.0,0.0,0.0,0.0,0.0,0.0,0.0,0.0,0.0,0.0,0.0,0.0,0.0,0.0,0.0,0.0,0.0,0.0,0.0,0.0,0.0,0.0,0.0,1500.0,13632.81,0.01,0.0,0.0,0.0,0.0,0.0,9.3
2008-01-30,0.0,0.0,0.0,0.0,0.0,0.0,0.0,0.0,0.0,0.0,0.0,0.0,0.0,0.0,0.0,0.0,0.0,0.0,0.0,0.0,0.0,0.0,0.0,0.0,0.0,0.0,0.0,0.0,0.0,1500.0,14717.57,0.01,0.0,0.0,0.0,0.0,0.0,10.04
2008-01-31,0.0,0.0,0.0,0.0,0.0,0.0,0.0,0.0,0.0,0.0,0.0,0.0,0.0,0.0,0.0,0.0,0.0,0.0,0.0,0.0,0.0,0.0,0.0,0.0,0.0,0.0,0.0,0.0,0.0,1500.0,14512.35,0.02,0.0,0.0,0.0,0.0,0.0,9.9
2008-02-01,0.0,0.0,0.0,0.0,0.0,0.0,0.0,0.0,0.0,0.0,0.0,0.0,0.0,0.0,0.0,0.0,0.0,0.0,0.0,0.0,0.0,0.0,0.0,0.0,0.0,0.0,0.0,0.0,0.0,1500.0,14497.69,0.01,0.0,0.0,0.0,0.0,0.0,9.89
2008-02-04,0.0,0.0,0.0,0.0,0.0,0.0,0.0,0.0,0.0,0.0,0.0,0.0,0.0,0.0,0.0,0.0,0.0,0.0,0.0,0.0,0.0,0.0,0.0,0.0,0.0,0.0,0.0,0.0,0.0,1500.0,14219.17,0.01,0.0,0.0,0.0,0.0,0.0,9.7
2008-02-05,0.0,0.0,0.0,0.0,0.0,0.0,0.0,0.0,0.0,0.0,0.0,0.0,0.0,0.0,0.0,0.0,0.0,0.0,0.0,0.0,0.0,0.0,0.0,0.0,0.0,0.0,0.0,0.0,0.0,1500.0,14395.08,0.01,0.0,0.0,0.0,0.0,0.0,9.82
2008-02-06,0.0,0.0,0.0,0.0,0.0,0.0,0.0,0.0,0.0,0.0,0.0,0.0,0.0,0.0,0.0,0.0,0.0,0.0,0.0,0.0,0.0,0.0,0.0,0.0,0.0,0.0,0.0,0.0,0.0,1500.0,14204.51,0.01,0.0,0.0,0.0,0.0,0.0,9.69
2008-02-07,0.0,0.0,0.0,0.0,0.0,0.0,0.0,0.0,0.0,0.0,0.0,0.0,0.0,0.0,0.0,0.0,0.0,0.0,0.0,0.0,0.0,0.0,0.0,0.0,0.0,0.0,0.0,0.0,0.0,1500.0,14145.87,0.01,0.0,0.0,0.0,0.0,0.0,9.65
2008-02-08,0.0,0.0,0.0,0.0,0.0,0.0,0.0,0.0,0.0,0.0,0.0,0.0,0.0,0.0,0.0,0.0,0.0,0.0,0.0,0.0,0.0,0.0,0.0,0.0,0.0,0.0,0.0,0.0,0.0,1500.0,14219.17,0.01,0.0,0.0,0.0,0.0,0.0,9.7
2008-02-11,0.0,0.0,0.0,0.0,0.0,0.0,0.0,0.0,0.0,0.0,0.0,0.0,0.0,0.0,0.0,0.0,0.0,0.0,0.0,0.0,0.0,0.0,0.0,0.0,0.0,0.0,0.0,0.0,0.0,1500.0,15245.29,0.01,0.0,0.0,0.0,0.0,0.0,10.4
2008-02-12,0.0,0.0,0.0,0.0,0.0,0.0,0.0,0.0,0.0,0.0,0.0,0.0,0.0,0.0,0.0,0.0,0.0,0.0,0.0,0.0,0.0,0.0,0.0,0.0,0.0,0.0,0.0,0.0,0.0,1500.0,14644.28,0.02,0.0,0.0,0.0,0.0,0.0,9.99
2008-02-13,0.0,0.0,0.0,0.0,0.0,0.0,0.0,0.0,0.0,0.0,0.0,0.0,0.0,0.0,0.0,0.0,0.0,0.0,0.0,0.0,0.0,0.0,0.0,0.0,0.0,0.0,0.0,0.0,0.0,1500.0,14937.46,0.02,0.0,0.0,0.0,0.0,0.0,10.19
2008-02-14,0.0,0.0,0.0,0.0,0.0,0.0,0.0,0.0,0.0,0.0,0.0,0.0,0.0,0.0,0.0,0.0,0.0,0.0,0.0,0.0,0.0,0.0,0.0,0.0,0.0,0.0,0.0,0.0,0.0,1500.0,14922.8,0.02,0.0,0.0,0.0,0.0,0.0,10.18
2008-02-15,0.0,0.0,0.0,0.0,0.0,0.0,0.0,0.0,0.0,0.0,0.0,0.0,0.0,0.0,0.0,0.0,0.0,0.0,0.0,0.0,0.0,0.0,0.0,0.0,0.0,0.0,0.0,0.0,0.0,1500.0,14922.8,0.02,0.0,0.0,0.0,0.0,0.0,10.18
2008-02-18,0.0,0.0,0.0,0.0,0.0,0.0,0.0,0.0,0.0,0.0,0.0,0.0,0.0,0.0,0.0,0.0,0.0,0.0,0.0,0.0,0.0,0.0,0.0,0.0,0.0,0.0,0.0,0.0,0.0,1500.0,14908.14,0.02,0.0,0.0,0.0,0.0,0.0,10.17
2008-02-19,0.0,0.0,0.0,0.0,0.0,0.0,0.0,0.0,0.0,0.0,0.0,0.0,0.0,0.0,0.0,0.0,0.0,0.0,0.0,0.0,0.0,0.0,0.0,0.0,0.0,0.0,0.0,0.0,0.0,1500.0,14952.11,0.02,0.0,0.0,0.0,0.0,0.0,10.2
2008-02-20,0.0,0.0,0.0,0.0,0.0,0.0,0.0,0.0,0.0,0.0,0.0,0.0,0.0,0.0,0.0,0.0,0.0,0.0,0.0,0.0,0.0,0.0,0.0,0.0,0.0,0.0,0.0,0.0,0.0,1500.0,14952.11,0.02,0.0,0.0,0.0,0.0,0.0,10.2
2008-02-21,0.0,0.0,0.0,0.0,0.0,0.0,0.0,0.0,0.0,0.0,0.0,0.0,0.0,0.0,0.0,0.0,0.0,0.0,0.0,0.0,0.0,0.0,0.0,0.0,0.0,0.0,0.0,0.0,0.0,1500.0,14952.11,0.02,0.0,0.0,0.0,0.0,0.0,10.2
2008-02-22,0.0,0.0,0.0,0.0,0.0,0.0,0.0,0.0,0.0,0.0,0.0,0.0,0.0,0.0,0.0,0.0,0.0,0.0,0.0,0.0,0.0,0.0,0.0,0.0,0.0,0.0,0.0,0.0,0.0,1500.0,14952.11,0.02,0.0,0.0,0.0,0.0,0.0,10.2
2008-02-25,0.0,0.0,0.0,0.0,0.0,0.0,0.0,0.0,0.0,0.0,0.0,0.0,0.0,0.0,0.0,0.0,0.0,0.0,0.0,0.0,0.0,0.0,0.0,0.0,0.0,0.0,0.0,0.0,0.0,1900.0,18567.99,0.02,0.0,0.0,0.0,0.0,0.0,10.0
2008-02-26,0.0,0.0,0.0,0.0,0.0,0.0,0.0,0.0,0.0,0.0,0.0,0.0,0.0,0.0,0.0,0.0,0.0,0.0,0.0,0.0,0.0,0.0,0.0,0.0,0.0,0.0,0.0,0.0,0.0,1900.0,18567.99,0.02,0.0,0.0,0.0,0.0,0.0,10.0
2008-02-27,0.0,0.0,0.0,0.0,0.0,0.0,0.0,0.0,0.0,0.0,0.0,0.0,0.0,0.0,0.0,0.0,0.0,0.0,0.0,0.0,0.0,0.0,0.0,0.0,0.0,0.0,0.0,0.0,0.0,1900.0,18493.71,0.02,0.0,0.0,0.0,0.0,0.0,9.96
2008-02-28,0.0,0.0,0.0,0.0,0.0,0.0,0.0,0.0,0.0,0.0,0.0,0.0,0.0,0.0,0.0,0.0,0.0,0.0,0.0,0.0,0.0,0.0,0.0,0.0,0.0,0.0,0.0,0.0,0.0,1900.0,18512.28,0.02,0.0,0.0,0.0,0.0,0.0,9.97
2008-02-29,0.0,0.0,0.0,0.0,0.0,0.0,0.0,0.0,0.0,0.0,0.0,0.0,0.0,0.0,0.0,0.0,0.0,0.0,0.0,0.0,0.0,0.0,0.0,0.0,0.0,0.0,0.0,0.0,0.0,1900.0,18567.99,0.02,0.0,0.0,0.0,0.0,0.0,10.0
2008-03-03,0.0,0.0,0.0,0.0,0.0,0.0,0.0,0.0,0.0,0.0,0.0,0.0,0.0,0.0,0.0,0.0,0.0,0.0,0.0,0.0,0.0,0.0,0.0,0.0,0.0,0.0,0.0,0.0,0.0,1900.0,18567.99,0.02,0.0,0.0,0.0,0.0,0.0,10.0
2008-03-04,0.0,0.0,0.0,0.0,0.0,0.0,0.0,0.0,0.0,0.0,0.0,0.0,0.0,0.0,0.0,0.0,0.0,0.0,0.0,0.0,0.0,0.0,0.0,0.0,0.0,0.0,0.0,0.0,0.0,1900.0,18549.42,0.02,0.0,0.0,0.0,0.0,0.0,9.99
2008-03-05,0.0,0.0,0.0,0.0,0.0,0.0,0.0,0.0,0.0,0.0,0.0,0.0,0.0,0.0,0.0,0.0,0.0,0.0,0.0,0.0,0.0,0.0,0.0,0.0,0.0,0.0,0.0,0.0,0.0,1900.0,18512.28,0.02,0.0,0.0,0.0,0.0,0.0,9.97
2008-03-06,0.0,0.0,0.0,0.0,0.0,0.0,0.0,0.0,0.0,0.0,0.0,0.0,0.0,0.0,0.0,0.0,0.0,0.0,0.0,0.0,0.0,0.0,0.0,0.0,0.0,0.0,0.0,0.0,0.0,1900.0,18419.44,0.02,0.0,0.0,0.0,0.0,0.0,9.92
2008-03-07,0.0,0.0,0.0,0.0,0.0,0.0,0.0,0.0,0.0,0.0,0.0,0.0,0.0,0.0,0.0,0.0,0.0,0.0,0.0,0.0,0.0,0.0,0.0,0.0,0.0,0.0,0.0,0.0,0.0,1900.0,18567.99,0.02,0.0,0.0,0.0,0.0,0.0,10.0
2008-03-10,0.0,0.0,0.0,0.0,0.0,0.0,0.0,0.0,0.0,0.0,0.0,0.0,0.0,0.0,0.0,0.0,0.0,0.0,0.0,0.0,0.0,0.0,0.0,0.0,0.0,0.0,0.0,0.0,0.0,1900.0,18010.95,0.02,0.0,0.0,0.0,0.0,0.0,9.7
2008-03-11,0.0,0.0,0.0,0.0,0.0,0.0,0.0,0.0,0.0,0.0,0.0,0.0,0.0,0.0,0.0,0.0,0.0,0.0,0.0,0.0,0.0,0.0,0.0,0.0,0.0,0.0,0.0,0.0,0.0,1900.0,17286.79,0.02,0.0,0.0,0.0,0.0,0.0,9.31
2008-03-12,0.0,0.0,0.0,0.0,0.0,0.0,0.0,0.0,0.0,0.0,0.0,0.0,0.0,0.0,0.0,0.0,0.0,0.0,0.0,0.0,0.0,0.0,0.0,0.0,0.0,0.0,0.0,0.0,0.0,1900.0,18196.63,0.02,0.0,0.0,0.0,0.0,0.0,9.8
2008-03-13,0.0,0.0,0.0,0.0,0.0,0.0,0.0,0.0,0.0,0.0,0.0,0.0,0.0,0.0,0.0,0.0,0.0,0.0,0.0,0.0,0.0,0.0,0.0,0.0,0.0,0.0,0.0,0.0,0.0,1900.0,18215.19,0.02,0.0,0.0,0.0,0.0,0.0,9.81
2008-03-14,0.0,0.0,0.0,0.0,0.0,0.0,0.0,0.0,0.0,0.0,0.0,0.0,0.0,0.0,0.0,0.0,0.0,0.0,0.0,0.0,0.0,0.0,0.0,0.0,0.0,0.0,0.0,0.0,0.0,1900.0,18215.19,0.02,0.0,0.0,0.0,0.0,0.0,9.81
2008-03-17,0.0,0.0,0.0,0.0,0.0,0.0,0.0,0.0,0.0,0.0,0.0,0.0,0.0,0.0,0.0,0.0,0.0,0.0,0.0,0.0,0.0,0.0,0.0,0.0,0.0,0.0,0.0,0.0,0.0,1900.0,17992.38,0.02,0.0,0.0,0.0,0.0,0.0,9.69
2008-03-18,0.0,0.0,0.0,0.0,0.0,0.0,0.0,0.0,0.0,0.0,0.0,0.0,0.0,0.0,0.0,0.0,0.0,0.0,0.0,0.0,0.0,0.0,0.0,0.0,0.0,0.0,0.0,0.0,0.0,1900.0,18289.47,0.02,0.0,0.0,0.0,0.0,0.0,9.85
2008-03-19,0.0,0.0,0.0,0.0,0.0,0.0,0.0,0.0,0.0,0.0,0.0,0.0,0.0,0.0,0.0,0.0,0.0,0.0,0.0,0.0,0.0,0.0,0.0,0.0,0.0,0.0,0.0,0.0,0.0,1900.0,18196.63,0.02,0.0,0.0,0.0,0.0,0.0,9.8
2008-03-20,0.0,0.0,0.0,0.0,0.0,0.0,0.0,0.0,0.0,0.0,0.0,0.0,0.0,0.0,0.0,0.0,0.0,0.0,0.0,0.0,0.0,0.0,0.0,0.0,0.0,0.0,0.0,0.0,0.0,1900.0,17750.99,0.02,0.0,0.0,0.0,0.0,0.0,9.56
2008-03-21,0.0,0.0,0.0,0.0,0.0,0.0,0.0,0.0,0.0,0.0,0.0,0.0,0.0,0.0,0.0,0.0,0.0,0.0,0.0,0.0,0.0,0.0,0.0,0.0,0.0,0.0,0.0,0.0,0.0,1900.0,17750.99,0.02,0.0,0.0,0.0,0.0,0.0,0.0
2008-03-24,0.0,0.0,0.0,0.0,0.0,0.0,0.0,0.0,0.0,0.0,0.0,0.0,0.0,0.0,0.0,0.0,0.0,0.0,0.0,0.0,0.0,0.0,0.0,0.0,0.0,0.0,0.0,0.0,0.0,1900.0,17750.99,0.02,0.0,0.0,0.0,0.0,0.0,0.0
2008-03-25,0.0,0.0,0.0,0.0,0.0,0.0,0.0,0.0,0.0,0.0,0.0,0.0,0.0,0.0,0.0,0.0,0.0,0.0,0.0,0.0,0.0,0.0,0.0,0.0,0.0,0.0,0.0,0.0,0.0,1900.0,16785.46,0.02,0.0,0.0,0.0,0.0,0.0,9.04
2008-03-26,0.0,0.0,0.0,0.0,0.0,0.0,0.0,0.0,0.0,0.0,0.0,0.0,0.0,0.0,0.0,0.0,0.0,0.0,0.0,0.0,0.0,0.0,0.0,0.0,0.0,0.0,0.0,0.0,0.0,1900.0,16711.19,0.02,0.0,0.0,0.0,0.0,0.0,9.0
2008-03-27,0.0,0.0,0.0,0.0,0.0,0.0,0.0,0.0,0.0,0.0,0.0,0.0,0.0,0.0,0.0,0.0,0.0,0.0,0.0,0.0,0.0,0.0,0.0,0.0,0.0,0.0,0.0,0.0,0.0,1900.0,16692.62,0.02,0.0,0.0,0.0,0.0,0.0,8.99
2008-03-28,0.0,0.0,0.0,0.0,0.0,0.0,0.0,0.0,0.0,0.0,0.0,0.0,0.0,0.0,0.0,0.0,0.0,0.0,0.0,0.0,0.0,0.0,0.0,0.0,0.0,0.0,0.0,0.0,0.0,1900.0,16711.19,0.02,0.0,0.0,0.0,0.0,0.0,9.0
2008-03-31,0.0,0.0,0.0,0.0,0.0,0.0,0.0,0.0,0.0,0.0,0.0,0.0,0.0,0.0,0.0,0.0,0.0,0.0,0.0,0.0,0.0,0.0,0.0,0.0,0.0,0.0,0.0,0.0,0.0,1900.0,16711.19,0.02,0.0,0.0,0.0,0.0,0.0,9.0
2008-04-01,0.0,0.0,0.0,0.0,0.0,0.0,0.0,0.0,0.0,0.0,0.0,0.0,0.0,0.0,0.0,0.0,0.0,0.0,0.0,0.0,0.0,0.0,0.0,0.0,0.0,0.0,0.0,0.0,0.0,1900.0,16692.62,0.02,0.0,0.0,0.0,0.0,0.0,8.99
2008-04-02,0.0,0.0,0.0,0.0,0.0,0.0,0.0,0.0,0.0,0.0,0.0,0.0,0.0,0.0,0.0,0.0,0.0,0.0,0.0,0.0,0.0,0.0,0.0,0.0,0.0,0.0,0.0,0.0,0.0,1900.0,16228.42,0.02,0.0,0.0,0.0,0.0,0.0,8.74
2008-04-03,0.0,0.0,0.0,0.0,0.0,0.0,0.0,0.0,0.0,0.0,0.0,0.0,0.0,0.0,0.0,0.0,0.0,0.0,0.0,0.0,0.0,0.0,0.0,0.0,0.0,0.0,0.0,0.0,0.0,1900.0,16562.64,0.02,0.0,0.0,0.0,0.0,0.0,8.92
2008-04-04,0.0,0.0,0.0,0.0,0.0,0.0,0.0,0.0,0.0,0.0,0.0,0.0,0.0,0.0,0.0,0.0,0.0,0.0,0.0,0.0,0.0,0.0,0.0,0.0,0.0,0.0,0.0,0.0,0.0,1900.0,16488.37,0.02,0.0,0.0,0.0,0.0,0.0,8.88
2008-04-07,0.0,0.0,0.0,0.0,0.0,0.0,0.0,0.0,0.0,0.0,0.0,0.0,0.0,0.0,0.0,0.0,0.0,0.0,0.0,0.0,0.0,0.0,0.0,0.0,0.0,0.0,0.0,0.0,0.0,1900.0,16711.19,0.02,0.0,0.0,0.0,0.0,0.0,9.0
2008-04-08,0.0,0.0,0.0,0.0,0.0,0.0,0.0,0.0,0.0,0.0,0.0,0.0,0.0,0.0,0.0,0.0,0.0,0.0,0.0,0.0,0.0,0.0,0.0,0.0,0.0,0.0,0.0,0.0,0.0,1900.0,16729.76,0.02,0.0,0.0,0.0,0.0,0.0,9.01
2008-04-09,0.0,0.0,0.0,0.0,0.0,0.0,0.0,0.0,0.0,0.0,0.0,0.0,0.0,0.0,0.0,0.0,0.0,0.0,0.0,0.0,0.0,0.0,0.0,0.0,0.0,0.0,0.0,0.0,0.0,1900.0,16711.19,0.02,0.0,0.0,0.0,0.0,0.0,9.0
2008-04-10,0.0,0.0,0.0,0.0,0.0,0.0,0.0,0.0,0.0,0.0,0.0,0.0,0.0,0.0,0.0,0.0,0.0,0.0,0.0,0.0,0.0,0.0,0.0,0.0,0.0,0.0,0.0,0.0,0.0,1900.0,16692.62,0.02,0.0,0.0,0.0,0.0,0.0,8.99
2008-04-11,0.0,0.0,0.0,0.0,0.0,0.0,0.0,0.0,0.0,0.0,0.0,0.0,0.0,0.0,0.0,0.0,0.0,0.0,0.0,0.0,0.0,0.0,0.0,0.0,0.0,0.0,0.0,0.0,0.0,1900.0,16618.35,0.02,0.0,0.0,0.0,0.0,0.0,8.95
2008-04-14,0.0,0.0,0.0,0.0,0.0,0.0,0.0,0.0,0.0,0.0,0.0,0.0,0.0,0.0,0.0,0.0,0.0,0.0,0.0,0.0,0.0,0.0,0.0,0.0,0.0,0.0,0.0,0.0,0.0,6900.0,60688.0,0.06,0.0,0.0,0.0,0.0,0.0,9.0
2008-04-15,0.0,0.0,0.0,0.0,0.0,0.0,0.0,0.0,0.0,0.0,0.0,0.0,0.0,0.0,0.0,0.0,0.0,0.0,0.0,0.0,0.0,0.0,0.0,0.0,0.0,0.0,0.0,0.0,0.0,6900.0,60620.56,0.06,0.0,0.0,0.0,0.0,0.0,8.99
2008-04-16,0.0,0.0,0.0,0.0,0.0,0.0,0.0,0.0,0.0,0.0,0.0,0.0,0.0,0.0,0.0,0.0,0.0,0.0,0.0,0.0,0.0,0.0,0.0,0.0,0.0,0.0,0.0,0.0,0.0,6900.0,60553.13,0.06,0.0,0.0,0.0,0.0,0.0,8.98
2008-04-17,0.0,0.0,0.0,0.0,0.0,0.0,0.0,0.0,0.0,0.0,0.0,0.0,0.0,0.0,0.0,0.0,0.0,0.0,0.0,0.0,0.0,0.0,0.0,0.0,0.0,0.0,0.0,0.0,0.0,6900.0,59069.65,0.06,0.0,0.0,0.0,0.0,0.0,8.76
2008-04-18,0.0,0.0,0.0,0.0,0.0,0.0,0.0,0.0,0.0,0.0,0.0,0.0,0.0,0.0,0.0,0.0,0.0,0.0,0.0,0.0,0.0,0.0,0.0,0.0,0.0,0.0,0.0,0.0,0.0,6900.0,60350.84,0.06,0.0,0.0,0.0,0.0,0.0,8.95
2008-04-21,0.0,0.0,0.0,0.0,0.0,0.0,0.0,0.0,0.0,0.0,0.0,0.0,0.0,0.0,0.0,0.0,0.0,0.0,0.0,0.0,0.0,0.0,0.0,0.0,0.0,0.0,0.0,0.0,0.0,6900.0,59271.94,0.06,0.0,0.0,0.0,0.0,0.0,8.79
2008-04-22,0.0,0.0,0.0,0.0,0.0,0.0,0.0,0.0,0.0,0.0,0.0,0.0,0.0,0.0,0.0,0.0,0.0,0.0,0.0,0.0,0.0,0.0,0.0,0.0,0.0,0.0,0.0,0.0,0.0,6900.0,60350.84,0.06,0.0,0.0,0.0,0.0,0.0,8.95
2008-04-23,0.0,0.0,0.0,0.0,0.0,0.0,0.0,0.0,0.0,0.0,0.0,0.0,0.0,0.0,0.0,0.0,0.0,0.0,0.0,0.0,0.0,0.0,0.0,0.0,0.0,0.0,0.0,0.0,0.0,6900.0,59339.37,0.06,0.0,0.0,0.0,0.0,0.0,8.8
2008-04-24,0.0,0.0,0.0,0.0,0.0,0.0,0.0,0.0,0.0,0.0,0.0,0.0,0.0,0.0,0.0,0.0,0.0,0.0,0.0,0.0,0.0,0.0,0.0,0.0,0.0,0.0,0.0,0.0,0.0,6900.0,60688.0,0.06,0.0,0.0,0.0,0.0,0.0,9.0
2008-04-25,0.0,0.0,0.0,0.0,0.0,0.0,0.0,0.0,0.0,0.0,0.0,0.0,0.0,0.0,0.0,0.0,0.0,0.0,0.0,0.0,0.0,0.0,0.0,0.0,0.0,0.0,0.0,0.0,0.0,6900.0,60688.0,0.06,0.0,0.0,0.0,0.0,0.0,9.0
2008-04-28,0.0,0.0,0.0,0.0,0.0,0.0,0.0,0.0,0.0,0.0,0.0,0.0,0.0,0.0,0.0,0.0,0.0,0.0,0.0,0.0,0.0,0.0,0.0,0.0,0.0,0.0,0.0,0.0,0.0,6900.0,60688.0,0.06,0.0,0.0,0.0,0.0,0.0,9.0
2008-04-29,0.0,0.0,0.0,0.0,0.0,0.0,0.0,0.0,0.0,0.0,0.0,0.0,0.0,0.0,0.0,0.0,0.0,0.0,0.0,0.0,0.0,0.0,0.0,0.0,0.0,0.0,0.0,0.0,0.0,6900.0,60688.0,0.06,0.0,0.0,0.0,0.0,0.0,9.0
2008-04-30,0.0,0.0,0.0,0.0,0.0,0.0,0.0,0.0,0.0,0.0,0.0,0.0,0.0,0.0,0.0,0.0,0.0,0.0,0.0,0.0,0.0,0.0,0.0,0.0,0.0,0.0,0.0,0.0,0.0,6900.0,60688.0,0.06,0.0,0.0,0.0,0.0,0.0,9.0
2008-05-01,0.0,0.0,0.0,0.0,0.0,0.0,0.0,0.0,0.0,0.0,0.0,0.0,0.0,0.0,0.0,0.0,0.0,0.0,0.0,0.0,0.0,0.0,0.0,0.0,0.0,0.0,0.0,0.0,0.0,6900.0,60688.0,0.06,0.0,0.0,0.0,0.0,0.0,0.0
2008-05-02,0.0,0.0,0.0,0.0,0.0,0.0,0.0,0.0,0.0,0.0,0.0,0.0,0.0,0.0,0.0,0.0,0.0,0.0,0.0,0.0,0.0,0.0,0.0,0.0,0.0,0.0,0.0,0.0,0.0,6900.0,60620.56,0.06,0.0,0.0,0.0,0.0,0.0,8.99
2008-05-05,0.0,0.0,0.0,0.0,0.0,0.0,0.0,0.0,0.0,0.0,0.0,0.0,0.0,0.0,0.0,0.0,0.0,0.0,0.0,0.0,0.0,0.0,0.0,0.0,0.0,0.0,0.0,0.0,0.0,6900.0,60688.0,0.06,0.0,0.0,0.0,0.0,0.0,9.0
2008-05-06,0.0,0.0,0.0,0.0,0.0,0.0,0.0,0.0,0.0,0.0,0.0,0.0,0.0,0.0,0.0,0.0,0.0,0.0,0.0,0.0,0.0,0.0,0.0,0.0,0.0,0.0,0.0,0.0,0.0,6900.0,60688.0,0.06,0.0,0.0,0.0,0.0,0.0,9.0
2008-05-07,0.0,0.0,0.0,0.0,0.0,0.0,0.0,0.0,0.0,0.0,0.0,0.0,0.0,0.0,0.0,0.0,0.0,0.0,0.0,0.0,0.0,0.0,0.0,0.0,0.0,0.0,0.0,0.0,0.0,6900.0,60350.84,0.06,0.0,0.0,0.0,0.0,0.0,8.95
2008-05-08,0.0,0.0,0.0,0.0,0.0,0.0,0.0,0.0,0.0,0.0,0.0,0.0,0.0,0.0,0.0,0.0,0.0,0.0,0.0,0.0,0.0,0.0,0.0,0.0,0.0,0.0,0.0,0.0,0.0,6900.0,60013.68,0.06,0.0,0.0,0.0,0.0,0.0,8.9
2008-05-09,0.0,0.0,0.0,0.0,0.0,0.0,0.0,0.0,0.0,0.0,0.0,0.0,0.0,0.0,0.0,0.0,0.0,0.0,0.0,0.0,0.0,0.0,0.0,0.0,0.0,0.0,0.0,0.0,0.0,6900.0,60283.41,0.06,0.0,0.0,0.0,0.0,0.0,8.94
2008-05-12,0.0,0.0,0.0,0.0,0.0,0.0,0.0,0.0,0.0,0.0,0.0,0.0,0.0,0.0,0.0,0.0,0.0,0.0,0.0,0.0,0.0,0.0,0.0,0.0,0.0,0.0,0.0,0.0,0.0,6900.0,60283.41,0.06,0.0,0.0,0.0,0.0,0.0,8.94
2008-05-13,0.0,0.0,0.0,0.0,0.0,0.0,0.0,0.0,0.0,0.0,0.0,0.0,0.0,0.0,0.0,0.0,0.0,0.0,0.0,0.0,0.0,0.0,0.0,0.0,0.0,0.0,0.0,0.0,0.0,6900.0,59069.65,0.06,0.0,0.0,0.0,0.0,0.0,8.76
2008-05-14,0.0,0.0,0.0,0.0,0.0,0.0,0.0,0.0,0.0,0.0,0.0,0.0,0.0,0.0,0.0,0.0,0.0,0.0,0.0,0.0,0.0,0.0,0.0,0.0,0.0,0.0,0.0,0.0,0.0,6900.0,58327.91,0.06,0.0,0.0,0.0,0.0,0.0,8.65
2008-05-15,0.0,0.0,0.0,0.0,0.0,0.0,0.0,0.0,0.0,0.0,0.0,0.0,0.0,0.0,0.0,0.0,0.0,0.0,0.0,0.0,0.0,0.0,0.0,0.0,0.0,0.0,0.0,0.0,0.0,6900.0,58327.91,0.06,0.0,0.0,0.0,0.0,0.0,8.65
2008-05-16,0.0,0.0,0.0,0.0,0.0,0.0,0.0,0.0,0.0,0.0,0.0,0.0,0.0,0.0,0.0,0.0,0.0,0.0,0.0,0.0,0.0,0.0,0.0,0.0,0.0,0.0,0.0,0.0,0.0,6900.0,57114.15,0.06,0.0,0.0,0.0,0.0,0.0,8.47
2008-05-19,0.0,0.0,0.0,0.0,0.0,0.0,0.0,0.0,0.0,0.0,0.0,0.0,0.0,0.0,0.0,0.0,0.0,0.0,0.0,0.0,0.0,0.0,0.0,0.0,0.0,0.0,0.0,0.0,0.0,6900.0,58799.92,0.06,0.0,0.0,0.0,0.0,0.0,8.72
2008-05-20,0.0,0.0,0.0,0.0,0.0,0.0,0.0,0.0,0.0,0.0,0.0,0.0,0.0,0.0,0.0,0.0,0.0,0.0,0.0,0.0,0.0,0.0,0.0,0.0,0.0,0.0,0.0,0.0,0.0,6900.0,58867.36,0.06,0.0,0.0,0.0,0.0,0.0,8.73
2008-05-21,0.0,0.0,0.0,0.0,0.0,0.0,0.0,0.0,0.0,0.0,0.0,0.0,0.0,0.0,0.0,0.0,0.0,0.0,0.0,0.0,0.0,0.0,0.0,0.0,0.0,0.0,0.0,0.0,0.0,6900.0,58867.36,0.06,0.0,0.0,0.0,0.0,0.0,8.73
2008-05-22,0.0,0.0,0.0,0.0,0.0,0.0,0.0,0.0,0.0,0.0,0.0,0.0,0.0,0.0,0.0,0.0,0.0,0.0,0.0,0.0,0.0,0.0,0.0,0.0,0.0,0.0,0.0,0.0,0.0,6900.0,58867.36,0.06,0.0,0.0,0.0,0.0,0.0,8.73
2008-05-23,0.0,0.0,0.0,0.0,0.0,0.0,0.0,0.0,0.0,0.0,0.0,0.0,0.0,0.0,0.0,0.0,0.0,0.0,0.0,0.0,0.0,0.0,0.0,0.0,0.0,0.0,0.0,0.0,0.0,6900.0,57316.44,0.06,0.0,0.0,0.0,0.0,0.0,8.5
2008-05-26,0.0,0.0,0.0,0.0,0.0,0.0,0.0,0.0,0.0,0.0,0.0,0.0,0.0,0.0,0.0,0.0,0.0,0.0,0.0,0.0,0.0,0.0,0.0,0.0,0.0,0.0,0.0,0.0,0.0,6900.0,56237.54,0.06,0.0,0.0,0.0,0.0,0.0,8.34
2008-05-27,0.0,0.0,0.0,0.0,0.0,0.0,0.0,0.0,0.0,0.0,0.0,0.0,0.0,0.0,0.0,0.0,0.0,0.0,0.0,0.0,0.0,0.0,0.0,0.0,0.0,0.0,0.0,0.0,0.0,6900.0,56237.54,0.06,0.0,0.0,0.0,0.0,0.0,8.34
2008-05-28,0.0,0.0,0.0,0.0,0.0,0.0,0.0,0.0,0.0,0.0,0.0,0.0,0.0,0.0,0.0,0.0,0.0,0.0,0.0,0.0,0.0,0.0,0.0,0.0,0.0,0.0,0.0,0.0,0.0,6900.0,57855.89,0.06,0.0,0.0,0.0,0.0,0.0,8.58
2008-05-29,0.0,0.0,0.0,0.0,0.0,0.0,0.0,0.0,0.0,0.0,0.0,0.0,0.0,0.0,0.0,0.0,0.0,0.0,0.0,0.0,0.0,0.0,0.0,0.0,0.0,0.0,0.0,0.0,0.0,6900.0,57249.01,0.06,0.0,0.0,0.0,0.0,0.0,8.49
2008-05-30,0.0,0.0,0.0,0.0,0.0,0.0,0.0,0.0,0.0,0.0,0.0,0.0,0.0,0.0,0.0,0.0,0.0,0.0,0.0,0.0,0.0,0.0,0.0,0.0,0.0,0.0,0.0,0.0,0.0,6900.0,55023.78,0.06,0.0,0.0,0.0,0.0,0.0,8.16
2008-06-02,0.0,0.0,0.0,0.0,0.0,0.0,0.0,0.0,0.0,0.0,0.0,0.0,0.0,0.0,0.0,0.0,0.0,0.0,0.0,0.0,0.0,0.0,0.0,0.0,0.0,0.0,0.0,0.0,0.0,6900.0,55832.96,0.06,0.0,0.0,0.0,0.0,0.0,8.28
2008-06-03,0.0,0.0,0.0,0.0,0.0,0.0,0.0,0.0,0.0,0.0,0.0,0.0,0.0,0.0,0.0,0.0,0.0,0.0,0.0,0.0,0.0,0.0,0.0,0.0,0.0,0.0,0.0,0.0,0.0,6900.0,55495.8,0.06,0.0,0.0,0.0,0.0,0.0,8.23
2008-06-04,0.0,0.0,0.0,0.0,0.0,0.0,0.0,0.0,0.0,0.0,0.0,0.0,0.0,0.0,0.0,0.0,0.0,0.0,0.0,0.0,0.0,0.0,0.0,0.0,0.0,0.0,0.0,0.0,0.0,6900.0,55293.51,0.06,0.0,0.0,0.0,0.0,0.0,8.2
2008-06-05,0.0,0.0,0.0,0.0,0.0,0.0,0.0,0.0,0.0,0.0,0.0,0.0,0.0,0.0,0.0,0.0,0.0,0.0,0.0,0.0,0.0,0.0,0.0,0.0,0.0,0.0,0.0,0.0,0.0,6900.0,55158.64,0.06,0.0,0.0,0.0,0.0,0.0,8.18
2008-06-06,0.0,0.0,0.0,0.0,0.0,0.0,0.0,0.0,0.0,0.0,0.0,0.0,0.0,0.0,0.0,0.0,0.0,0.0,0.0,0.0,0.0,0.0,0.0,0.0,0.0,0.0,0.0,0.0,0.0,6900.0,54888.92,0.06,0.0,0.0,0.0,0.0,0.0,8.14
2008-06-09,0.0,0.0,0.0,0.0,0.0,0.0,0.0,0.0,0.0,0.0,0.0,0.0,0.0,0.0,0.0,0.0,0.0,0.0,0.0,0.0,0.0,0.0,0.0,0.0,0.0,0.0,0.0,0.0,0.0,6900.0,56642.13,0.06,0.0,0.0,0.0,0.0,0.0,8.4
2008-06-10,0.0,0.0,0.0,0.0,0.0,0.0,0.0,0.0,0.0,0.0,0.0,0.0,0.0,0.0,0.0,0.0,0.0,0.0,0.0,0.0,0.0,0.0,0.0,0.0,0.0,0.0,0.0,0.0,0.0,6900.0,56844.42,0.06,0.0,0.0,0.0,0.0,0.0,8.43
2008-06-11,0.0,0.0,0.0,0.0,0.0,0.0,0.0,0.0,0.0,0.0,0.0,0.0,0.0,0.0,0.0,0.0,0.0,0.0,0.0,0.0,0.0,0.0,0.0,0.0,0.0,0.0,0.0,0.0,0.0,5000.0,41045.02,0.04,0.0,0.0,0.0,0.0,0.0,8.4
2008-06-12,0.0,0.0,0.0,0.0,0.0,0.0,0.0,0.0,0.0,0.0,0.0,0.0,0.0,0.0,0.0,0.0,0.0,0.0,0.0,0.0,0.0,0.0,0.0,0.0,0.0,0.0,0.0,0.0,0.0,5000.0,40947.29,0.04,0.0,0.0,0.0,0.0,0.0,8.38
2008-06-13,0.0,0.0,0.0,0.0,0.0,0.0,0.0,0.0,0.0,0.0,0.0,0.0,0.0,0.0,0.0,0.0,0.0,0.0,0.0,0.0,0.0,0.0,0.0,0.0,0.0,0.0,0.0,0.0,0.0,5000.0,40654.12,0.04,0.0,0.0,0.0,0.0,0.0,8.32
2008-06-16,0.0,0.0,0.0,0.0,0.0,0.0,0.0,0.0,0.0,0.0,0.0,0.0,0.0,0.0,0.0,0.0,0.0,0.0,0.0,0.0,0.0,0.0,0.0,0.0,0.0,0.0,0.0,0.0,0.0,5000.0,40996.16,0.04,0.0,0.0,0.0,0.0,0.0,8.39
2008-06-17,0.0,0.0,0.0,0.0,0.0,0.0,0.0,0.0,0.0,0.0,0.0,0.0,0.0,0.0,0.0,0.0,0.0,0.0,0.0,0.0,0.0,0.0,0.0,0.0,0.0,0.0,0.0,0.0,0.0,5000.0,40067.76,0.04,0.0,0.0,0.0,0.0,0.0,8.2
2008-06-18,0.0,0.0,0.0,0.0,0.0,0.0,0.0,0.0,0.0,0.0,0.0,0.0,0.0,0.0,0.0,0.0,0.0,0.0,0.0,0.0,0.0,0.0,0.0,0.0,0.0,0.0,0.0,0.0,0.0,6900.0,53944.88,0.06,0.0,0.0,0.0,0.0,0.0,8.0
2008-06-19,0.0,0.0,0.0,0.0,0.0,0.0,0.0,0.0,0.0,0.0,0.0,0.0,0.0,0.0,0.0,0.0,0.0,0.0,0.0,0.0,0.0,0.0,0.0,0.0,0.0,0.0,0.0,0.0,0.0,6900.0,53540.3,0.06,0.0,0.0,0.0,0.0,0.0,7.94
2008-06-20,0.0,0.0,0.0,0.0,0.0,0.0,0.0,0.0,0.0,0.0,0.0,0.0,0.0,0.0,0.0,0.0,0.0,0.0,0.0,0.0,0.0,0.0,0.0,0.0,0.0,0.0,0.0,0.0,0.0,6900.0,53135.71,0.05,0.0,0.0,0.0,0.0,0.0,7.88
2008-06-23,0.0,0.0,0.0,0.0,0.0,0.0,0.0,0.0,0.0,0.0,0.0,0.0,0.0,0.0,0.0,0.0,0.0,0.0,0.0,0.0,0.0,0.0,0.0,0.0,0.0,0.0,0.0,0.0,0.0,6900.0,53068.28,0.05,0.0,0.0,0.0,0.0,0.0,7.87
2008-06-24,0.0,0.0,0.0,0.0,0.0,0.0,0.0,0.0,0.0,0.0,0.0,0.0,0.0,0.0,0.0,0.0,0.0,0.0,0.0,0.0,0.0,0.0,0.0,0.0,0.0,0.0,0.0,0.0,0.0,6900.0,53607.73,0.05,0.0,0.0,0.0,0.0,0.0,7.95
2008-06-25,0.0,0.0,0.0,0.0,0.0,0.0,0.0,0.0,0.0,0.0,0.0,0.0,0.0,0.0,0.0,0.0,0.0,0.0,0.0,0.0,0.0,0.0,0.0,0.0,0.0,0.0,0.0,0.0,0.0,6900.0,51045.35,0.05,0.0,0.0,0.0,0.0,0.0,7.57
2008-06-26,0.0,0.0,0.0,0.0,0.0,0.0,0.0,0.0,0.0,0.0,0.0,0.0,0.0,0.0,0.0,0.0,0.0,0.0,0.0,0.0,0.0,0.0,0.0,0.0,0.0,0.0,0.0,0.0,0.0,6900.0,51247.64,0.05,0.0,0.0,0.0,0.0,0.0,7.6
2008-06-27,0.0,0.0,0.0,0.0,0.0,0.0,0.0,0.0,0.0,0.0,0.0,0.0,0.0,0.0,0.0,0.0,0.0,0.0,0.0,0.0,0.0,0.0,0.0,0.0,0.0,0.0,0.0,0.0,0.0,6900.0,50708.19,0.05,0.0,0.0,0.0,0.0,0.0,7.52
2008-06-30,0.0,0.0,0.0,0.0,0.0,0.0,0.0,0.0,0.0,0.0,0.0,0.0,0.0,0.0,0.0,0.0,0.0,0.0,0.0,0.0,0.0,0.0,0.0,0.0,0.0,0.0,0.0,0.0,0.0,6900.0,49427.0,0.05,0.0,0.0,0.0,0.0,0.0,7.33
2008-07-01,0.0,0.0,0.0,0.0,0.0,0.0,0.0,0.0,0.0,0.0,0.0,0.0,0.0,0.0,0.0,0.0,0.0,0.0,0.0,0.0,0.0,0.0,0.0,0.0,0.0,0.0,0.0,0.0,0.0,5000.0,34692.82,0.04,0.0,0.0,0.0,0.0,0.0,7.1
2008-07-02,0.0,0.0,0.0,0.0,0.0,0.0,0.0,0.0,0.0,0.0,0.0,0.0,0.0,0.0,0.0,0.0,0.0,0.0,0.0,0.0,0.0,0.0,0.0,0.0,0.0,0.0,0.0,0.0,0.0,5000.0,30099.68,0.04,0.0,0.0,0.0,0.0,0.0,6.16
2008-07-03,0.0,0.0,0.0,0.0,0.0,0.0,0.0,0.0,0.0,0.0,0.0,0.0,0.0,0.0,0.0,0.0,0.0,0.0,0.0,0.0,0.0,0.0,0.0,0.0,0.0,0.0,0.0,0.0,0.0,5000.0,30539.45,0.03,0.0,0.0,0.0,0.0,0.0,6.25
2008-07-04,0.0,0.0,0.0,0.0,0.0,0.0,0.0,0.0,0.0,0.0,0.0,0.0,0.0,0.0,0.0,0.0,0.0,0.0,0.0,0.0,0.0,0.0,0.0,0.0,0.0,0.0,0.0,0.0,0.0,5000.0,35670.08,0.03,0.0,0.0,0.0,0.0,0.0,7.3
2008-07-07,0.0,0.0,0.0,0.0,0.0,0.0,0.0,0.0,0.0,0.0,0.0,0.0,0.0,0.0,0.0,0.0,0.0,0.0,0.0,0.0,0.0,0.0,0.0,0.0,0.0,0.0,0.0,0.0,0.0,5000.0,35621.21,0.04,0.0,0.0,0.0,0.0,0.0,7.29
2008-07-08,0.0,0.0,0.0,0.0,0.0,0.0,0.0,0.0,0.0,0.0,0.0,0.0,0.0,0.0,0.0,0.0,0.0,0.0,0.0,0.0,0.0,0.0,0.0,0.0,0.0,0.0,0.0,0.0,0.0,5000.0,35376.9,0.04,0.0,0.0,0.0,0.0,0.0,7.24
2008-07-09,0.0,0.0,0.0,0.0,0.0,0.0,0.0,0.0,0.0,0.0,0.0,0.0,0.0,0.0,0.0,0.0,0.0,0.0,0.0,0.0,0.0,0.0,0.0,0.0,0.0,0.0,0.0,0.0,0.0,5000.0,35621.21,0.04,0.0,0.0,0.0,0.0,0.0,7.29
2008-07-10,0.0,0.0,0.0,0.0,0.0,0.0,0.0,0.0,0.0,0.0,0.0,0.0,0.0,0.0,0.0,0.0,0.0,0.0,0.0,0.0,0.0,0.0,0.0,0.0,0.0,0.0,0.0,0.0,0.0,5000.0,35425.76,0.04,0.0,0.0,0.0,0.0,0.0,7.25
2008-07-11,0.0,0.0,0.0,0.0,0.0,0.0,0.0,0.0,0.0,0.0,0.0,0.0,0.0,0.0,0.0,0.0,0.0,0.0,0.0,0.0,0.0,0.0,0.0,0.0,0.0,0.0,0.0,0.0,0.0,5000.0,34204.18,0.04,0.0,0.0,0.0,0.0,0.0,7.0
2008-07-14,0.0,0.0,0.0,0.0,0.0,0.0,0.0,0.0,0.0,0.0,0.0,0.0,0.0,0.0,0.0,0.0,0.0,0.0,0.0,0.0,0.0,0.0,0.0,0.0,0.0,0.0,0.0,0.0,0.0,6828.0,44707.41,0.05,0.0,0.0,0.0,0.0,0.0,6.7
2008-07-15,0.0,0.0,0.0,0.0,0.0,0.0,0.0,0.0,0.0,0.0,0.0,0.0,0.0,0.0,0.0,0.0,0.0,0.0,0.0,0.0,0.0,0.0,0.0,0.0,0.0,0.0,0.0,0.0,0.0,6828.0,41037.4,0.05,0.0,0.0,0.0,0.0,0.0,6.15
2008-07-16,0.0,0.0,0.0,0.0,0.0,0.0,0.0,0.0,0.0,0.0,0.0,0.0,0.0,0.0,0.0,0.0,0.0,0.0,0.0,0.0,0.0,0.0,0.0,0.0,0.0,0.0,0.0,0.0,0.0,6828.0,41104.13,0.04,0.0,0.0,0.0,0.0,0.0,6.16
2008-07-17,0.0,0.0,0.0,0.0,0.0,0.0,0.0,0.0,0.0,0.0,0.0,0.0,0.0,0.0,0.0,0.0,0.0,0.0,0.0,0.0,0.0,0.0,0.0,0.0,0.0,0.0,0.0,0.0,0.0,6828.0,42905.77,0.04,0.0,0.0,0.0,0.0,0.0,6.43
2008-07-18,0.0,0.0,0.0,0.0,0.0,0.0,0.0,0.0,0.0,0.0,0.0,0.0,0.0,0.0,0.0,0.0,0.0,0.0,0.0,0.0,0.0,0.0,0.0,0.0,0.0,0.0,0.0,0.0,0.0,5000.0,31272.4,0.03,0.0,0.0,0.0,0.0,0.0,6.4
2008-07-21,0.0,0.0,0.0,0.0,0.0,0.0,0.0,0.0,0.0,0.0,0.0,0.0,0.0,0.0,0.0,0.0,0.0,0.0,0.0,0.0,0.0,0.0,0.0,0.0,0.0,0.0,0.0,0.0,0.0,6828.0,43506.31,0.04,0.0,0.0,0.0,0.0,0.0,6.52
2008-07-22,0.0,0.0,0.0,0.0,0.0,0.0,0.0,0.0,0.0,0.0,0.0,0.0,0.0,0.0,0.0,0.0,0.0,0.0,0.0,0.0,0.0,0.0,0.0,0.0,0.0,0.0,0.0,0.0,0.0,6828.0,43839.95,0.04,0.0,0.0,0.0,0.0,0.0,6.57
2008-07-23,0.0,0.0,0.0,0.0,0.0,0.0,0.0,0.0,0.0,0.0,0.0,0.0,0.0,0.0,0.0,0.0,0.0,0.0,0.0,0.0,0.0,0.0,0.0,0.0,0.0,0.0,0.0,0.0,0.0,6828.0,43839.95,0.04,0.0,0.0,0.0,0.0,0.0,6.57
2008-07-24,0.0,0.0,0.0,0.0,0.0,0.0,0.0,0.0,0.0,0.0,0.0,0.0,0.0,0.0,0.0,0.0,0.0,0.0,0.0,0.0,0.0,0.0,0.0,0.0,0.0,0.0,0.0,0.0,0.0,6828.0,45041.05,0.04,0.0,0.0,0.0,0.0,0.0,6.75
2008-07-25,0.0,0.0,0.0,0.0,0.0,0.0,0.0,0.0,0.0,0.0,0.0,0.0,0.0,0.0,0.0,0.0,0.0,0.0,0.0,0.0,0.0,0.0,0.0,0.0,0.0,0.0,0.0,0.0,0.0,5000.0,32347.39,0.03,0.0,0.0,0.0,0.0,0.0,6.62
2008-07-28,0.0,0.0,0.0,0.0,0.0,0.0,0.0,0.0,0.0,0.0,0.0,0.0,0.0,0.0,0.0,0.0,0.0,0.0,0.0,0.0,0.0,0.0,0.0,0.0,0.0,0.0,0.0,0.0,0.0,6828.0,44106.86,0.05,0.0,0.0,0.0,0.0,0.0,6.61
2008-07-29,0.0,0.0,0.0,0.0,0.0,0.0,0.0,0.0,0.0,0.0,0.0,0.0,0.0,0.0,0.0,0.0,0.0,0.0,0.0,0.0,0.0,0.0,0.0,0.0,0.0,0.0,0.0,0.0,0.0,6828.0,48644.33,0.05,0.0,0.0,0.0,0.0,0.0,7.29
2008-07-30,0.0,0.0,0.0,0.0,0.0,0.0,0.0,0.0,0.0,0.0,0.0,0.0,0.0,0.0,0.0,0.0,0.0,0.0,0.0,0.0,0.0,0.0,0.0,0.0,0.0,0.0,0.0,0.0,0.0,6828.0,51446.88,0.05,0.0,0.0,0.0,0.0,0.0,7.71
2008-07-31,0.0,0.0,0.0,0.0,0.0,0.0,0.0,0.0,0.0,0.0,0.0,0.0,0.0,0.0,0.0,0.0,0.0,0.0,0.0,0.0,0.0,0.0,0.0,0.0,0.0,0.0,0.0,0.0,0.0,6828.0,51513.61,0.05,0.0,0.0,0.0,0.0,0.0,7.72
2008-08-01,0.0,0.0,0.0,0.0,0.0,0.0,0.0,0.0,0.0,0.0,0.0,0.0,0.0,0.0,0.0,0.0,0.0,0.0,0.0,0.0,0.0,0.0,0.0,0.0,0.0,0.0,0.0,0.0,0.0,5000.0,39579.13,0.04,0.0,0.0,0.0,0.0,0.0,8.1
2008-08-04,0.0,0.0,0.0,0.0,0.0,0.0,0.0,0.0,0.0,0.0,0.0,0.0,0.0,0.0,0.0,0.0,0.0,0.0,0.0,0.0,0.0,0.0,0.0,0.0,0.0,0.0,0.0,0.0,0.0,5900.0,45319.57,0.05,0.0,0.0,0.0,0.0,0.0,7.86
2008-08-05,0.0,0.0,0.0,0.0,0.0,0.0,0.0,0.0,0.0,0.0,0.0,0.0,0.0,0.0,0.0,0.0,0.0,0.0,0.0,0.0,0.0,0.0,0.0,0.0,0.0,0.0,0.0,0.0,0.0,5900.0,45319.57,0.05,0.0,0.0,0.0,0.0,0.0,7.86
2008-08-06,0.0,0.0,0.0,0.0,0.0,0.0,0.0,0.0,0.0,0.0,0.0,0.0,0.0,0.0,0.0,0.0,0.0,0.0,0.0,0.0,0.0,0.0,0.0,0.0,0.0,0.0,0.0,0.0,0.0,5900.0,45434.88,0.05,0.0,0.0,0.0,0.0,0.0,7.88
2008-08-07,0.0,0.0,0.0,0.0,0.0,0.0,0.0,0.0,0.0,0.0,0.0,0.0,0.0,0.0,0.0,0.0,0.0,0.0,0.0,0.0,0.0,0.0,0.0,0.0,0.0,0.0,0.0,0.0,0.0,5900.0,45492.54,0.05,0.0,0.0,0.0,0.0,0.0,7.89
2008-08-08,0.0,0.0,0.0,0.0,0.0,0.0,0.0,0.0,0.0,0.0,0.0,0.0,0.0,0.0,0.0,0.0,0.0,0.0,0.0,0.0,0.0,0.0,0.0,0.0,0.0,0.0,0.0,0.0,0.0,5000.0,38406.41,0.04,0.0,0.0,0.0,0.0,0.0,7.86
2008-08-11,0.0,0.0,0.0,0.0,0.0,0.0,0.0,0.0,0.0,0.0,0.0,0.0,0.0,0.0,0.0,0.0,0.0,0.0,0.0,0.0,0.0,0.0,0.0,0.0,0.0,0.0,0.0,0.0,0.0,5900.0,45838.49,0.05,0.0,0.0,0.0,0.0,0.0,7.95
2008-08-12,0.0,0.0,0.0,0.0,0.0,0.0,0.0,0.0,0.0,0.0,0.0,0.0,0.0,0.0,0.0,0.0,0.0,0.0,0.0,0.0,0.0,0.0,0.0,0.0,0.0,0.0,0.0,0.0,0.0,5900.0,45434.88,0.05,0.0,0.0,0.0,0.0,0.0,7.88
2008-08-13,0.0,0.0,0.0,0.0,0.0,0.0,0.0,0.0,0.0,0.0,0.0,0.0,0.0,0.0,0.0,0.0,0.0,0.0,0.0,0.0,0.0,0.0,0.0,0.0,0.0,0.0,0.0,0.0,0.0,5900.0,46588.05,0.05,0.0,0.0,0.0,0.0,0.0,8.08
2008-08-14,0.0,0.0,0.0,0.0,0.0,0.0,0.0,0.0,0.0,0.0,0.0,0.0,0.0,0.0,0.0,0.0,0.0,0.0,0.0,0.0,0.0,0.0,0.0,0.0,0.0,0.0,0.0,0.0,0.0,5900.0,46415.08,0.05,0.0,0.0,0.0,0.0,0.0,8.05
2008-08-15,0.0,0.0,0.0,0.0,0.0,0.0,0.0,0.0,0.0,0.0,0.0,0.0,0.0,0.0,0.0,0.0,0.0,0.0,0.0,0.0,0.0,0.0,0.0,0.0,0.0,0.0,0.0,0.0,0.0,5000.0,39139.36,0.04,0.0,0.0,0.0,0.0,0.0,8.01
2008-08-18,0.0,0.0,0.0,0.0,0.0,0.0,0.0,0.0,0.0,0.0,0.0,0.0,0.0,0.0,0.0,0.0,0.0,0.0,0.0,0.0,0.0,0.0,0.0,0.0,0.0,0.0,0.0,0.0,0.0,5900.0,45088.93,0.05,0.0,0.0,0.0,0.0,0.0,7.82
2008-08-19,0.0,0.0,0.0,0.0,0.0,0.0,0.0,0.0,0.0,0.0,0.0,0.0,0.0,0.0,0.0,0.0,0.0,0.0,0.0,0.0,0.0,0.0,0.0,0.0,0.0,0.0,0.0,0.0,0.0,5900.0,44166.4,0.05,0.0,0.0,0.0,0.0,0.0,7.66
2008-08-20,0.0,0.0,0.0,0.0,0.0,0.0,0.0,0.0,0.0,0.0,0.0,0.0,0.0,0.0,0.0,0.0,0.0,0.0,0.0,0.0,0.0,0.0,0.0,0.0,0.0,0.0,0.0,0.0,0.0,5900.0,45492.54,0.05,0.0,0.0,0.0,0.0,0.0,7.89
2008-08-21,0.0,0.0,0.0,0.0,0.0,0.0,0.0,0.0,0.0,0.0,0.0,0.0,0.0,0.0,0.0,0.0,0.0,0.0,0.0,0.0,0.0,0.0,0.0,0.0,0.0,0.0,0.0,0.0,0.0,5900.0,45723.18,0.05,0.0,0.0,0.0,0.0,0.0,7.93
2008-08-22,0.0,0.0,0.0,0.0,0.0,0.0,0.0,0.0,0.0,0.0,0.0,0.0,0.0,0.0,0.0,0.0,0.0,0.0,0.0,0.0,0.0,0.0,0.0,0.0,0.0,0.0,0.0,0.0,0.0,5000.0,38797.32,0.04,0.0,0.0,0.0,0.0,0.0,7.94
2008-08-25,0.0,0.0,0.0,0.0,0.0,0.0,0.0,0.0,0.0,0.0,0.0,0.0,0.0,0.0,0.0,0.0,0.0,0.0,0.0,0.0,0.0,0.0,0.0,0.0,0.0,0.0,0.0,0.0,0.0,5900.0,45550.2,0.05,0.0,0.0,0.0,0.0,0.0,7.9
2008-08-26,0.0,0.0,0.0,0.0,0.0,0.0,0.0,0.0,0.0,0.0,0.0,0.0,0.0,0.0,0.0,0.0,0.0,0.0,0.0,0.0,0.0,0.0,0.0,0.0,0.0,0.0,0.0,0.0,0.0,5900.0,45780.83,0.05,0.0,0.0,0.0,0.0,0.0,7.94
2008-08-27,0.0,0.0,0.0,0.0,0.0,0.0,0.0,0.0,0.0,0.0,0.0,0.0,0.0,0.0,0.0,0.0,0.0,0.0,0.0,0.0,0.0,0.0,0.0,0.0,0.0,0.0,0.0,0.0,0.0,5900.0,45780.83,0.05,0.0,0.0,0.0,0.0,0.0,7.94
2008-08-28,0.0,0.0,0.0,0.0,0.0,0.0,0.0,0.0,0.0,0.0,0.0,0.0,0.0,0.0,0.0,0.0,0.0,0.0,0.0,0.0,0.0,0.0,0.0,0.0,0.0,0.0,0.0,0.0,0.0,5900.0,46184.44,0.05,0.0,0.0,0.0,0.0,0.0,8.01
2008-08-29,0.0,0.0,0.0,0.0,0.0,0.0,0.0,0.0,0.0,0.0,0.0,0.0,0.0,0.0,0.0,0.0,0.0,0.0,0.0,0.0,0.0,0.0,0.0,0.0,0.0,0.0,0.0,0.0,0.0,5000.0,39334.81,0.04,0.0,0.0,0.0,0.0,0.0,8.05
2008-09-01,0.0,0.0,0.0,0.0,0.0,0.0,0.0,0.0,0.0,0.0,0.0,0.0,0.0,0.0,0.0,0.0,0.0,0.0,0.0,0.0,0.0,0.0,0.0,0.0,0.0,0.0,0.0,0.0,0.0,5900.0,45550.2,0.05,0.0,0.0,0.0,0.0,0.0,7.9
2008-09-02,0.0,0.0,0.0,0.0,0.0,0.0,0.0,0.0,0.0,0.0,0.0,0.0,0.0,0.0,0.0,0.0,0.0,0.0,0.0,0.0,0.0,0.0,0.0,0.0,0.0,0.0,0.0,0.0,0.0,5900.0,46703.37,0.05,0.0,0.0,0.0,0.0,0.0,8.1
2008-09-03,0.0,0.0,0.0,0.0,0.0,0.0,0.0,0.0,0.0,0.0,0.0,0.0,0.0,0.0,0.0,0.0,0.0,0.0,0.0,0.0,0.0,0.0,0.0,0.0,0.0,0.0,0.0,0.0,0.0,5900.0,46703.37,0.05,0.0,0.0,0.0,0.0,0.0,8.1
2008-09-04,0.0,0.0,0.0,0.0,0.0,0.0,0.0,0.0,0.0,0.0,0.0,0.0,0.0,0.0,0.0,0.0,0.0,0.0,0.0,0.0,0.0,0.0,0.0,0.0,0.0,0.0,0.0,0.0,0.0,5900.0,46126.79,0.05,0.0,0.0,0.0,0.0,0.0,8.0
2008-09-05,0.0,0.0,0.0,0.0,0.0,0.0,0.0,0.0,0.0,0.0,0.0,0.0,0.0,0.0,0.0,0.0,0.0,0.0,0.0,0.0,0.0,0.0,0.0,0.0,0.0,0.0,0.0,0.0,0.0,5900.0,45261.91,0.05,0.0,0.0,0.0,0.0,0.0,7.85
2008-09-08,0.0,0.0,0.0,0.0,0.0,0.0,0.0,0.0,0.0,0.0,0.0,0.0,0.0,0.0,0.0,0.0,0.0,0.0,0.0,0.0,0.0,0.0,0.0,0.0,0.0,0.0,0.0,0.0,0.0,5900.0,45550.2,0.05,0.0,0.0,0.0,0.0,0.0,7.9
2008-09-09,0.0,0.0,0.0,0.0,0.0,0.0,0.0,0.0,0.0,0.0,0.0,0.0,0.0,0.0,0.0,0.0,0.0,0.0,0.0,0.0,0.0,0.0,0.0,0.0,0.0,0.0,0.0,0.0,0.0,5900.0,45550.2,0.05,0.0,0.0,0.0,0.0,0.0,7.9
2008-09-10,0.0,0.0,0.0,0.0,0.0,0.0,0.0,0.0,0.0,0.0,0.0,0.0,0.0,0.0,0.0,0.0,0.0,0.0,0.0,0.0,0.0,0.0,0.0,0.0,0.0,0.0,0.0,0.0,0.0,5900.0,44973.62,0.05,0.0,0.0,0.0,0.0,0.0,7.8
2008-09-11,0.0,0.0,0.0,0.0,0.0,0.0,0.0,0.0,0.0,0.0,0.0,0.0,0.0,0.0,0.0,0.0,0.0,0.0,0.0,0.0,0.0,0.0,0.0,0.0,0.0,0.0,0.0,0.0,0.0,5900.0,45550.2,0.05,0.0,0.0,0.0,0.0,0.0,7.9
2008-09-12,0.0,0.0,0.0,0.0,0.0,0.0,0.0,0.0,0.0,0.0,0.0,0.0,0.0,0.0,0.0,0.0,0.0,0.0,0.0,0.0,0.0,0.0,0.0,0.0,0.0,0.0,0.0,0.0,0.0,5900.0,46069.13,0.05,0.0,0.0,0.0,0.0,0.0,7.99
2008-09-15,0.0,0.0,0.0,0.0,0.0,0.0,0.0,0.0,0.0,0.0,0.0,0.0,0.0,0.0,0.0,0.0,0.0,0.0,0.0,0.0,0.0,0.0,0.0,0.0,0.0,0.0,0.0,0.0,0.0,5900.0,46126.79,0.05,0.0,0.0,0.0,0.0,0.0,8.0
2008-09-16,0.0,0.0,0.0,0.0,0.0,0.0,0.0,0.0,0.0,0.0,0.0,0.0,0.0,0.0,0.0,0.0,0.0,0.0,0.0,0.0,0.0,0.0,0.0,0.0,0.0,0.0,0.0,0.0,0.0,5900.0,44051.08,0.05,0.0,0.0,0.0,0.0,0.0,7.64
2008-09-17,0.0,0.0,0.0,0.0,0.0,0.0,0.0,0.0,0.0,0.0,0.0,0.0,0.0,0.0,0.0,0.0,0.0,0.0,0.0,0.0,0.0,0.0,0.0,0.0,0.0,0.0,0.0,0.0,0.0,5900.0,45204.25,0.05,0.0,0.0,0.0,0.0,0.0,7.84
2008-09-18,0.0,0.0,0.0,0.0,0.0,0.0,0.0,0.0,0.0,0.0,0.0,0.0,0.0,0.0,0.0,0.0,0.0,0.0,0.0,0.0,0.0,0.0,0.0,0.0,0.0,0.0,0.0,0.0,0.0,5900.0,44627.66,0.05,0.0,0.0,0.0,0.0,0.0,7.74
2008-09-19,0.0,0.0,0.0,0.0,0.0,0.0,0.0,0.0,0.0,0.0,0.0,0.0,0.0,0.0,0.0,0.0,0.0,0.0,0.0,0.0,0.0,0.0,0.0,0.0,0.0,0.0,0.0,0.0,0.0,5900.0,45377.23,0.05,0.0,0.0,0.0,0.0,0.0,7.87
2008-09-22,0.0,0.0,0.0,0.0,0.0,0.0,0.0,0.0,0.0,0.0,0.0,0.0,0.0,0.0,0.0,0.0,0.0,0.0,0.0,0.0,0.0,0.0,0.0,0.0,0.0,0.0,0.0,0.0,0.0,5900.0,44685.32,0.05,0.0,0.0,0.0,0.0,0.0,7.75
2008-09-23,0.0,0.0,0.0,0.0,0.0,0.0,0.0,0.0,0.0,0.0,0.0,0.0,0.0,0.0,0.0,0.0,0.0,0.0,0.0,0.0,0.0,0.0,0.0,0.0,0.0,0.0,0.0,0.0,0.0,5900.0,44800.64,0.05,0.0,0.0,0.0,0.0,0.0,7.77
2008-09-24,0.0,0.0,0.0,0.0,0.0,0.0,0.0,0.0,0.0,0.0,0.0,0.0,0.0,0.0,0.0,0.0,0.0,0.0,0.0,0.0,0.0,0.0,0.0,0.0,0.0,0.0,0.0,0.0,0.0,5900.0,44800.64,0.05,0.0,0.0,0.0,0.0,0.0,7.77
2008-09-25,0.0,0.0,0.0,0.0,0.0,0.0,0.0,0.0,0.0,0.0,0.0,0.0,0.0,0.0,0.0,0.0,0.0,0.0,0.0,0.0,0.0,0.0,0.0,0.0,0.0,0.0,0.0,0.0,0.0,5900.0,43243.86,0.05,0.0,0.0,0.0,0.0,0.0,7.5
2008-09-26,0.0,0.0,0.0,0.0,0.0,0.0,0.0,0.0,0.0,0.0,0.0,0.0,0.0,0.0,0.0,0.0,0.0,0.0,0.0,0.0,0.0,0.0,0.0,0.0,0.0,0.0,0.0,0.0,0.0,5900.0,42609.62,0.04,0.0,0.0,0.0,0.0,0.0,7.39
2008-09-29,0.0,0.0,0.0,0.0,0.0,0.0,0.0,0.0,0.0,0.0,0.0,0.0,0.0,0.0,0.0,0.0,0.0,0.0,0.0,0.0,0.0,0.0,0.0,0.0,0.0,0.0,0.0,0.0,0.0,5900.0,35459.97,0.04,0.0,0.0,0.0,0.0,0.0,6.15
2008-09-30,0.0,0.0,0.0,0.0,0.0,0.0,0.0,0.0,0.0,0.0,0.0,0.0,0.0,0.0,0.0,0.0,0.0,0.0,0.0,0.0,0.0,0.0,0.0,0.0,0.0,0.0,0.0,0.0,0.0,5900.0,33384.26,0.04,0.0,0.0,0.0,0.0,0.0,5.79
2008-10-01,0.0,0.0,0.0,0.0,0.0,0.0,0.0,0.0,0.0,0.0,0.0,0.0,0.0,0.0,0.0,0.0,0.0,0.0,0.0,0.0,0.0,0.0,0.0,0.0,0.0,0.0,0.0,0.0,0.0,5900.0,33614.89,0.03,0.0,0.0,0.0,0.0,0.0,5.83
2008-10-02,0.0,0.0,0.0,0.0,0.0,0.0,0.0,0.0,0.0,0.0,0.0,0.0,0.0,0.0,0.0,0.0,0.0,0.0,0.0,0.0,0.0,0.0,0.0,0.0,0.0,0.0,0.0,0.0,0.0,5900.0,34537.43,0.03,0.0,0.0,0.0,0.0,0.0,5.99
2008-10-03,0.0,0.0,0.0,0.0,0.0,0.0,0.0,0.0,0.0,0.0,0.0,0.0,0.0,0.0,0.0,0.0,0.0,0.0,0.0,0.0,0.0,0.0,0.0,0.0,0.0,0.0,0.0,0.0,0.0,5900.0,34595.09,0.04,0.0,0.0,0.0,0.0,0.0,6.0
2008-10-06,0.0,0.0,0.0,0.0,0.0,0.0,0.0,0.0,0.0,0.0,0.0,0.0,0.0,0.0,0.0,0.0,0.0,0.0,0.0,0.0,0.0,0.0,0.0,0.0,0.0,0.0,0.0,0.0,0.0,5900.0,30674.31,0.04,0.0,0.0,0.0,0.0,0.0,5.32
2008-10-07,0.0,0.0,0.0,0.0,0.0,0.0,0.0,0.0,0.0,0.0,0.0,0.0,0.0,0.0,0.0,0.0,0.0,0.0,0.0,0.0,0.0,0.0,0.0,0.0,0.0,0.0,0.0,0.0,0.0,5900.0,28540.95,0.03,0.0,0.0,0.0,0.0,0.0,4.95
2008-10-08,0.0,0.0,0.0,0.0,0.0,0.0,0.0,0.0,0.0,0.0,0.0,0.0,0.0,0.0,0.0,0.0,0.0,0.0,0.0,0.0,0.0,0.0,0.0,0.0,0.0,0.0,0.0,0.0,0.0,5900.0,27676.07,0.03,0.0,0.0,0.0,0.0,0.0,4.8
2008-10-09,0.0,0.0,0.0,0.0,0.0,0.0,0.0,0.0,0.0,0.0,0.0,0.0,0.0,0.0,0.0,0.0,0.0,0.0,0.0,0.0,0.0,0.0,0.0,0.0,0.0,0.0,0.0,0.0,0.0,5900.0,25888.66,0.03,0.0,0.0,0.0,0.0,0.0,4.49
2008-10-10,0.0,0.0,0.0,0.0,0.0,0.0,0.0,0.0,0.0,0.0,0.0,0.0,0.0,0.0,0.0,0.0,0.0,0.0,0.0,0.0,0.0,0.0,0.0,0.0,0.0,0.0,0.0,0.0,0.0,5900.0,24216.56,0.03,0.0,0.0,0.0,0.0,0.0,4.2
2008-10-13,0.0,0.0,0.0,0.0,0.0,0.0,0.0,0.0,0.0,0.0,0.0,0.0,0.0,0.0,0.0,0.0,0.0,0.0,0.0,0.0,0.0,0.0,0.0,0.0,0.0,0.0,0.0,0.0,0.0,5900.0,24850.81,0.02,0.0,0.0,0.0,0.0,0.0,4.31
2008-10-14,0.0,0.0,0.0,0.0,0.0,0.0,0.0,0.0,0.0,0.0,0.0,0.0,0.0,0.0,0.0,0.0,0.0,0.0,0.0,0.0,0.0,0.0,0.0,0.0,0.0,0.0,0.0,0.0,0.0,5900.0,24793.15,0.03,0.0,0.0,0.0,0.0,0.0,4.3
2008-10-15,0.0,0.0,0.0,0.0,0.0,0.0,0.0,0.0,0.0,0.0,0.0,0.0,0.0,0.0,0.0,0.0,0.0,0.0,0.0,0.0,0.0,0.0,0.0,0.0,0.0,0.0,0.0,0.0,0.0,5900.0,22486.81,0.03,0.0,0.0,0.0,0.0,0.0,3.9
2008-10-16,0.0,0.0,0.0,0.0,0.0,0.0,0.0,0.0,0.0,0.0,0.0,0.0,0.0,0.0,0.0,0.0,0.0,0.0,0.0,0.0,0.0,0.0,0.0,0.0,0.0,0.0,0.0,0.0,0.0,5900.0,22486.81,0.02,0.0,0.0,0.0,0.0,0.0,3.9
2008-10-17,0.0,0.0,0.0,0.0,0.0,0.0,0.0,0.0,0.0,0.0,0.0,0.0,0.0,0.0,0.0,0.0,0.0,0.0,0.0,0.0,0.0,0.0,0.0,0.0,0.0,0.0,0.0,0.0,0.0,5900.0,22486.81,0.02,0.0,0.0,0.0,0.0,0.0,3.9
2008-10-20,0.0,0.0,0.0,0.0,0.0,0.0,0.0,0.0,0.0,0.0,0.0,0.0,0.0,0.0,0.0,0.0,0.0,0.0,0.0,0.0,0.0,0.0,0.0,0.0,0.0,0.0,0.0,0.0,0.0,5900.0,21679.59,0.02,0.0,0.0,0.0,0.0,0.0,3.76
2008-10-21,0.0,0.0,0.0,0.0,0.0,0.0,0.0,0.0,0.0,0.0,0.0,0.0,0.0,0.0,0.0,0.0,0.0,0.0,0.0,0.0,0.0,0.0,0.0,0.0,0.0,0.0,0.0,0.0,0.0,5900.0,23639.98,0.02,0.0,0.0,0.0,0.0,0.0,4.1
2008-10-22,0.0,0.0,0.0,0.0,0.0,0.0,0.0,0.0,0.0,0.0,0.0,0.0,0.0,0.0,0.0,0.0,0.0,0.0,0.0,0.0,0.0,0.0,0.0,0.0,0.0,0.0,0.0,0.0,0.0,5900.0,22948.08,0.02,0.0,0.0,0.0,0.0,0.0,3.98
2008-10-23,0.0,0.0,0.0,0.0,0.0,0.0,0.0,0.0,0.0,0.0,0.0,0.0,0.0,0.0,0.0,0.0,0.0,0.0,0.0,0.0,0.0,0.0,0.0,0.0,0.0,0.0,0.0,0.0,0.0,5900.0,21910.22,0.02,0.0,0.0,0.0,0.0,0.0,3.8
2008-10-24,0.0,0.0,0.0,0.0,0.0,0.0,0.0,0.0,0.0,0.0,0.0,0.0,0.0,0.0,0.0,0.0,0.0,0.0,0.0,0.0,0.0,0.0,0.0,0.0,0.0,0.0,0.0,0.0,0.0,5900.0,20180.47,0.02,0.0,0.0,0.0,0.0,0.0,3.5
2008-10-27,0.0,0.0,0.0,0.0,0.0,0.0,0.0,0.0,0.0,0.0,0.0,0.0,0.0,0.0,0.0,0.0,0.0,0.0,0.0,0.0,0.0,0.0,0.0,0.0,0.0,0.0,0.0,0.0,0.0,5900.0,20180.47,0.02,0.0,0.0,0.0,0.0,0.0,3.5
2008-10-28,0.0,0.0,0.0,0.0,0.0,0.0,0.0,0.0,0.0,0.0,0.0,0.0,0.0,0.0,0.0,0.0,0.0,0.0,0.0,0.0,0.0,0.0,0.0,0.0,0.0,0.0,0.0,0.0,0.0,5900.0,20757.05,0.02,0.0,0.0,0.0,0.0,0.0,3.6
2008-10-29,0.0,0.0,0.0,0.0,0.0,0.0,0.0,0.0,0.0,0.0,0.0,0.0,0.0,0.0,0.0,0.0,0.0,0.0,0.0,0.0,0.0,0.0,0.0,0.0,0.0,0.0,0.0,0.0,0.0,5900.0,21045.35,0.02,0.0,0.0,0.0,0.0,0.0,3.65
2008-10-30,0.0,0.0,0.0,0.0,0.0,0.0,0.0,0.0,0.0,0.0,0.0,0.0,0.0,0.0,0.0,0.0,0.0,0.0,0.0,0.0,0.0,0.0,0.0,0.0,0.0,0.0,0.0,0.0,0.0,5900.0,20180.47,0.02,0.0,0.0,0.0,0.0,0.0,3.5
2008-10-31,0.0,0.0,0.0,0.0,0.0,0.0,0.0,0.0,0.0,0.0,0.0,0.0,0.0,0.0,0.0,0.0,0.0,0.0,0.0,0.0,0.0,0.0,0.0,0.0,0.0,0.0,0.0,0.0,0.0,5900.0,20641.74,0.02,0.0,0.0,0.0,0.0,0.0,3.58
2008-11-03,0.0,0.0,0.0,0.0,0.0,0.0,0.0,0.0,0.0,0.0,0.0,0.0,0.0,0.0,0.0,0.0,0.0,0.0,0.0,0.0,0.0,0.0,0.0,0.0,0.0,0.0,0.0,0.0,0.0,5900.0,24504.85,0.02,0.0,0.0,0.0,0.0,0.0,4.25
2008-11-04,0.0,0.0,0.0,0.0,0.0,0.0,0.0,0.0,0.0,0.0,0.0,0.0,0.0,0.0,0.0,0.0,0.0,0.0,0.0,0.0,0.0,0.0,0.0,0.0,0.0,0.0,0.0,0.0,0.0,5900.0,25658.02,0.02,0.0,0.0,0.0,0.0,0.0,4.45
2008-11-05,0.0,0.0,0.0,0.0,0.0,0.0,0.0,0.0,0.0,0.0,0.0,0.0,0.0,0.0,0.0,0.0,0.0,0.0,0.0,0.0,0.0,0.0,0.0,0.0,0.0,0.0,0.0,0.0,0.0,5900.0,25369.73,0.03,0.0,0.0,0.0,0.0,0.0,4.4
2008-11-06,0.0,0.0,0.0,0.0,0.0,0.0,0.0,0.0,0.0,0.0,0.0,0.0,0.0,0.0,0.0,0.0,0.0,0.0,0.0,0.0,0.0,0.0,0.0,0.0,0.0,0.0,0.0,0.0,0.0,5900.0,24793.15,0.03,0.0,0.0,0.0,0.0,0.0,4.3
2008-11-07,0.0,0.0,0.0,0.0,0.0,0.0,0.0,0.0,0.0,0.0,0.0,0.0,0.0,0.0,0.0,0.0,0.0,0.0,0.0,0.0,0.0,0.0,0.0,0.0,0.0,0.0,0.0,0.0,0.0,5900.0,24043.59,0.03,0.0,0.0,0.0,0.0,0.0,4.17
2008-11-10,0.0,0.0,0.0,0.0,0.0,0.0,0.0,0.0,0.0,0.0,0.0,0.0,0.0,0.0,0.0,0.0,0.0,0.0,0.0,0.0,0.0,0.0,0.0,0.0,0.0,0.0,0.0,0.0,0.0,5900.0,23409.34,0.02,0.0,0.0,0.0,0.0,0.0,4.06
2008-11-11,0.0,0.0,0.0,0.0,0.0,0.0,0.0,0.0,0.0,0.0,0.0,0.0,0.0,0.0,0.0,0.0,0.0,0.0,0.0,0.0,0.0,0.0,0.0,0.0,0.0,0.0,0.0,0.0,0.0,5900.0,23294.03,0.02,0.0,0.0,0.0,0.0,0.0,4.04
2008-11-12,0.0,0.0,0.0,0.0,0.0,0.0,0.0,0.0,0.0,0.0,0.0,0.0,0.0,0.0,0.0,0.0,0.0,0.0,0.0,0.0,0.0,0.0,0.0,0.0,0.0,0.0,0.0,0.0,0.0,5900.0,21852.56,0.02,0.0,0.0,0.0,0.0,0.0,3.79
2008-11-13,0.0,0.0,0.0,0.0,0.0,0.0,0.0,0.0,0.0,0.0,0.0,0.0,0.0,0.0,0.0,0.0,0.0,0.0,0.0,0.0,0.0,0.0,0.0,0.0,0.0,0.0,0.0,0.0,0.0,5900.0,21448.96,0.02,0.0,0.0,0.0,0.0,0.0,3.72
2008-11-14,0.0,0.0,0.0,0.0,0.0,0.0,0.0,0.0,0.0,0.0,0.0,0.0,0.0,0.0,0.0,0.0,0.0,0.0,0.0,0.0,0.0,0.0,0.0,0.0,0.0,0.0,0.0,0.0,0.0,5900.0,20987.69,0.02,0.0,0.0,0.0,0.0,0.0,3.64
2008-11-17,0.0,0.0,0.0,0.0,0.0,0.0,0.0,0.0,0.0,0.0,0.0,0.0,0.0,0.0,0.0,0.0,0.0,0.0,0.0,0.0,0.0,0.0,0.0,0.0,0.0,0.0,0.0,0.0,0.0,5900.0,20180.47,0.02,0.0,0.0,0.0,0.0,0.0,3.5
2008-11-18,0.0,0.0,0.0,0.0,0.0,0.0,0.0,0.0,0.0,0.0,0.0,0.0,0.0,0.0,0.0,0.0,0.0,0.0,0.0,0.0,0.0,0.0,0.0,0.0,0.0,0.0,0.0,0.0,0.0,5900.0,19603.88,0.02,0.0,0.0,0.0,0.0,0.0,3.4
2008-11-19,0.0,0.0,0.0,0.0,0.0,0.0,0.0,0.0,0.0,0.0,0.0,0.0,0.0,0.0,0.0,0.0,0.0,0.0,0.0,0.0,0.0,0.0,0.0,0.0,0.0,0.0,0.0,0.0,0.0,5900.0,19142.62,0.02,0.0,0.0,0.0,0.0,0.0,3.32
2008-11-20,0.0,0.0,0.0,0.0,0.0,0.0,0.0,0.0,0.0,0.0,0.0,0.0,0.0,0.0,0.0,0.0,0.0,0.0,0.0,0.0,0.0,0.0,0.0,0.0,0.0,0.0,0.0,0.0,0.0,5900.0,19603.88,0.02,0.0,0.0,0.0,0.0,0.0,3.4
2008-11-21,0.0,0.0,0.0,0.0,0.0,0.0,0.0,0.0,0.0,0.0,0.0,0.0,0.0,0.0,0.0,0.0,0.0,0.0,0.0,0.0,0.0,0.0,0.0,0.0,0.0,0.0,0.0,0.0,0.0,5900.0,19027.3,0.02,0.0,0.0,0.0,0.0,0.0,3.3
2008-11-24,0.0,0.0,0.0,0.0,0.0,0.0,0.0,0.0,0.0,0.0,0.0,0.0,0.0,0.0,0.0,0.0,0.0,0.0,0.0,0.0,0.0,0.0,0.0,0.0,0.0,0.0,0.0,0.0,0.0,5900.0,18911.98,0.02,0.0,0.0,0.0,0.0,0.0,3.28
2008-11-25,0.0,0.0,0.0,0.0,0.0,0.0,0.0,0.0,0.0,0.0,0.0,0.0,0.0,0.0,0.0,0.0,0.0,0.0,0.0,0.0,0.0,0.0,0.0,0.0,0.0,0.0,0.0,0.0,0.0,5900.0,17816.47,0.02,0.0,0.0,0.0,0.0,0.0,3.09
2008-11-26,0.0,0.0,0.0,0.0,0.0,0.0,0.0,0.0,0.0,0.0,0.0,0.0,0.0,0.0,0.0,0.0,0.0,0.0,0.0,0.0,0.0,0.0,0.0,0.0,0.0,0.0,0.0,0.0,0.0,5900.0,19430.91,0.02,0.0,0.0,0.0,0.0,0.0,3.37
2008-11-27,0.0,0.0,0.0,0.0,0.0,0.0,0.0,0.0,0.0,0.0,0.0,0.0,0.0,0.0,0.0,0.0,0.0,0.0,0.0,0.0,0.0,0.0,0.0,0.0,0.0,0.0,0.0,0.0,0.0,5900.0,19027.3,0.02,0.0,0.0,0.0,0.0,0.0,3.3
2008-11-28,0.0,0.0,0.0,0.0,0.0,0.0,0.0,0.0,0.0,0.0,0.0,0.0,0.0,0.0,0.0,0.0,0.0,0.0,0.0,0.0,0.0,0.0,0.0,0.0,0.0,0.0,0.0,0.0,0.0,5900.0,17874.13,0.02,0.0,0.0,0.0,0.0,0.0,3.1
2008-12-01,0.0,0.0,0.0,0.0,0.0,0.0,0.0,0.0,0.0,0.0,0.0,0.0,0.0,0.0,0.0,0.0,0.0,0.0,0.0,0.0,0.0,0.0,0.0,0.0,0.0,0.0,0.0,0.0,0.0,5900.0,17874.13,0.02,0.0,0.0,0.0,0.0,0.0,3.1
2008-12-02,0.0,0.0,0.0,0.0,0.0,0.0,0.0,0.0,0.0,0.0,0.0,0.0,0.0,0.0,0.0,0.0,0.0,0.0,0.0,0.0,0.0,0.0,0.0,0.0,0.0,0.0,0.0,0.0,0.0,5900.0,19027.3,0.02,0.0,0.0,0.0,0.0,0.0,3.3
2008-12-03,0.0,0.0,0.0,0.0,0.0,0.0,0.0,0.0,0.0,0.0,0.0,0.0,0.0,0.0,0.0,0.0,0.0,0.0,0.0,0.0,0.0,0.0,0.0,0.0,0.0,0.0,0.0,0.0,0.0,5900.0,19892.18,0.02,0.0,0.0,0.0,0.0,0.0,3.45
2008-12-04,0.0,0.0,0.0,0.0,0.0,0.0,0.0,0.0,0.0,0.0,0.0,0.0,0.0,0.0,0.0,0.0,0.0,0.0,0.0,0.0,0.0,0.0,0.0,0.0,0.0,0.0,0.0,0.0,0.0,5900.0,19719.2,0.02,0.0,0.0,0.0,0.0,0.0,3.42
2008-12-05,0.0,0.0,0.0,0.0,0.0,0.0,0.0,0.0,0.0,0.0,0.0,0.0,0.0,0.0,0.0,0.0,0.0,0.0,0.0,0.0,0.0,0.0,0.0,0.0,0.0,0.0,0.0,0.0,0.0,5900.0,19661.54,0.02,0.0,0.0,0.0,0.0,0.0,3.41
2008-12-08,0.0,0.0,0.0,0.0,0.0,0.0,0.0,0.0,0.0,0.0,0.0,0.0,0.0,0.0,0.0,0.0,0.0,0.0,0.0,0.0,0.0,0.0,0.0,0.0,0.0,0.0,0.0,0.0,0.0,5000.0,16613.46,0.02,0.0,0.0,0.0,0.0,0.0,3.4
2008-12-09,0.0,0.0,0.0,0.0,0.0,0.0,0.0,0.0,0.0,0.0,0.0,0.0,0.0,0.0,0.0,0.0,0.0,0.0,0.0,0.0,0.0,0.0,0.0,0.0,0.0,0.0,0.0,0.0,0.0,5000.0,16662.32,0.02,0.0,0.0,0.0,0.0,0.0,3.41
2008-12-10,0.0,0.0,0.0,0.0,0.0,0.0,0.0,0.0,0.0,0.0,0.0,0.0,0.0,0.0,0.0,0.0,0.0,0.0,0.0,0.0,0.0,0.0,0.0,0.0,0.0,0.0,0.0,0.0,0.0,5900.0,19603.88,0.02,0.0,0.0,0.0,0.0,0.0,3.4
2008-12-11,0.0,0.0,0.0,0.0,0.0,0.0,0.0,0.0,0.0,0.0,0.0,0.0,0.0,0.0,0.0,0.0,0.0,0.0,0.0,0.0,0.0,0.0,0.0,0.0,0.0,0.0,0.0,0.0,0.0,5900.0,19603.88,0.02,0.0,0.0,0.0,0.0,0.0,3.4
2008-12-12,0.0,0.0,0.0,0.0,0.0,0.0,0.0,0.0,0.0,0.0,0.0,0.0,0.0,0.0,0.0,0.0,0.0,0.0,0.0,0.0,0.0,0.0,0.0,0.0,0.0,0.0,0.0,0.0,0.0,5900.0,18739.01,0.02,0.0,0.0,0.0,0.0,0.0,3.25
2008-12-15,0.0,0.0,0.0,0.0,0.0,0.0,0.0,0.0,0.0,0.0,0.0,0.0,0.0,0.0,0.0,0.0,0.0,0.0,0.0,0.0,0.0,0.0,0.0,0.0,0.0,0.0,0.0,0.0,0.0,5900.0,18450.71,0.02,0.0,0.0,0.0,0.0,0.0,3.2
2008-12-16,0.0,0.0,0.0,0.0,0.0,0.0,0.0,0.0,0.0,0.0,0.0,0.0,0.0,0.0,0.0,0.0,0.0,0.0,0.0,0.0,0.0,0.0,0.0,0.0,0.0,0.0,0.0,0.0,0.0,5900.0,18796.67,0.02,0.0,0.0,0.0,0.0,0.0,3.26
2008-12-17,0.0,0.0,0.0,0.0,0.0,0.0,0.0,0.0,0.0,0.0,0.0,0.0,0.0,0.0,0.0,0.0,0.0,0.0,0.0,0.0,0.0,0.0,0.0,0.0,0.0,0.0,0.0,0.0,0.0,5900.0,18796.67,0.02,0.0,0.0,0.0,0.0,0.0,3.26
2008-12-18,0.0,0.0,0.0,0.0,0.0,0.0,0.0,0.0,0.0,0.0,0.0,0.0,0.0,0.0,0.0,0.0,0.0,0.0,0.0,0.0,0.0,0.0,0.0,0.0,0.0,0.0,0.0,0.0,0.0,5900.0,19027.3,0.02,0.0,0.0,0.0,0.0,0.0,3.3
2008-12-19,0.0,0.0,0.0,0.0,0.0,0.0,0.0,0.0,0.0,0.0,0.0,0.0,0.0,0.0,0.0,0.0,0.0,0.0,0.0,0.0,0.0,0.0,0.0,0.0,0.0,0.0,0.0,0.0,0.0,5900.0,18739.01,0.02,0.0,0.0,0.0,0.0,0.0,3.25
2008-12-22,0.0,0.0,0.0,0.0,0.0,0.0,0.0,0.0,0.0,0.0,0.0,0.0,0.0,0.0,0.0,0.0,0.0,0.0,0.0,0.0,0.0,0.0,0.0,0.0,0.0,0.0,0.0,0.0,0.0,5900.0,19430.91,0.02,0.0,0.0,0.0,0.0,0.0,3.37
2008-12-23,0.0,0.0,0.0,0.0,0.0,0.0,0.0,0.0,0.0,0.0,0.0,0.0,0.0,0.0,0.0,0.0,0.0,0.0,0.0,0.0,0.0,0.0,0.0,0.0,0.0,0.0,0.0,0.0,0.0,5900.0,19430.91,0.02,0.0,0.0,0.0,0.0,0.0,3.37
2008-12-24,0.0,0.0,0.0,0.0,0.0,0.0,0.0,0.0,0.0,0.0,0.0,0.0,0.0,0.0,0.0,0.0,0.0,0.0,0.0,0.0,0.0,0.0,0.0,0.0,0.0,0.0,0.0,0.0,0.0,5900.0,19142.62,0.02,0.0,0.0,0.0,0.0,0.0,3.32
2008-12-25,0.0,0.0,0.0,0.0,0.0,0.0,0.0,0.0,0.0,0.0,0.0,0.0,0.0,0.0,0.0,0.0,0.0,0.0,0.0,0.0,0.0,0.0,0.0,0.0,0.0,0.0,0.0,0.0,0.0,5900.0,19142.62,0.02,0.0,0.0,0.0,0.0,0.0,0.0
2008-12-26,0.0,0.0,0.0,0.0,0.0,0.0,0.0,0.0,0.0,0.0,0.0,0.0,0.0,0.0,0.0,0.0,0.0,0.0,0.0,0.0,0.0,0.0,0.0,0.0,0.0,0.0,0.0,0.0,0.0,5900.0,19142.62,0.02,0.0,0.0,0.0,0.0,0.0,0.0
2008-12-29,0.0,0.0,0.0,0.0,0.0,0.0,0.0,0.0,0.0,0.0,0.0,0.0,0.0,0.0,0.0,0.0,0.0,0.0,0.0,0.0,0.0,0.0,0.0,0.0,0.0,0.0,0.0,0.0,0.0,5900.0,18681.35,0.02,0.0,0.0,0.0,0.0,0.0,3.24
2008-12-30,0.0,0.0,0.0,0.0,0.0,0.0,0.0,0.0,0.0,0.0,0.0,0.0,0.0,0.0,0.0,0.0,0.0,0.0,0.0,0.0,0.0,0.0,0.0,0.0,0.0,0.0,0.0,0.0,0.0,5900.0,17758.81,0.02,0.0,0.0,0.0,0.0,0.0,3.08
2008-12-31,0.0,0.0,0.0,0.0,0.0,0.0,0.0,0.0,0.0,0.0,0.0,0.0,0.0,0.0,0.0,0.0,0.0,0.0,0.0,0.0,0.0,0.0,0.0,0.0,0.0,0.0,0.0,0.0,0.0,5900.0,18739.01,0.02,0.0,0.0,0.0,0.0,0.0,3.25
2009-01-01,0.0,0.0,0.0,0.0,0.0,0.0,0.0,0.0,0.0,0.0,0.0,0.0,0.0,0.0,0.0,0.0,0.0,0.0,0.0,0.0,0.0,0.0,0.0,0.0,0.0,0.0,0.0,0.0,0.0,5900.0,18739.01,0.02,0.0,0.0,0.0,0.0,0.0,0.0
2009-01-02,0.0,0.0,0.0,0.0,0.0,0.0,0.0,0.0,0.0,0.0,0.0,0.0,0.0,0.0,0.0,0.0,0.0,0.0,0.0,0.0,0.0,0.0,0.0,0.0,0.0,0.0,0.0,0.0,0.0,5900.0,19546.23,0.02,0.0,0.0,0.0,0.0,0.0,3.39
2009-01-05,0.0,0.0,0.0,0.0,0.0,0.0,0.0,0.0,0.0,0.0,0.0,0.0,0.0,0.0,0.0,0.0,0.0,0.0,0.0,0.0,0.0,0.0,0.0,0.0,0.0,0.0,0.0,0.0,0.0,5900.0,20122.81,0.02,0.0,0.0,0.0,0.0,0.0,3.49
2009-01-06,0.0,0.0,0.0,0.0,0.0,0.0,0.0,0.0,0.0,0.0,0.0,0.0,0.0,0.0,0.0,0.0,0.0,0.0,0.0,0.0,0.0,0.0,0.0,0.0,0.0,0.0,0.0,0.0,0.0,5900.0,21218.32,0.02,0.0,0.0,0.0,0.0,0.0,3.68
2009-01-07,0.0,0.0,0.0,0.0,0.0,0.0,0.0,0.0,0.0,0.0,0.0,0.0,0.0,0.0,0.0,0.0,0.0,0.0,0.0,0.0,0.0,0.0,0.0,0.0,0.0,0.0,0.0,0.0,0.0,5900.0,20584.08,0.02,0.0,0.0,0.0,0.0,0.0,3.57
2009-01-08,0.0,0.0,0.0,0.0,0.0,0.0,0.0,0.0,0.0,0.0,0.0,0.0,0.0,0.0,0.0,0.0,0.0,0.0,0.0,0.0,0.0,0.0,0.0,0.0,0.0,0.0,0.0,0.0,0.0,5900.0,19661.54,0.02,0.0,0.0,0.0,0.0,0.0,3.41
2009-01-09,0.0,0.0,0.0,0.0,0.0,0.0,0.0,0.0,0.0,0.0,0.0,0.0,0.0,0.0,0.0,0.0,0.0,0.0,0.0,0.0,0.0,0.0,0.0,0.0,0.0,0.0,0.0,0.0,0.0,5900.0,19142.62,0.02,0.0,0.0,0.0,0.0,0.0,3.32
2009-01-12,0.0,0.0,0.0,0.0,0.0,0.0,0.0,0.0,0.0,0.0,0.0,0.0,0.0,0.0,0.0,0.0,0.0,0.0,0.0,0.0,0.0,0.0,0.0,0.0,0.0,0.0,0.0,0.0,0.0,5900.0,19027.3,0.02,0.0,0.0,0.0,0.0,0.0,3.3
2009-01-13,0.0,0.0,0.0,0.0,0.0,0.0,0.0,0.0,0.0,0.0,0.0,0.0,0.0,0.0,0.0,0.0,0.0,0.0,0.0,0.0,0.0,0.0,0.0,0.0,0.0,0.0,0.0,0.0,0.0,5900.0,18566.03,0.02,0.0,0.0,0.0,0.0,0.0,3.22
2009-01-14,0.0,0.0,0.0,0.0,0.0,0.0,0.0,0.0,0.0,0.0,0.0,0.0,0.0,0.0,0.0,0.0,0.0,0.0,0.0,0.0,0.0,0.0,0.0,0.0,0.0,0.0,0.0,0.0,0.0,5900.0,18566.03,0.02,0.0,0.0,0.0,0.0,0.0,3.22
2009-01-15,0.0,0.0,0.0,0.0,0.0,0.0,0.0,0.0,0.0,0.0,0.0,0.0,0.0,0.0,0.0,0.0,0.0,0.0,0.0,0.0,0.0,0.0,0.0,0.0,0.0,0.0,0.0,0.0,0.0,900.0,2770.54,0.0,0.0,0.0,0.0,0.0,0.0,3.15
2009-01-16,0.0,0.0,0.0,0.0,0.0,0.0,0.0,0.0,0.0,0.0,0.0,0.0,0.0,0.0,0.0,0.0,0.0,0.0,0.0,0.0,0.0,0.0,0.0,0.0,0.0,0.0,0.0,0.0,0.0,900.0,2832.11,0.0,0.0,0.0,0.0,0.0,0.0,3.22
2009-01-19,0.0,0.0,0.0,0.0,0.0,0.0,0.0,0.0,0.0,0.0,0.0,0.0,0.0,0.0,0.0,0.0,0.0,0.0,0.0,0.0,0.0,0.0,0.0,0.0,0.0,0.0,0.0,0.0,0.0,900.0,2770.54,0.0,0.0,0.0,0.0,0.0,0.0,3.15
2009-01-20,0.0,0.0,0.0,0.0,0.0,0.0,0.0,0.0,0.0,0.0,0.0,0.0,0.0,0.0,0.0,0.0,0.0,0.0,0.0,0.0,0.0,0.0,0.0,0.0,0.0,0.0,0.0,0.0,0.0,900.0,2708.97,0.0,0.0,0.0,0.0,0.0,0.0,3.08
2009-01-21,0.0,0.0,0.0,0.0,0.0,0.0,0.0,0.0,0.0,0.0,0.0,0.0,0.0,0.0,0.0,0.0,0.0,0.0,0.0,0.0,0.0,0.0,0.0,0.0,0.0,0.0,0.0,0.0,0.0,900.0,2603.43,0.0,0.0,0.0,0.0,0.0,0.0,2.96
2009-01-22,0.0,0.0,0.0,0.0,0.0,0.0,0.0,0.0,0.0,0.0,0.0,0.0,0.0,0.0,0.0,0.0,0.0,0.0,0.0,0.0,0.0,0.0,0.0,0.0,0.0,0.0,0.0,0.0,0.0,900.0,2849.7,0.0,0.0,0.0,0.0,0.0,0.0,3.24
2009-01-23,0.0,0.0,0.0,0.0,0.0,0.0,0.0,0.0,0.0,0.0,0.0,0.0,0.0,0.0,0.0,0.0,0.0,0.0,0.0,0.0,0.0,0.0,0.0,0.0,0.0,0.0,0.0,0.0,0.0,900.0,2744.15,0.0,0.0,0.0,0.0,0.0,0.0,3.12
2009-01-26,0.0,0.0,0.0,0.0,0.0,0.0,0.0,0.0,0.0,0.0,0.0,0.0,0.0,0.0,0.0,0.0,0.0,0.0,0.0,0.0,0.0,0.0,0.0,0.0,0.0,0.0,0.0,0.0,0.0,900.0,2788.13,0.0,0.0,0.0,0.0,0.0,0.0,3.17
2009-01-27,0.0,0.0,0.0,0.0,0.0,0.0,0.0,0.0,0.0,0.0,0.0,0.0,0.0,0.0,0.0,0.0,0.0,0.0,0.0,0.0,0.0,0.0,0.0,0.0,0.0,0.0,0.0,0.0,0.0,900.0,2726.56,0.0,0.0,0.0,0.0,0.0,0.0,3.1
2009-01-28,0.0,0.0,0.0,0.0,0.0,0.0,0.0,0.0,0.0,0.0,0.0,0.0,0.0,0.0,0.0,0.0,0.0,0.0,0.0,0.0,0.0,0.0,0.0,0.0,0.0,0.0,0.0,0.0,0.0,900.0,2726.56,0.0,0.0,0.0,0.0,0.0,0.0,3.1
2009-01-29,0.0,0.0,0.0,0.0,0.0,0.0,0.0,0.0,0.0,0.0,0.0,0.0,0.0,0.0,0.0,0.0,0.0,0.0,0.0,0.0,0.0,0.0,0.0,0.0,0.0,0.0,0.0,0.0,0.0,800.0,2368.88,0.0,0.0,0.0,0.0,0.0,0.0,3.03
2009-01-30,0.0,0.0,0.0,0.0,0.0,0.0,0.0,0.0,0.0,0.0,0.0,0.0,0.0,0.0,0.0,0.0,0.0,0.0,0.0,0.0,0.0,0.0,0.0,0.0,0.0,0.0,0.0,0.0,0.0,800.0,2407.97,0.0,0.0,0.0,0.0,0.0,0.0,3.08
2009-02-02,0.0,0.0,0.0,0.0,0.0,0.0,0.0,0.0,0.0,0.0,0.0,0.0,0.0,0.0,0.0,0.0,0.0,0.0,0.0,0.0,0.0,0.0,0.0,0.0,0.0,0.0,0.0,0.0,0.0,800.0,2275.07,0.0,0.0,0.0,0.0,0.0,0.0,2.91
2009-02-03,0.0,0.0,0.0,0.0,0.0,0.0,0.0,0.0,0.0,0.0,0.0,0.0,0.0,0.0,0.0,0.0,0.0,0.0,0.0,0.0,0.0,0.0,0.0,0.0,0.0,0.0,0.0,0.0,0.0,800.0,2196.89,0.0,0.0,0.0,0.0,0.0,0.0,2.81
2009-02-04,0.0,0.0,0.0,0.0,0.0,0.0,0.0,0.0,0.0,0.0,0.0,0.0,0.0,0.0,0.0,0.0,0.0,0.0,0.0,0.0,0.0,0.0,0.0,0.0,0.0,0.0,0.0,0.0,0.0,800.0,2189.07,0.0,0.0,0.0,0.0,0.0,0.0,2.8
2009-02-05,0.0,0.0,0.0,0.0,0.0,0.0,0.0,0.0,0.0,0.0,0.0,0.0,0.0,0.0,0.0,0.0,0.0,0.0,0.0,0.0,0.0,0.0,0.0,0.0,0.0,0.0,0.0,0.0,0.0,800.0,2149.98,0.0,0.0,0.0,0.0,0.0,0.0,2.75
2009-02-06,0.0,0.0,0.0,0.0,0.0,0.0,0.0,0.0,0.0,0.0,0.0,0.0,0.0,0.0,0.0,0.0,0.0,0.0,0.0,0.0,0.0,0.0,0.0,0.0,0.0,0.0,0.0,0.0,0.0,800.0,2306.34,0.0,0.0,0.0,0.0,0.0,0.0,2.95
2009-02-09,0.0,0.0,0.0,0.0,0.0,0.0,0.0,0.0,0.0,0.0,0.0,0.0,0.0,0.0,0.0,0.0,0.0,0.0,0.0,0.0,0.0,0.0,0.0,0.0,0.0,0.0,0.0,0.0,0.0,800.0,2212.52,0.0,0.0,0.0,0.0,0.0,0.0,2.83
2009-02-10,0.0,0.0,0.0,0.0,0.0,0.0,0.0,0.0,0.0,0.0,0.0,0.0,0.0,0.0,0.0,0.0,0.0,0.0,0.0,0.0,0.0,0.0,0.0,0.0,0.0,0.0,0.0,0.0,0.0,800.0,2251.61,0.0,0.0,0.0,0.0,0.0,0.0,2.88
2009-02-11,0.0,0.0,0.0,0.0,0.0,0.0,0.0,0.0,0.0,0.0,0.0,0.0,0.0,0.0,0.0,0.0,0.0,0.0,0.0,0.0,0.0,0.0,0.0,0.0,0.0,0.0,0.0,0.0,0.0,800.0,2275.07,0.0,0.0,0.0,0.0,0.0,0.0,2.91
2009-02-12,0.0,0.0,0.0,0.0,0.0,0.0,0.0,0.0,0.0,0.0,0.0,0.0,0.0,0.0,0.0,0.0,0.0,0.0,0.0,0.0,0.0,0.0,0.0,0.0,0.0,0.0,0.0,0.0,0.0,800.0,2181.25,0.0,0.0,0.0,0.0,0.0,0.0,2.79
2009-02-13,0.0,0.0,0.0,0.0,0.0,0.0,0.0,0.0,0.0,0.0,0.0,0.0,0.0,0.0,0.0,0.0,0.0,0.0,0.0,0.0,0.0,0.0,0.0,0.0,0.0,0.0,0.0,0.0,0.0,800.0,2149.98,0.0,0.0,0.0,0.0,0.0,0.0,2.75
2009-02-16,0.0,0.0,0.0,0.0,0.0,0.0,0.0,0.0,0.0,0.0,0.0,0.0,0.0,0.0,0.0,0.0,0.0,0.0,0.0,0.0,0.0,0.0,0.0,0.0,0.0,0.0,0.0,0.0,0.0,800.0,2181.25,0.0,0.0,0.0,0.0,0.0,0.0,2.79
2009-02-17,0.0,0.0,0.0,0.0,0.0,0.0,0.0,0.0,0.0,0.0,0.0,0.0,0.0,0.0,0.0,0.0,0.0,0.0,0.0,0.0,0.0,0.0,0.0,0.0,0.0,0.0,0.0,0.0,0.0,800.0,2149.98,0.0,0.0,0.0,0.0,0.0,0.0,2.75
2009-02-18,0.0,0.0,0.0,0.0,0.0,0.0,0.0,0.0,0.0,0.0,0.0,0.0,0.0,0.0,0.0,0.0,0.0,0.0,0.0,0.0,0.0,0.0,0.0,0.0,0.0,0.0,0.0,0.0,0.0,800.0,2110.89,0.0,0.0,0.0,0.0,0.0,0.0,2.7
2009-02-19,0.0,0.0,0.0,0.0,0.0,0.0,0.0,0.0,0.0,0.0,0.0,0.0,0.0,0.0,0.0,0.0,0.0,0.0,0.0,0.0,0.0,0.0,0.0,0.0,0.0,0.0,0.0,0.0,0.0,800.0,2110.89,0.0,0.0,0.0,0.0,0.0,0.0,2.7
2009-02-20,0.0,0.0,0.0,0.0,0.0,0.0,0.0,0.0,0.0,0.0,0.0,0.0,0.0,0.0,0.0,0.0,0.0,0.0,0.0,0.0,0.0,0.0,0.0,0.0,0.0,0.0,0.0,0.0,0.0,800.0,2110.89,0.0,0.0,0.0,0.0,0.0,0.0,2.7
2009-02-23,0.0,0.0,0.0,0.0,0.0,0.0,0.0,0.0,0.0,0.0,0.0,0.0,0.0,0.0,0.0,0.0,0.0,0.0,0.0,0.0,0.0,0.0,0.0,0.0,0.0,0.0,0.0,0.0,0.0,800.0,1884.16,0.0,0.0,0.0,0.0,0.0,0.0,2.41
2009-02-24,0.0,0.0,0.0,0.0,0.0,0.0,0.0,0.0,0.0,0.0,0.0,0.0,0.0,0.0,0.0,0.0,0.0,0.0,0.0,0.0,0.0,0.0,0.0,0.0,0.0,0.0,0.0,0.0,0.0,800.0,1899.8,0.0,0.0,0.0,0.0,0.0,0.0,2.43
2009-02-25,0.0,0.0,0.0,0.0,0.0,0.0,0.0,0.0,0.0,0.0,0.0,0.0,0.0,0.0,0.0,0.0,0.0,0.0,0.0,0.0,0.0,0.0,0.0,0.0,0.0,0.0,0.0,0.0,0.0,800.0,1915.43,0.0,0.0,0.0,0.0,0.0,0.0,2.45
2009-02-26,0.0,0.0,0.0,0.0,0.0,0.0,0.0,0.0,0.0,0.0,0.0,0.0,0.0,0.0,0.0,0.0,0.0,0.0,0.0,0.0,0.0,0.0,0.0,0.0,0.0,0.0,0.0,0.0,0.0,800.0,1891.98,0.0,0.0,0.0,0.0,0.0,0.0,2.42
2009-02-27,0.0,0.0,0.0,0.0,0.0,0.0,0.0,0.0,0.0,0.0,0.0,0.0,0.0,0.0,0.0,0.0,0.0,0.0,0.0,0.0,0.0,0.0,0.0,0.0,0.0,0.0,0.0,0.0,0.0,800.0,1884.16,0.0,0.0,0.0,0.0,0.0,0.0,2.41
2009-03-02,0.0,0.0,0.0,0.0,0.0,0.0,0.0,0.0,0.0,0.0,0.0,0.0,0.0,0.0,0.0,0.0,0.0,0.0,0.0,0.0,0.0,0.0,0.0,0.0,0.0,0.0,0.0,0.0,0.0,800.0,1884.16,0.0,0.0,0.0,0.0,0.0,0.0,2.41
2009-03-03,0.0,0.0,0.0,0.0,0.0,0.0,0.0,0.0,0.0,0.0,0.0,0.0,0.0,0.0,0.0,0.0,0.0,0.0,0.0,0.0,0.0,0.0,0.0,0.0,0.0,0.0,0.0,0.0,0.0,800.0,1790.34,0.0,0.0,0.0,0.0,0.0,0.0,2.29
2009-03-04,0.0,0.0,0.0,0.0,0.0,0.0,0.0,0.0,0.0,0.0,0.0,0.0,0.0,0.0,0.0,0.0,0.0,0.0,0.0,0.0,0.0,0.0,0.0,0.0,0.0,0.0,0.0,0.0,0.0,800.0,1876.34,0.0,0.0,0.0,0.0,0.0,0.0,2.4
2009-03-05,0.0,0.0,0.0,0.0,0.0,0.0,0.0,0.0,0.0,0.0,0.0,0.0,0.0,0.0,0.0,0.0,0.0,0.0,0.0,0.0,0.0,0.0,0.0,0.0,0.0,0.0,0.0,0.0,0.0,800.0,1876.34,0.0,0.0,0.0,0.0,0.0,0.0,2.4
2009-03-06,0.0,0.0,0.0,0.0,0.0,0.0,0.0,0.0,0.0,0.0,0.0,0.0,0.0,0.0,0.0,0.0,0.0,0.0,0.0,0.0,0.0,0.0,0.0,0.0,0.0,0.0,0.0,0.0,0.0,800.0,1805.98,0.0,0.0,0.0,0.0,0.0,0.0,2.31
2009-03-09,0.0,0.0,0.0,0.0,0.0,0.0,0.0,0.0,0.0,0.0,0.0,0.0,0.0,0.0,0.0,0.0,0.0,0.0,0.0,0.0,0.0,0.0,0.0,0.0,0.0,0.0,0.0,0.0,0.0,800.0,1735.62,0.0,0.0,0.0,0.0,0.0,0.0,2.22
2009-03-10,0.0,0.0,0.0,0.0,0.0,0.0,0.0,0.0,0.0,0.0,0.0,0.0,0.0,0.0,0.0,0.0,0.0,0.0,0.0,0.0,0.0,0.0,0.0,0.0,0.0,0.0,0.0,0.0,0.0,800.0,1563.62,0.0,0.0,0.0,0.0,0.0,0.0,2.0
2009-03-11,0.0,0.0,0.0,0.0,0.0,0.0,0.0,0.0,0.0,0.0,0.0,0.0,0.0,0.0,0.0,0.0,0.0,0.0,0.0,0.0,0.0,0.0,0.0,0.0,0.0,0.0,0.0,0.0,0.0,800.0,1407.26,0.0,0.0,0.0,0.0,0.0,0.0,1.8
2009-03-12,0.0,0.0,0.0,0.0,0.0,0.0,0.0,0.0,0.0,0.0,0.0,0.0,0.0,0.0,0.0,0.0,0.0,0.0,0.0,0.0,0.0,0.0,0.0,0.0,0.0,0.0,0.0,0.0,0.0,800.0,1407.26,0.0,0.0,0.0,0.0,0.0,0.0,1.8
2009-03-13,0.0,0.0,0.0,0.0,0.0,0.0,0.0,0.0,0.0,0.0,0.0,0.0,0.0,0.0,0.0,0.0,0.0,0.0,0.0,0.0,0.0,0.0,0.0,0.0,0.0,0.0,0.0,0.0,0.0,800.0,1407.26,0.0,0.0,0.0,0.0,0.0,0.0,1.8
2009-03-16,0.0,0.0,0.0,0.0,0.0,0.0,0.0,0.0,0.0,0.0,0.0,0.0,0.0,0.0,0.0,0.0,0.0,0.0,0.0,0.0,0.0,0.0,0.0,0.0,0.0,0.0,0.0,0.0,0.0,800.0,1407.26,0.0,0.0,0.0,0.0,0.0,0.0,1.8
2009-03-17,0.0,0.0,0.0,0.0,0.0,0.0,0.0,0.0,0.0,0.0,0.0,0.0,0.0,0.0,0.0,0.0,0.0,0.0,0.0,0.0,0.0,0.0,0.0,0.0,0.0,0.0,0.0,0.0,0.0,800.0,1407.26,0.0,0.0,0.0,0.0,0.0,0.0,1.8
2009-03-18,0.0,0.0,0.0,0.0,0.0,0.0,0.0,0.0,0.0,0.0,0.0,0.0,0.0,0.0,0.0,0.0,0.0,0.0,0.0,0.0,0.0,0.0,0.0,0.0,0.0,0.0,0.0,0.0,0.0,800.0,1407.26,0.0,0.0,0.0,0.0,0.0,0.0,1.8
2009-03-19,0.0,0.0,0.0,0.0,0.0,0.0,0.0,0.0,0.0,0.0,0.0,0.0,0.0,0.0,0.0,0.0,0.0,0.0,0.0,0.0,0.0,0.0,0.0,0.0,0.0,0.0,0.0,0.0,0.0,800.0,1555.8,0.0,0.0,0.0,0.0,0.0,0.0,1.99
2009-03-20,0.0,0.0,0.0,0.0,0.0,0.0,0.0,0.0,0.0,0.0,0.0,0.0,0.0,0.0,0.0,0.0,0.0,0.0,0.0,0.0,0.0,0.0,0.0,0.0,0.0,0.0,0.0,0.0,0.0,800.0,2095.25,0.0,0.0,0.0,0.0,0.0,0.0,2.68
2009-03-23,0.0,0.0,0.0,0.0,0.0,0.0,0.0,0.0,0.0,0.0,0.0,0.0,0.0,0.0,0.0,0.0,0.0,0.0,0.0,0.0,0.0,0.0,0.0,0.0,0.0,0.0,0.0,0.0,0.0,800.0,2400.16,0.0,0.0,0.0,0.0,0.0,0.0,3.07
2009-03-24,0.0,0.0,0.0,0.0,0.0,0.0,0.0,0.0,0.0,0.0,0.0,0.0,0.0,0.0,0.0,0.0,0.0,0.0,0.0,0.0,0.0,0.0,0.0,0.0,0.0,0.0,0.0,0.0,0.0,800.0,2423.61,0.0,0.0,0.0,0.0,0.0,0.0,3.1
2009-03-25,0.0,0.0,0.0,0.0,0.0,0.0,0.0,0.0,0.0,0.0,0.0,0.0,0.0,0.0,0.0,0.0,0.0,0.0,0.0,0.0,0.0,0.0,0.0,0.0,0.0,0.0,0.0,0.0,0.0,800.0,2189.07,0.0,0.0,0.0,0.0,0.0,0.0,2.8
2009-03-26,0.0,0.0,0.0,0.0,0.0,0.0,0.0,0.0,0.0,0.0,0.0,0.0,0.0,0.0,0.0,0.0,0.0,0.0,0.0,0.0,0.0,0.0,0.0,0.0,0.0,0.0,0.0,0.0,0.0,800.0,1798.16,0.0,0.0,0.0,0.0,0.0,0.0,2.3
2009-03-27,0.0,0.0,0.0,0.0,0.0,0.0,0.0,0.0,0.0,0.0,0.0,0.0,0.0,0.0,0.0,0.0,0.0,0.0,0.0,0.0,0.0,0.0,0.0,0.0,0.0,0.0,0.0,0.0,0.0,800.0,1759.07,0.0,0.0,0.0,0.0,0.0,0.0,2.25
2009-03-30,0.0,0.0,0.0,0.0,0.0,0.0,0.0,0.0,0.0,0.0,0.0,0.0,0.0,0.0,0.0,0.0,0.0,0.0,0.0,0.0,0.0,0.0,0.0,0.0,0.0,0.0,0.0,0.0,0.0,800.0,1876.34,0.0,0.0,0.0,0.0,0.0,0.0,2.4
2009-03-31,0.0,0.0,0.0,0.0,0.0,0.0,0.0,0.0,0.0,0.0,0.0,0.0,0.0,0.0,0.0,0.0,0.0,0.0,0.0,0.0,0.0,0.0,0.0,0.0,0.0,0.0,0.0,0.0,0.0,800.0,1751.25,0.0,0.0,0.0,0.0,0.0,0.0,2.24
2009-04-01,0.0,0.0,0.0,0.0,0.0,0.0,0.0,0.0,0.0,0.0,0.0,0.0,0.0,0.0,0.0,0.0,0.0,0.0,0.0,0.0,0.0,0.0,0.0,0.0,0.0,0.0,0.0,0.0,0.0,800.0,2040.52,0.0,0.0,0.0,0.0,0.0,0.0,2.61
2009-04-02,0.0,0.0,0.0,0.0,0.0,0.0,0.0,0.0,0.0,0.0,0.0,0.0,0.0,0.0,0.0,0.0,0.0,0.0,0.0,0.0,0.0,0.0,0.0,0.0,0.0,0.0,0.0,0.0,0.0,800.0,2040.52,0.0,0.0,0.0,0.0,0.0,0.0,2.61
2009-04-03,0.0,0.0,0.0,0.0,0.0,0.0,0.0,0.0,0.0,0.0,0.0,0.0,0.0,0.0,0.0,0.0,0.0,0.0,0.0,0.0,0.0,0.0,0.0,0.0,0.0,0.0,0.0,0.0,0.0,800.0,2486.16,0.0,0.0,0.0,0.0,0.0,0.0,3.18
2009-04-06,0.0,0.0,0.0,0.0,0.0,0.0,0.0,0.0,0.0,0.0,0.0,0.0,0.0,0.0,0.0,0.0,0.0,0.0,0.0,0.0,0.0,0.0,0.0,0.0,0.0,0.0,0.0,0.0,0.0,800.0,2306.34,0.0,0.0,0.0,0.0,0.0,0.0,2.95
2009-04-07,0.0,0.0,0.0,0.0,0.0,0.0,0.0,0.0,0.0,0.0,0.0,0.0,0.0,0.0,0.0,0.0,0.0,0.0,0.0,0.0,0.0,0.0,0.0,0.0,0.0,0.0,0.0,0.0,0.0,800.0,2517.43,0.0,0.0,0.0,0.0,0.0,0.0,3.22
2009-04-08,0.0,0.0,0.0,0.0,0.0,0.0,0.0,0.0,0.0,0.0,0.0,0.0,0.0,0.0,0.0,0.0,0.0,0.0,0.0,0.0,0.0,0.0,0.0,0.0,0.0,0.0,0.0,0.0,0.0,800.0,2423.61,0.0,0.0,0.0,0.0,0.0,0.0,3.1
2009-04-09,0.0,0.0,0.0,0.0,0.0,0.0,0.0,0.0,0.0,0.0,0.0,0.0,0.0,0.0,0.0,0.0,0.0,0.0,0.0,0.0,0.0,0.0,0.0,0.0,0.0,0.0,0.0,0.0,0.0,800.0,2486.16,0.0,0.0,0.0,0.0,0.0,0.0,3.18
2009-04-10,0.0,0.0,0.0,0.0,0.0,0.0,0.0,0.0,0.0,0.0,0.0,0.0,0.0,0.0,0.0,0.0,0.0,0.0,0.0,0.0,0.0,0.0,0.0,0.0,0.0,0.0,0.0,0.0,0.0,800.0,2486.16,0.0,0.0,0.0,0.0,0.0,0.0,0.0
2009-04-13,0.0,0.0,0.0,0.0,0.0,0.0,0.0,0.0,0.0,0.0,0.0,0.0,0.0,0.0,0.0,0.0,0.0,0.0,0.0,0.0,0.0,0.0,0.0,0.0,0.0,0.0,0.0,0.0,0.0,800.0,2486.16,0.0,0.0,0.0,0.0,0.0,0.0,0.0
2009-04-14,0.0,0.0,0.0,0.0,0.0,0.0,0.0,0.0,0.0,0.0,0.0,0.0,0.0,0.0,0.0,0.0,0.0,0.0,0.0,0.0,0.0,0.0,0.0,0.0,0.0,0.0,0.0,0.0,0.0,800.0,2579.97,0.0,0.0,0.0,0.0,0.0,0.0,3.3
2009-04-15,0.0,0.0,0.0,0.0,0.0,0.0,0.0,0.0,0.0,0.0,0.0,0.0,0.0,0.0,0.0,0.0,0.0,0.0,0.0,0.0,0.0,0.0,0.0,0.0,0.0,0.0,0.0,0.0,0.0,800.0,2892.7,0.0,0.0,0.0,0.0,0.0,0.0,3.7
2009-04-16,0.0,0.0,0.0,0.0,0.0,0.0,0.0,0.0,0.0,0.0,0.0,0.0,0.0,0.0,0.0,0.0,0.0,0.0,0.0,0.0,0.0,0.0,0.0,0.0,0.0,0.0,0.0,0.0,0.0,800.0,3361.78,0.0,0.0,0.0,0.0,0.0,0.0,4.3
2009-04-17,0.0,0.0,0.0,0.0,0.0,0.0,0.0,0.0,0.0,0.0,0.0,0.0,0.0,0.0,0.0,0.0,0.0,0.0,0.0,0.0,0.0,0.0,0.0,0.0,0.0,0.0,0.0,0.0,0.0,800.0,4049.78,0.0,0.0,0.0,0.0,0.0,0.0,5.18
2009-04-20,0.0,0.0,0.0,0.0,0.0,0.0,0.0,0.0,0.0,0.0,0.0,0.0,0.0,0.0,0.0,0.0,0.0,0.0,0.0,0.0,0.0,0.0,0.0,0.0,0.0,0.0,0.0,0.0,0.0,800.0,3502.51,0.0,0.0,0.0,0.0,0.0,0.0,4.48
2009-04-21,0.0,0.0,0.0,0.0,0.0,0.0,0.0,0.0,0.0,0.0,0.0,0.0,0.0,0.0,0.0,0.0,0.0,0.0,0.0,0.0,0.0,0.0,0.0,0.0,0.0,0.0,0.0,0.0,0.0,800.0,3721.42,0.0,0.0,0.0,0.0,0.0,0.0,4.76
2009-04-22,0.0,0.0,0.0,0.0,0.0,0.0,0.0,0.0,0.0,0.0,0.0,0.0,0.0,0.0,0.0,0.0,0.0,0.0,0.0,0.0,0.0,0.0,0.0,0.0,0.0,0.0,0.0,0.0,0.0,800.0,3557.24,0.0,0.0,0.0,0.0,0.0,0.0,4.55
2009-04-23,0.0,0.0,0.0,0.0,0.0,0.0,0.0,0.0,0.0,0.0,0.0,0.0,0.0,0.0,0.0,0.0,0.0,0.0,0.0,0.0,0.0,0.0,0.0,0.0,0.0,0.0,0.0,0.0,0.0,800.0,3439.96,0.0,0.0,0.0,0.0,0.0,0.0,4.4
2009-04-24,0.0,0.0,0.0,0.0,0.0,0.0,0.0,0.0,0.0,0.0,0.0,0.0,0.0,0.0,0.0,0.0,0.0,0.0,0.0,0.0,0.0,0.0,0.0,0.0,0.0,0.0,0.0,0.0,0.0,800.0,3221.06,0.0,0.0,0.0,0.0,0.0,0.0,4.12
2009-04-27,0.0,0.0,0.0,0.0,0.0,0.0,0.0,0.0,0.0,0.0,0.0,0.0,0.0,0.0,0.0,0.0,0.0,0.0,0.0,0.0,0.0,0.0,0.0,0.0,0.0,0.0,0.0,0.0,0.0,800.0,3205.42,0.0,0.0,0.0,0.0,0.0,0.0,4.1
2009-04-28,0.0,0.0,0.0,0.0,0.0,0.0,0.0,0.0,0.0,0.0,0.0,0.0,0.0,0.0,0.0,0.0,0.0,0.0,0.0,0.0,0.0,0.0,0.0,0.0,0.0,0.0,0.0,0.0,0.0,800.0,3221.06,0.0,0.0,0.0,0.0,0.0,0.0,4.12
2009-04-29,0.0,0.0,0.0,0.0,0.0,0.0,0.0,0.0,0.0,0.0,0.0,0.0,0.0,0.0,0.0,0.0,0.0,0.0,0.0,0.0,0.0,0.0,0.0,0.0,0.0,0.0,0.0,0.0,0.0,800.0,3221.06,0.0,0.0,0.0,0.0,0.0,0.0,4.12
2009-04-30,0.0,0.0,0.0,0.0,0.0,0.0,0.0,0.0,0.0,0.0,0.0,0.0,0.0,0.0,0.0,0.0,0.0,0.0,0.0,0.0,0.0,0.0,0.0,0.0,0.0,0.0,0.0,0.0,0.0,800.0,3228.87,0.0,0.0,0.0,0.0,0.0,0.0,4.13
2009-05-01,0.0,0.0,0.0,0.0,0.0,0.0,0.0,0.0,0.0,0.0,0.0,0.0,0.0,0.0,0.0,0.0,0.0,0.0,0.0,0.0,0.0,0.0,0.0,0.0,0.0,0.0,0.0,0.0,0.0,800.0,3228.87,0.0,0.0,0.0,0.0,0.0,0.0,0.0
2009-05-04,0.0,0.0,0.0,0.0,0.0,0.0,0.0,0.0,0.0,0.0,0.0,0.0,0.0,0.0,0.0,0.0,0.0,0.0,0.0,0.0,0.0,0.0,0.0,0.0,0.0,0.0,0.0,0.0,0.0,800.0,3283.6,0.0,0.0,0.0,0.0,0.0,0.0,4.2
2009-05-05,0.0,0.0,0.0,0.0,0.0,0.0,0.0,0.0,0.0,0.0,0.0,0.0,0.0,0.0,0.0,0.0,0.0,0.0,0.0,0.0,0.0,0.0,0.0,0.0,0.0,0.0,0.0,0.0,0.0,800.0,3393.06,0.0,0.0,0.0,0.0,0.0,0.0,4.34
2009-05-06,0.0,0.0,0.0,0.0,0.0,0.0,0.0,0.0,0.0,0.0,0.0,0.0,0.0,0.0,0.0,0.0,0.0,0.0,0.0,0.0,0.0,0.0,0.0,0.0,0.0,0.0,0.0,0.0,0.0,800.0,3330.51,0.0,0.0,0.0,0.0,0.0,0.0,4.26
2009-05-07,0.0,0.0,0.0,0.0,0.0,0.0,0.0,0.0,0.0,0.0,0.0,0.0,0.0,0.0,0.0,0.0,0.0,0.0,0.0,0.0,0.0,0.0,0.0,0.0,0.0,0.0,0.0,0.0,0.0,800.0,3322.69,0.0,0.0,0.0,0.0,0.0,0.0,4.25
2009-05-08,0.0,0.0,0.0,0.0,0.0,0.0,0.0,0.0,0.0,0.0,0.0,0.0,0.0,0.0,0.0,0.0,0.0,0.0,0.0,0.0,0.0,0.0,0.0,0.0,0.0,0.0,0.0,0.0,0.0,800.0,3127.24,0.0,0.0,0.0,0.0,0.0,0.0,4.0
2009-05-11,0.0,0.0,0.0,0.0,0.0,0.0,0.0,0.0,0.0,0.0,0.0,0.0,0.0,0.0,0.0,0.0,0.0,0.0,0.0,0.0,0.0,0.0,0.0,0.0,0.0,0.0,0.0,0.0,0.0,800.0,3166.33,0.0,0.0,0.0,0.0,0.0,0.0,4.05
2009-05-12,0.0,0.0,0.0,0.0,0.0,0.0,0.0,0.0,0.0,0.0,0.0,0.0,0.0,0.0,0.0,0.0,0.0,0.0,0.0,0.0,0.0,0.0,0.0,0.0,0.0,0.0,0.0,0.0,0.0,800.0,3166.33,0.0,0.0,0.0,0.0,0.0,0.0,4.05
2009-05-13,0.0,0.0,0.0,0.0,0.0,0.0,0.0,0.0,0.0,0.0,0.0,0.0,0.0,0.0,0.0,0.0,0.0,0.0,0.0,0.0,0.0,0.0,0.0,0.0,0.0,0.0,0.0,0.0,0.0,800.0,3135.06,0.0,0.0,0.0,0.0,0.0,0.0,4.01
2009-05-14,0.0,0.0,0.0,0.0,0.0,0.0,0.0,0.0,0.0,0.0,0.0,0.0,0.0,0.0,0.0,0.0,0.0,0.0,0.0,0.0,0.0,0.0,0.0,0.0,0.0,0.0,0.0,0.0,0.0,800.0,3064.69,0.0,0.0,0.0,0.0,0.0,0.0,3.92
2009-05-15,0.0,0.0,0.0,0.0,0.0,0.0,0.0,0.0,0.0,0.0,0.0,0.0,0.0,0.0,0.0,0.0,0.0,0.0,0.0,0.0,0.0,0.0,0.0,0.0,0.0,0.0,0.0,0.0,0.0,800.0,3056.88,0.0,0.0,0.0,0.0,0.0,0.0,3.91
2009-05-18,0.0,0.0,0.0,0.0,0.0,0.0,0.0,0.0,0.0,0.0,0.0,0.0,0.0,0.0,0.0,0.0,0.0,0.0,0.0,0.0,0.0,0.0,0.0,0.0,0.0,0.0,0.0,0.0,0.0,800.0,3056.88,0.0,0.0,0.0,0.0,0.0,0.0,3.91
2009-05-19,0.0,0.0,0.0,0.0,0.0,0.0,0.0,0.0,0.0,0.0,0.0,0.0,0.0,0.0,0.0,0.0,0.0,0.0,0.0,0.0,0.0,0.0,0.0,0.0,0.0,0.0,0.0,0.0,0.0,800.0,3033.42,0.0,0.0,0.0,0.0,0.0,0.0,3.88
2009-05-20,0.0,0.0,0.0,0.0,0.0,0.0,0.0,0.0,0.0,0.0,0.0,0.0,0.0,0.0,0.0,0.0,0.0,0.0,0.0,0.0,0.0,0.0,0.0,0.0,0.0,0.0,0.0,0.0,0.0,800.0,3189.78,0.0,0.0,0.0,0.0,0.0,0.0,4.08
2009-05-21,0.0,0.0,0.0,0.0,0.0,0.0,0.0,0.0,0.0,0.0,0.0,0.0,0.0,0.0,0.0,0.0,0.0,0.0,0.0,0.0,0.0,0.0,0.0,0.0,0.0,0.0,0.0,0.0,0.0,800.0,3181.97,0.0,0.0,0.0,0.0,0.0,0.0,4.07
2009-05-22,0.0,0.0,0.0,0.0,0.0,0.0,0.0,0.0,0.0,0.0,0.0,0.0,0.0,0.0,0.0,0.0,0.0,0.0,0.0,0.0,0.0,0.0,0.0,0.0,0.0,0.0,0.0,0.0,0.0,800.0,3080.33,0.0,0.0,0.0,0.0,0.0,0.0,3.94
2009-05-25,0.0,0.0,0.0,0.0,0.0,0.0,0.0,0.0,0.0,0.0,0.0,0.0,0.0,0.0,0.0,0.0,0.0,0.0,0.0,0.0,0.0,0.0,0.0,0.0,0.0,0.0,0.0,0.0,0.0,800.0,3009.97,0.0,0.0,0.0,0.0,0.0,0.0,3.85
2009-05-26,0.0,0.0,0.0,0.0,0.0,0.0,0.0,0.0,0.0,0.0,0.0,0.0,0.0,0.0,0.0,0.0,0.0,0.0,0.0,0.0,0.0,0.0,0.0,0.0,0.0,0.0,0.0,0.0,0.0,800.0,2970.88,0.0,0.0,0.0,0.0,0.0,0.0,3.8
2009-05-27,0.0,0.0,0.0,0.0,0.0,0.0,0.0,0.0,0.0,0.0,0.0,0.0,0.0,0.0,0.0,0.0,0.0,0.0,0.0,0.0,0.0,0.0,0.0,0.0,0.0,0.0,0.0,0.0,0.0,800.0,2970.88,0.0,0.0,0.0,0.0,0.0,0.0,3.8
2009-05-28,0.0,0.0,0.0,0.0,0.0,0.0,0.0,0.0,0.0,0.0,0.0,0.0,0.0,0.0,0.0,0.0,0.0,0.0,0.0,0.0,0.0,0.0,0.0,0.0,0.0,0.0,0.0,0.0,0.0,800.0,2970.88,0.0,0.0,0.0,0.0,0.0,0.0,3.8
2009-05-29,0.0,0.0,0.0,0.0,0.0,0.0,0.0,0.0,0.0,0.0,0.0,0.0,0.0,0.0,0.0,0.0,0.0,0.0,0.0,0.0,0.0,0.0,0.0,0.0,0.0,0.0,0.0,0.0,0.0,800.0,2916.15,0.0,0.0,0.0,0.0,0.0,0.0,3.73
2009-06-01,0.0,0.0,0.0,0.0,0.0,0.0,0.0,0.0,0.0,0.0,0.0,0.0,0.0,0.0,0.0,0.0,0.0,0.0,0.0,0.0,0.0,0.0,0.0,0.0,0.0,0.0,0.0,0.0,0.0,517.0,1869.41,0.0,0.0,0.0,0.0,0.0,0.0,3.7
2009-06-02,0.0,0.0,0.0,0.0,0.0,0.0,0.0,0.0,0.0,0.0,0.0,0.0,0.0,0.0,0.0,0.0,0.0,0.0,0.0,0.0,0.0,0.0,0.0,0.0,0.0,0.0,0.0,0.0,0.0,112.0,415.92,0.0,0.0,0.0,0.0,0.0,0.0,3.8
2009-06-03,0.0,0.0,0.0,0.0,0.0,0.0,0.0,0.0,0.0,0.0,0.0,0.0,0.0,0.0,0.0,0.0,0.0,0.0,0.0,0.0,0.0,0.0,0.0,0.0,0.0,0.0,0.0,0.0,0.0,0.0,0.0,0.0,0.0,0.0,0.0,0.0,0.0,3.68
2009-06-04,0.0,0.0,0.0,0.0,0.0,0.0,0.0,0.0,0.0,0.0,0.0,0.0,0.0,0.0,0.0,0.0,0.0,0.0,0.0,0.0,0.0,0.0,0.0,0.0,0.0,0.0,0.0,0.0,0.0,0.0,0.0,0.0,0.0,0.0,0.0,0.0,0.0,3.5
2009-06-05,0.0,0.0,0.0,0.0,0.0,0.0,0.0,0.0,0.0,0.0,0.0,0.0,0.0,0.0,0.0,0.0,0.0,0.0,0.0,0.0,0.0,0.0,0.0,0.0,0.0,0.0,0.0,0.0,0.0,0.0,0.0,0.0,0.0,0.0,0.0,0.0,0.0,3.5
2009-06-08,0.0,0.0,0.0,0.0,0.0,0.0,0.0,0.0,0.0,0.0,0.0,0.0,0.0,0.0,0.0,0.0,0.0,0.0,0.0,0.0,0.0,0.0,0.0,0.0,0.0,0.0,0.0,0.0,0.0,0.0,0.0,0.0,0.0,0.0,0.0,0.0,0.0,3.4
2009-06-09,0.0,0.0,0.0,0.0,0.0,0.0,0.0,0.0,0.0,0.0,0.0,0.0,0.0,0.0,0.0,0.0,0.0,0.0,0.0,0.0,0.0,0.0,0.0,0.0,0.0,0.0,0.0,0.0,0.0,0.0,0.0,0.0,0.0,0.0,0.0,0.0,0.0,3.4
2009-06-10,0.0,0.0,0.0,0.0,0.0,0.0,0.0,0.0,0.0,0.0,0.0,0.0,0.0,0.0,0.0,0.0,0.0,0.0,0.0,0.0,0.0,0.0,0.0,0.0,0.0,0.0,0.0,0.0,0.0,0.0,0.0,0.0,0.0,0.0,0.0,0.0,0.0,3.35
2009-06-11,0.0,0.0,0.0,0.0,0.0,0.0,0.0,0.0,0.0,0.0,0.0,0.0,0.0,0.0,0.0,0.0,0.0,0.0,0.0,0.0,0.0,0.0,0.0,0.0,0.0,0.0,0.0,0.0,0.0,0.0,0.0,0.0,0.0,0.0,0.0,0.0,0.0,3.45
2009-06-12,0.0,0.0,0.0,0.0,0.0,0.0,0.0,0.0,0.0,0.0,0.0,0.0,0.0,0.0,0.0,0.0,0.0,0.0,0.0,0.0,0.0,0.0,0.0,0.0,0.0,0.0,0.0,0.0,0.0,0.0,0.0,0.0,0.0,0.0,0.0,0.0,0.0,3.6
2009-06-15,0.0,0.0,0.0,0.0,0.0,0.0,0.0,0.0,0.0,0.0,0.0,0.0,0.0,0.0,0.0,0.0,0.0,0.0,0.0,0.0,0.0,0.0,0.0,0.0,0.0,0.0,0.0,0.0,0.0,0.0,0.0,0.0,0.0,0.0,0.0,0.0,0.0,3.55
2009-06-16,0.0,0.0,0.0,0.0,0.0,0.0,0.0,0.0,0.0,0.0,0.0,0.0,0.0,0.0,0.0,0.0,0.0,0.0,0.0,0.0,0.0,0.0,0.0,0.0,0.0,0.0,0.0,0.0,0.0,0.0,0.0,0.0,0.0,0.0,0.0,0.0,0.0,3.85
2009-06-17,0.0,0.0,0.0,0.0,0.0,0.0,0.0,0.0,0.0,0.0,0.0,0.0,0.0,0.0,0.0,0.0,0.0,0.0,0.0,0.0,0.0,0.0,0.0,0.0,0.0,0.0,0.0,0.0,0.0,0.0,0.0,0.0,0.0,0.0,0.0,0.0,0.0,3.85
2009-06-18,0.0,0.0,0.0,0.0,0.0,0.0,0.0,0.0,0.0,0.0,0.0,0.0,0.0,0.0,0.0,0.0,0.0,0.0,0.0,0.0,0.0,0.0,0.0,0.0,0.0,0.0,0.0,0.0,0.0,0.0,0.0,0.0,0.0,0.0,0.0,0.0,0.0,3.92
2009-06-19,0.0,0.0,0.0,0.0,0.0,0.0,0.0,0.0,0.0,0.0,0.0,0.0,0.0,0.0,0.0,0.0,0.0,0.0,0.0,0.0,0.0,0.0,0.0,0.0,0.0,0.0,0.0,0.0,0.0,0.0,0.0,0.0,0.0,0.0,0.0,0.0,0.0,4.03
2009-06-22,0.0,0.0,0.0,0.0,0.0,0.0,0.0,0.0,0.0,0.0,0.0,0.0,0.0,0.0,0.0,0.0,0.0,0.0,0.0,0.0,0.0,0.0,0.0,0.0,0.0,0.0,0.0,0.0,0.0,0.0,0.0,0.0,0.0,0.0,0.0,0.0,0.0,3.9
2009-06-23,0.0,0.0,0.0,0.0,0.0,0.0,0.0,0.0,0.0,0.0,0.0,0.0,0.0,0.0,0.0,0.0,0.0,0.0,0.0,0.0,0.0,0.0,0.0,0.0,0.0,0.0,0.0,0.0,0.0,0.0,0.0,0.0,0.0,0.0,0.0,0.0,0.0,3.8
2009-06-24,0.0,0.0,0.0,0.0,0.0,0.0,0.0,0.0,0.0,0.0,0.0,0.0,0.0,0.0,0.0,0.0,0.0,0.0,0.0,0.0,0.0,0.0,0.0,0.0,0.0,0.0,0.0,0.0,0.0,0.0,0.0,0.0,0.0,0.0,0.0,0.0,0.0,3.8
2009-06-25,0.0,0.0,0.0,0.0,0.0,0.0,0.0,0.0,0.0,0.0,0.0,0.0,0.0,0.0,0.0,0.0,0.0,0.0,0.0,0.0,0.0,0.0,0.0,0.0,0.0,0.0,0.0,0.0,0.0,0.0,0.0,0.0,0.0,0.0,0.0,0.0,0.0,3.72
2009-06-26,0.0,0.0,0.0,0.0,0.0,0.0,0.0,0.0,0.0,0.0,0.0,0.0,0.0,0.0,0.0,0.0,0.0,0.0,0.0,0.0,0.0,0.0,0.0,0.0,0.0,0.0,0.0,0.0,0.0,0.0,0.0,0.0,0.0,0.0,0.0,0.0,0.0,3.67
2009-06-29,0.0,0.0,0.0,0.0,0.0,0.0,0.0,0.0,0.0,0.0,0.0,0.0,0.0,0.0,0.0,0.0,0.0,0.0,0.0,0.0,0.0,0.0,0.0,0.0,0.0,0.0,0.0,0.0,0.0,0.0,0.0,0.0,0.0,0.0,0.0,0.0,0.0,3.7
2009-06-30,0.0,0.0,0.0,0.0,0.0,0.0,0.0,0.0,0.0,0.0,0.0,0.0,0.0,0.0,0.0,0.0,0.0,0.0,0.0,0.0,0.0,0.0,0.0,0.0,0.0,0.0,0.0,0.0,0.0,0.0,0.0,0.0,0.0,0.0,0.0,0.0,0.0,3.8
2009-07-01,0.0,0.0,0.0,0.0,0.0,0.0,0.0,0.0,0.0,0.0,0.0,0.0,0.0,0.0,0.0,0.0,0.0,0.0,0.0,0.0,0.0,0.0,0.0,0.0,0.0,0.0,0.0,0.0,0.0,0.0,0.0,0.0,0.0,0.0,0.0,0.0,0.0,3.8
2009-07-02,0.0,0.0,0.0,0.0,0.0,0.0,0.0,0.0,0.0,0.0,0.0,0.0,0.0,0.0,0.0,0.0,0.0,0.0,0.0,0.0,0.0,0.0,0.0,0.0,0.0,0.0,0.0,0.0,0.0,0.0,0.0,0.0,0.0,0.0,0.0,0.0,0.0,3.75
2009-07-03,0.0,0.0,0.0,0.0,0.0,0.0,0.0,0.0,0.0,0.0,0.0,0.0,0.0,0.0,0.0,0.0,0.0,0.0,0.0,0.0,0.0,0.0,0.0,0.0,0.0,0.0,0.0,0.0,0.0,0.0,0.0,0.0,0.0,0.0,0.0,0.0,0.0,3.76
2009-07-06,0.0,0.0,0.0,0.0,0.0,0.0,0.0,0.0,0.0,0.0,0.0,0.0,0.0,0.0,0.0,0.0,0.0,0.0,0.0,0.0,0.0,0.0,0.0,0.0,0.0,0.0,0.0,0.0,0.0,0.0,0.0,0.0,0.0,0.0,0.0,0.0,0.0,3.8
2009-07-07,0.0,0.0,0.0,0.0,0.0,0.0,0.0,0.0,0.0,0.0,0.0,0.0,0.0,0.0,0.0,0.0,0.0,0.0,0.0,0.0,0.0,0.0,0.0,0.0,0.0,0.0,0.0,0.0,0.0,0.0,0.0,0.0,0.0,0.0,0.0,0.0,0.0,3.82
2009-07-08,0.0,0.0,0.0,0.0,0.0,0.0,0.0,0.0,0.0,0.0,0.0,0.0,0.0,0.0,0.0,0.0,0.0,0.0,0.0,0.0,0.0,0.0,0.0,0.0,0.0,0.0,0.0,0.0,0.0,0.0,0.0,0.0,0.0,0.0,0.0,0.0,0.0,3.78
2009-07-09,0.0,0.0,0.0,0.0,0.0,0.0,0.0,0.0,0.0,0.0,0.0,0.0,0.0,0.0,0.0,0.0,0.0,0.0,0.0,0.0,0.0,0.0,0.0,0.0,0.0,0.0,0.0,0.0,0.0,0.0,0.0,0.0,0.0,0.0,0.0,0.0,0.0,3.79
2009-07-10,0.0,0.0,0.0,0.0,0.0,0.0,0.0,0.0,0.0,0.0,0.0,0.0,0.0,0.0,0.0,0.0,0.0,0.0,0.0,0.0,0.0,0.0,0.0,0.0,0.0,0.0,0.0,0.0,0.0,0.0,0.0,0.0,0.0,0.0,0.0,0.0,0.0,3.8
2009-07-13,0.0,0.0,0.0,0.0,0.0,0.0,0.0,0.0,0.0,0.0,0.0,0.0,0.0,0.0,0.0,0.0,0.0,0.0,0.0,0.0,0.0,0.0,0.0,0.0,0.0,0.0,0.0,0.0,0.0,0.0,0.0,0.0,0.0,0.0,0.0,0.0,0.0,3.8
2009-07-14,0.0,0.0,0.0,0.0,0.0,0.0,0.0,0.0,0.0,0.0,0.0,0.0,0.0,0.0,0.0,0.0,0.0,0.0,0.0,0.0,0.0,0.0,0.0,0.0,0.0,0.0,0.0,0.0,0.0,0.0,0.0,0.0,0.0,0.0,0.0,0.0,0.0,3.7
2009-07-15,0.0,0.0,0.0,0.0,0.0,0.0,0.0,0.0,0.0,0.0,0.0,0.0,0.0,0.0,0.0,0.0,0.0,0.0,0.0,0.0,0.0,0.0,0.0,0.0,0.0,0.0,0.0,0.0,0.0,0.0,0.0,0.0,0.0,0.0,0.0,0.0,0.0,3.68
2009-07-16,0.0,0.0,0.0,0.0,0.0,0.0,0.0,0.0,0.0,0.0,0.0,0.0,0.0,0.0,0.0,0.0,0.0,0.0,0.0,0.0,0.0,0.0,0.0,0.0,0.0,0.0,0.0,0.0,0.0,0.0,0.0,0.0,0.0,0.0,0.0,0.0,0.0,3.55
2009-07-17,0.0,0.0,0.0,0.0,0.0,0.0,0.0,0.0,0.0,0.0,0.0,0.0,0.0,0.0,0.0,0.0,0.0,0.0,0.0,0.0,0.0,0.0,0.0,0.0,0.0,0.0,0.0,0.0,0.0,0.0,0.0,0.0,0.0,0.0,0.0,0.0,0.0,3.6
2009-07-20,0.0,0.0,0.0,0.0,0.0,0.0,0.0,0.0,0.0,0.0,0.0,0.0,0.0,0.0,0.0,0.0,0.0,0.0,0.0,0.0,0.0,0.0,0.0,0.0,0.0,0.0,0.0,0.0,0.0,0.0,0.0,0.0,0.0,0.0,0.0,0.0,0.0,3.66
2009-07-21,0.0,0.0,0.0,0.0,0.0,0.0,0.0,0.0,0.0,0.0,0.0,0.0,0.0,0.0,0.0,0.0,0.0,0.0,0.0,0.0,0.0,0.0,0.0,0.0,0.0,0.0,0.0,0.0,0.0,0.0,0.0,0.0,0.0,0.0,0.0,0.0,0.0,3.67
2009-07-22,0.0,0.0,0.0,0.0,0.0,0.0,0.0,0.0,0.0,0.0,0.0,0.0,0.0,0.0,0.0,0.0,0.0,0.0,0.0,0.0,0.0,0.0,0.0,0.0,0.0,0.0,0.0,0.0,0.0,0.0,0.0,0.0,0.0,0.0,0.0,0.0,0.0,3.51
2009-07-23,0.0,0.0,0.0,0.0,0.0,0.0,0.0,0.0,0.0,0.0,0.0,0.0,0.0,0.0,0.0,0.0,0.0,0.0,0.0,0.0,0.0,0.0,0.0,0.0,0.0,0.0,0.0,0.0,0.0,0.0,0.0,0.0,0.0,0.0,0.0,0.0,0.0,3.6
2009-07-24,0.0,0.0,0.0,0.0,0.0,0.0,0.0,0.0,0.0,0.0,0.0,0.0,0.0,0.0,0.0,0.0,0.0,0.0,0.0,0.0,0.0,0.0,0.0,0.0,0.0,0.0,0.0,0.0,0.0,0.0,0.0,0.0,0.0,0.0,0.0,0.0,0.0,3.53
2009-07-27,0.0,0.0,0.0,0.0,0.0,0.0,0.0,0.0,0.0,0.0,0.0,0.0,0.0,0.0,0.0,0.0,0.0,0.0,0.0,0.0,0.0,0.0,0.0,0.0,0.0,0.0,0.0,0.0,0.0,0.0,0.0,0.0,0.0,0.0,0.0,0.0,0.0,3.52
2009-07-28,0.0,0.0,0.0,0.0,0.0,0.0,0.0,0.0,0.0,0.0,0.0,0.0,0.0,0.0,0.0,0.0,0.0,0.0,0.0,0.0,0.0,0.0,0.0,0.0,0.0,0.0,0.0,0.0,0.0,0.0,0.0,0.0,0.0,0.0,0.0,0.0,0.0,3.64
2009-07-29,0.0,0.0,0.0,0.0,0.0,0.0,0.0,0.0,0.0,0.0,0.0,0.0,0.0,0.0,0.0,0.0,0.0,0.0,0.0,0.0,0.0,0.0,0.0,0.0,0.0,0.0,0.0,0.0,0.0,0.0,0.0,0.0,0.0,0.0,0.0,0.0,0.0,3.61
2009-07-30,0.0,0.0,0.0,0.0,0.0,0.0,0.0,0.0,0.0,0.0,0.0,0.0,0.0,0.0,0.0,0.0,0.0,0.0,0.0,0.0,0.0,0.0,0.0,0.0,0.0,0.0,0.0,0.0,0.0,0.0,0.0,0.0,0.0,0.0,0.0,0.0,0.0,3.61
2009-07-31,0.0,0.0,0.0,0.0,0.0,0.0,0.0,0.0,0.0,0.0,0.0,0.0,0.0,0.0,0.0,0.0,0.0,0.0,0.0,0.0,0.0,0.0,0.0,0.0,0.0,0.0,0.0,0.0,0.0,0.0,0.0,0.0,0.0,0.0,0.0,0.0,0.0,3.61
2009-08-03,0.0,0.0,0.0,0.0,0.0,0.0,0.0,0.0,0.0,0.0,0.0,0.0,0.0,0.0,0.0,0.0,0.0,0.0,0.0,0.0,0.0,0.0,0.0,0.0,0.0,0.0,0.0,0.0,0.0,0.0,0.0,0.0,0.0,0.0,0.0,0.0,0.0,3.61
2009-08-04,0.0,0.0,0.0,0.0,0.0,0.0,0.0,0.0,0.0,0.0,0.0,0.0,0.0,0.0,0.0,0.0,0.0,0.0,0.0,0.0,0.0,0.0,0.0,0.0,0.0,0.0,0.0,0.0,0.0,0.0,0.0,0.0,0.0,0.0,0.0,0.0,0.0,3.71
2009-08-05,0.0,0.0,0.0,0.0,0.0,0.0,0.0,0.0,0.0,0.0,0.0,0.0,0.0,0.0,0.0,0.0,0.0,0.0,0.0,0.0,0.0,0.0,0.0,0.0,0.0,0.0,0.0,0.0,0.0,0.0,0.0,0.0,0.0,0.0,0.0,0.0,0.0,3.8
2009-08-06,0.0,0.0,0.0,0.0,0.0,0.0,0.0,0.0,0.0,0.0,0.0,0.0,0.0,0.0,0.0,0.0,0.0,0.0,0.0,0.0,0.0,0.0,0.0,0.0,0.0,0.0,0.0,0.0,0.0,0.0,0.0,0.0,0.0,0.0,0.0,0.0,0.0,3.75
2009-08-07,0.0,0.0,0.0,0.0,0.0,0.0,0.0,0.0,0.0,0.0,0.0,0.0,0.0,0.0,0.0,0.0,0.0,0.0,0.0,0.0,0.0,0.0,0.0,0.0,0.0,0.0,0.0,0.0,0.0,0.0,0.0,0.0,0.0,0.0,0.0,0.0,0.0,3.72
2009-08-10,0.0,0.0,0.0,0.0,0.0,0.0,0.0,0.0,0.0,0.0,0.0,0.0,0.0,0.0,0.0,0.0,0.0,0.0,0.0,0.0,0.0,0.0,0.0,0.0,0.0,0.0,0.0,0.0,0.0,0.0,0.0,0.0,0.0,0.0,0.0,0.0,0.0,3.65
2009-08-11,0.0,0.0,0.0,0.0,0.0,0.0,0.0,0.0,0.0,0.0,0.0,0.0,0.0,0.0,0.0,0.0,0.0,0.0,0.0,0.0,0.0,0.0,0.0,0.0,0.0,0.0,0.0,0.0,0.0,0.0,0.0,0.0,0.0,0.0,0.0,0.0,0.0,3.95
2009-08-12,0.0,0.0,0.0,0.0,0.0,0.0,0.0,0.0,0.0,0.0,0.0,0.0,0.0,0.0,0.0,0.0,0.0,0.0,0.0,0.0,0.0,0.0,0.0,0.0,0.0,0.0,0.0,0.0,0.0,0.0,0.0,0.0,0.0,0.0,0.0,0.0,0.0,4.21
2009-08-13,0.0,0.0,0.0,0.0,0.0,0.0,0.0,0.0,0.0,0.0,0.0,0.0,0.0,0.0,0.0,0.0,0.0,0.0,0.0,0.0,0.0,0.0,0.0,0.0,0.0,0.0,0.0,0.0,0.0,0.0,0.0,0.0,0.0,0.0,0.0,0.0,0.0,4.48
2009-08-14,0.0,0.0,0.0,0.0,0.0,0.0,0.0,0.0,0.0,0.0,0.0,0.0,0.0,0.0,0.0,0.0,0.0,0.0,0.0,0.0,0.0,0.0,0.0,0.0,0.0,0.0,0.0,0.0,0.0,0.0,0.0,0.0,0.0,0.0,0.0,0.0,0.0,4.47
2009-08-17,0.0,0.0,0.0,0.0,0.0,0.0,0.0,0.0,0.0,0.0,0.0,0.0,0.0,0.0,0.0,0.0,0.0,0.0,0.0,0.0,0.0,0.0,0.0,0.0,0.0,0.0,0.0,0.0,0.0,0.0,0.0,0.0,0.0,0.0,0.0,0.0,0.0,4.12
2009-08-18,0.0,0.0,0.0,0.0,0.0,0.0,0.0,0.0,0.0,0.0,0.0,0.0,0.0,0.0,0.0,0.0,0.0,0.0,0.0,0.0,0.0,0.0,0.0,0.0,0.0,0.0,0.0,0.0,0.0,0.0,0.0,0.0,0.0,0.0,0.0,0.0,0.0,4.0
2009-08-19,0.0,0.0,0.0,0.0,0.0,0.0,0.0,0.0,0.0,0.0,0.0,0.0,0.0,0.0,0.0,0.0,0.0,0.0,0.0,0.0,0.0,0.0,0.0,0.0,0.0,0.0,0.0,0.0,0.0,0.0,0.0,0.0,0.0,0.0,0.0,0.0,0.0,3.98
2009-08-20,0.0,0.0,0.0,0.0,0.0,0.0,0.0,0.0,0.0,0.0,0.0,0.0,0.0,0.0,0.0,0.0,0.0,0.0,0.0,0.0,0.0,0.0,0.0,0.0,0.0,0.0,0.0,0.0,0.0,0.0,0.0,0.0,0.0,0.0,0.0,0.0,0.0,4.05
2009-08-21,0.0,0.0,0.0,0.0,0.0,0.0,0.0,0.0,0.0,0.0,0.0,0.0,0.0,0.0,0.0,0.0,0.0,0.0,0.0,0.0,0.0,0.0,0.0,0.0,0.0,0.0,0.0,0.0,0.0,0.0,0.0,0.0,0.0,0.0,0.0,0.0,0.0,4.13
2009-08-24,0.0,0.0,0.0,0.0,0.0,0.0,0.0,0.0,0.0,0.0,0.0,0.0,0.0,0.0,0.0,0.0,0.0,0.0,0.0,0.0,0.0,0.0,0.0,0.0,0.0,0.0,0.0,0.0,0.0,0.0,0.0,0.0,0.0,0.0,0.0,0.0,0.0,4.1
2009-08-25,0.0,0.0,0.0,0.0,0.0,0.0,0.0,0.0,0.0,0.0,0.0,0.0,0.0,0.0,0.0,0.0,0.0,0.0,0.0,0.0,0.0,0.0,0.0,0.0,0.0,0.0,0.0,0.0,0.0,0.0,0.0,0.0,0.0,0.0,0.0,0.0,0.0,4.01
2009-08-26,0.0,0.0,0.0,0.0,0.0,0.0,0.0,0.0,0.0,0.0,0.0,0.0,0.0,0.0,0.0,0.0,0.0,0.0,0.0,0.0,0.0,0.0,0.0,0.0,0.0,0.0,0.0,0.0,0.0,0.0,0.0,0.0,0.0,0.0,0.0,0.0,0.0,4.02
2009-08-27,0.0,0.0,0.0,0.0,0.0,0.0,0.0,0.0,0.0,0.0,0.0,0.0,0.0,0.0,0.0,0.0,0.0,0.0,0.0,0.0,0.0,0.0,0.0,0.0,0.0,0.0,0.0,0.0,0.0,0.0,0.0,0.0,0.0,0.0,0.0,0.0,0.0,4.1
2009-08-28,0.0,0.0,0.0,0.0,0.0,0.0,0.0,0.0,0.0,0.0,0.0,0.0,0.0,0.0,0.0,0.0,0.0,0.0,0.0,0.0,0.0,0.0,0.0,0.0,0.0,0.0,0.0,0.0,0.0,0.0,0.0,0.0,0.0,0.0,0.0,0.0,0.0,4.2
2009-08-31,0.0,0.0,0.0,0.0,0.0,0.0,0.0,0.0,0.0,0.0,0.0,0.0,0.0,0.0,0.0,0.0,0.0,0.0,0.0,0.0,0.0,0.0,0.0,0.0,0.0,0.0,0.0,0.0,0.0,0.0,0.0,0.0,0.0,0.0,0.0,0.0,0.0,4.15
2009-09-01,0.0,0.0,0.0,0.0,0.0,0.0,0.0,0.0,0.0,0.0,0.0,0.0,0.0,0.0,0.0,0.0,0.0,0.0,0.0,0.0,0.0,0.0,0.0,0.0,0.0,0.0,0.0,0.0,0.0,0.0,0.0,0.0,0.0,0.0,0.0,0.0,0.0,4.2
2009-09-02,0.0,0.0,0.0,0.0,0.0,0.0,0.0,0.0,0.0,0.0,0.0,0.0,0.0,0.0,0.0,0.0,0.0,0.0,0.0,0.0,0.0,0.0,0.0,0.0,0.0,0.0,0.0,0.0,0.0,0.0,0.0,0.0,0.0,0.0,0.0,0.0,0.0,4.12
2009-09-03,0.0,0.0,0.0,0.0,0.0,0.0,0.0,0.0,0.0,0.0,0.0,0.0,0.0,0.0,0.0,0.0,0.0,0.0,0.0,0.0,0.0,0.0,0.0,0.0,0.0,0.0,0.0,0.0,0.0,0.0,0.0,0.0,0.0,0.0,0.0,0.0,0.0,4.05
2009-09-04,0.0,0.0,0.0,0.0,0.0,0.0,0.0,0.0,0.0,0.0,0.0,0.0,0.0,0.0,0.0,0.0,0.0,0.0,0.0,0.0,0.0,0.0,0.0,0.0,0.0,0.0,0.0,0.0,0.0,0.0,0.0,0.0,0.0,0.0,0.0,0.0,0.0,4.01
2009-09-07,0.0,0.0,0.0,0.0,0.0,0.0,0.0,0.0,0.0,0.0,0.0,0.0,0.0,0.0,0.0,0.0,0.0,0.0,0.0,0.0,0.0,0.0,0.0,0.0,0.0,0.0,0.0,0.0,0.0,0.0,0.0,0.0,0.0,0.0,0.0,0.0,0.0,4.05
2009-09-08,0.0,0.0,0.0,0.0,0.0,0.0,0.0,0.0,0.0,0.0,0.0,0.0,0.0,0.0,0.0,0.0,0.0,0.0,0.0,0.0,0.0,0.0,0.0,0.0,0.0,0.0,0.0,0.0,0.0,0.0,0.0,0.0,0.0,0.0,0.0,0.0,0.0,4.22
2009-09-09,0.0,0.0,0.0,0.0,0.0,0.0,0.0,0.0,0.0,0.0,0.0,0.0,0.0,0.0,0.0,0.0,0.0,0.0,0.0,0.0,0.0,0.0,0.0,0.0,0.0,0.0,0.0,0.0,0.0,0.0,0.0,0.0,0.0,0.0,0.0,0.0,0.0,4.25
2009-09-10,0.0,0.0,0.0,0.0,0.0,0.0,0.0,0.0,0.0,0.0,0.0,0.0,0.0,0.0,0.0,0.0,0.0,0.0,0.0,0.0,0.0,0.0,0.0,0.0,0.0,0.0,0.0,0.0,0.0,0.0,0.0,0.0,0.0,0.0,0.0,0.0,0.0,4.15
2009-09-11,0.0,0.0,0.0,0.0,0.0,0.0,0.0,0.0,0.0,0.0,0.0,0.0,0.0,0.0,0.0,0.0,0.0,0.0,0.0,0.0,0.0,0.0,0.0,0.0,0.0,0.0,0.0,0.0,0.0,0.0,0.0,0.0,0.0,0.0,0.0,0.0,0.0,4.16
2009-09-14,0.0,0.0,0.0,0.0,0.0,0.0,0.0,0.0,0.0,0.0,0.0,0.0,0.0,0.0,0.0,0.0,0.0,0.0,0.0,0.0,0.0,0.0,0.0,0.0,0.0,0.0,0.0,0.0,0.0,0.0,0.0,0.0,0.0,0.0,0.0,0.0,0.0,4.1
2009-09-15,0.0,0.0,0.0,0.0,0.0,0.0,0.0,0.0,0.0,0.0,0.0,0.0,0.0,0.0,0.0,0.0,0.0,0.0,0.0,0.0,0.0,0.0,0.0,0.0,0.0,0.0,0.0,0.0,0.0,0.0,0.0,0.0,0.0,0.0,0.0,0.0,0.0,4.18
2009-09-16,0.0,0.0,0.0,0.0,0.0,0.0,0.0,0.0,0.0,0.0,0.0,0.0,0.0,0.0,0.0,0.0,0.0,0.0,0.0,0.0,0.0,0.0,0.0,0.0,0.0,0.0,0.0,0.0,0.0,0.0,0.0,0.0,0.0,0.0,0.0,0.0,0.0,4.12
2009-09-17,0.0,0.0,0.0,0.0,0.0,0.0,0.0,0.0,0.0,0.0,0.0,0.0,0.0,0.0,0.0,0.0,0.0,0.0,0.0,0.0,0.0,0.0,0.0,0.0,0.0,0.0,0.0,0.0,0.0,0.0,0.0,0.0,0.0,0.0,0.0,0.0,0.0,4.1
2009-09-18,0.0,0.0,0.0,0.0,0.0,0.0,0.0,0.0,0.0,0.0,0.0,0.0,0.0,0.0,0.0,0.0,0.0,0.0,0.0,0.0,0.0,0.0,0.0,0.0,0.0,0.0,0.0,0.0,0.0,0.0,0.0,0.0,0.0,0.0,0.0,0.0,0.0,4.12
2009-09-21,0.0,0.0,0.0,0.0,0.0,0.0,0.0,0.0,0.0,0.0,0.0,0.0,0.0,0.0,0.0,0.0,0.0,0.0,0.0,0.0,0.0,0.0,0.0,0.0,0.0,0.0,0.0,0.0,0.0,0.0,0.0,0.0,0.0,0.0,0.0,0.0,0.0,4.24
2009-09-22,0.0,0.0,0.0,0.0,0.0,0.0,0.0,0.0,0.0,0.0,0.0,0.0,0.0,0.0,0.0,0.0,0.0,0.0,0.0,0.0,0.0,0.0,0.0,0.0,0.0,0.0,0.0,0.0,0.0,0.0,0.0,0.0,0.0,0.0,0.0,0.0,0.0,4.2
2009-09-23,0.0,0.0,0.0,0.0,0.0,0.0,0.0,0.0,0.0,0.0,0.0,0.0,0.0,0.0,0.0,0.0,0.0,0.0,0.0,0.0,0.0,0.0,0.0,0.0,0.0,0.0,0.0,0.0,0.0,0.0,0.0,0.0,0.0,0.0,0.0,0.0,0.0,4.41
2009-09-24,0.0,0.0,0.0,0.0,0.0,0.0,0.0,0.0,0.0,0.0,0.0,0.0,0.0,0.0,0.0,0.0,0.0,0.0,0.0,0.0,0.0,0.0,0.0,0.0,0.0,0.0,0.0,0.0,0.0,0.0,0.0,0.0,0.0,0.0,0.0,0.0,0.0,4.52
2009-09-25,0.0,0.0,0.0,0.0,0.0,0.0,0.0,0.0,0.0,0.0,0.0,0.0,0.0,0.0,0.0,0.0,0.0,0.0,0.0,0.0,0.0,0.0,0.0,0.0,0.0,0.0,0.0,0.0,0.0,0.0,0.0,0.0,0.0,0.0,0.0,0.0,0.0,4.5
2009-09-28,0.0,0.0,0.0,0.0,0.0,0.0,0.0,0.0,0.0,0.0,0.0,0.0,0.0,0.0,0.0,0.0,0.0,0.0,0.0,0.0,0.0,0.0,0.0,0.0,0.0,0.0,0.0,0.0,0.0,0.0,0.0,0.0,0.0,0.0,0.0,0.0,0.0,4.55
2009-09-29,0.0,0.0,0.0,0.0,0.0,0.0,0.0,0.0,0.0,0.0,0.0,0.0,0.0,0.0,0.0,0.0,0.0,0.0,0.0,0.0,0.0,0.0,0.0,0.0,0.0,0.0,0.0,0.0,0.0,0.0,0.0,0.0,0.0,0.0,0.0,0.0,0.0,4.55
2009-09-30,0.0,0.0,0.0,0.0,0.0,0.0,0.0,0.0,0.0,0.0,0.0,0.0,0.0,0.0,0.0,0.0,0.0,0.0,0.0,0.0,0.0,0.0,0.0,0.0,0.0,0.0,0.0,0.0,0.0,0.0,0.0,0.0,0.0,0.0,0.0,0.0,0.0,4.43
2009-10-01,0.0,0.0,0.0,0.0,0.0,0.0,0.0,0.0,0.0,0.0,0.0,0.0,0.0,0.0,0.0,0.0,0.0,0.0,0.0,0.0,0.0,0.0,0.0,0.0,0.0,0.0,0.0,0.0,0.0,0.0,0.0,0.0,0.0,0.0,0.0,0.0,0.0,4.31
2009-10-02,0.0,0.0,0.0,0.0,0.0,0.0,0.0,0.0,0.0,0.0,0.0,0.0,0.0,0.0,0.0,0.0,0.0,0.0,0.0,0.0,0.0,0.0,0.0,0.0,0.0,0.0,0.0,0.0,0.0,0.0,0.0,0.0,0.0,0.0,0.0,0.0,0.0,4.2
2009-10-05,0.0,0.0,0.0,0.0,0.0,0.0,0.0,0.0,0.0,0.0,0.0,0.0,0.0,0.0,0.0,0.0,0.0,0.0,0.0,0.0,0.0,0.0,0.0,0.0,0.0,0.0,0.0,0.0,0.0,0.0,0.0,0.0,0.0,0.0,0.0,0.0,0.0,4.15
2009-10-06,0.0,0.0,0.0,0.0,0.0,0.0,0.0,0.0,0.0,0.0,0.0,0.0,0.0,0.0,0.0,0.0,0.0,0.0,0.0,0.0,0.0,0.0,0.0,0.0,0.0,0.0,0.0,0.0,0.0,0.0,0.0,0.0,0.0,0.0,0.0,0.0,0.0,4.02
2009-10-07,0.0,0.0,0.0,0.0,0.0,0.0,0.0,0.0,0.0,0.0,0.0,0.0,0.0,0.0,0.0,0.0,0.0,0.0,0.0,0.0,0.0,0.0,0.0,0.0,0.0,0.0,0.0,0.0,0.0,0.0,0.0,0.0,0.0,0.0,0.0,0.0,0.0,4.08
2009-10-08,0.0,0.0,0.0,0.0,0.0,0.0,0.0,0.0,0.0,0.0,0.0,0.0,0.0,0.0,0.0,0.0,0.0,0.0,0.0,0.0,0.0,0.0,0.0,0.0,0.0,0.0,0.0,0.0,0.0,0.0,0.0,0.0,0.0,0.0,0.0,0.0,0.0,4.04
2009-10-09,0.0,0.0,0.0,0.0,0.0,0.0,0.0,0.0,0.0,0.0,0.0,0.0,0.0,0.0,0.0,0.0,0.0,0.0,0.0,0.0,0.0,0.0,0.0,0.0,0.0,0.0,0.0,0.0,0.0,0.0,0.0,0.0,0.0,0.0,0.0,0.0,0.0,4.0
2009-10-12,0.0,0.0,0.0,0.0,0.0,0.0,0.0,0.0,0.0,0.0,0.0,0.0,0.0,0.0,0.0,0.0,0.0,0.0,0.0,0.0,0.0,0.0,0.0,0.0,0.0,0.0,0.0,0.0,0.0,0.0,0.0,0.0,0.0,0.0,0.0,0.0,0.0,4.02
2009-10-13,0.0,0.0,0.0,0.0,0.0,0.0,0.0,0.0,0.0,0.0,0.0,0.0,0.0,0.0,0.0,0.0,0.0,0.0,0.0,0.0,0.0,0.0,0.0,0.0,0.0,0.0,0.0,0.0,0.0,0.0,0.0,0.0,0.0,0.0,0.0,0.0,0.0,4.01
2009-10-14,0.0,0.0,0.0,0.0,0.0,0.0,0.0,0.0,0.0,0.0,0.0,0.0,0.0,0.0,0.0,0.0,0.0,0.0,0.0,0.0,0.0,0.0,0.0,0.0,0.0,0.0,0.0,0.0,0.0,0.0,0.0,0.0,0.0,0.0,0.0,0.0,0.0,4.14
2009-10-15,0.0,0.0,0.0,0.0,0.0,0.0,0.0,0.0,0.0,0.0,0.0,0.0,0.0,0.0,0.0,0.0,0.0,0.0,0.0,0.0,0.0,0.0,0.0,0.0,0.0,0.0,0.0,0.0,0.0,0.0,0.0,0.0,0.0,0.0,0.0,0.0,0.0,4.08
2009-10-16,0.0,0.0,0.0,0.0,0.0,0.0,0.0,0.0,0.0,0.0,0.0,0.0,0.0,0.0,0.0,0.0,0.0,0.0,0.0,0.0,0.0,0.0,0.0,0.0,0.0,0.0,0.0,0.0,0.0,0.0,0.0,0.0,0.0,0.0,0.0,0.0,0.0,4.24
2009-10-19,0.0,0.0,0.0,0.0,0.0,0.0,0.0,0.0,0.0,0.0,0.0,0.0,0.0,0.0,0.0,0.0,0.0,0.0,0.0,0.0,0.0,0.0,0.0,0.0,0.0,0.0,0.0,0.0,0.0,0.0,0.0,0.0,0.0,0.0,0.0,0.0,0.0,4.22
2009-10-20,0.0,0.0,0.0,0.0,0.0,0.0,0.0,0.0,0.0,0.0,0.0,0.0,0.0,0.0,0.0,0.0,0.0,0.0,0.0,0.0,0.0,0.0,0.0,0.0,0.0,0.0,0.0,0.0,0.0,0.0,0.0,0.0,0.0,0.0,0.0,0.0,0.0,4.21
2009-10-21,0.0,0.0,0.0,0.0,0.0,0.0,0.0,0.0,0.0,0.0,0.0,0.0,0.0,0.0,0.0,0.0,0.0,0.0,0.0,0.0,0.0,0.0,0.0,0.0,0.0,0.0,0.0,0.0,0.0,0.0,0.0,0.0,0.0,0.0,0.0,0.0,0.0,4.15
2009-10-22,0.0,0.0,0.0,0.0,0.0,0.0,0.0,0.0,0.0,0.0,0.0,0.0,0.0,0.0,0.0,0.0,0.0,0.0,0.0,0.0,0.0,0.0,0.0,0.0,0.0,0.0,0.0,0.0,0.0,0.0,0.0,0.0,0.0,0.0,0.0,0.0,0.0,4.2
2009-10-26,0.0,0.0,0.0,0.0,0.0,0.0,0.0,0.0,0.0,0.0,0.0,0.0,0.0,0.0,0.0,0.0,0.0,0.0,0.0,0.0,0.0,0.0,0.0,0.0,0.0,0.0,0.0,0.0,0.0,0.0,0.0,0.0,0.0,0.0,0.0,0.0,0.0,4.1
2009-10-27,0.0,0.0,0.0,0.0,0.0,0.0,0.0,0.0,0.0,0.0,0.0,0.0,0.0,0.0,0.0,0.0,0.0,0.0,0.0,0.0,0.0,0.0,0.0,0.0,0.0,0.0,0.0,0.0,0.0,0.0,0.0,0.0,0.0,0.0,0.0,0.0,0.0,4.02
2009-10-28,0.0,0.0,0.0,0.0,0.0,0.0,0.0,0.0,0.0,0.0,0.0,0.0,0.0,0.0,0.0,0.0,0.0,0.0,0.0,0.0,0.0,0.0,0.0,0.0,0.0,0.0,0.0,0.0,0.0,0.0,0.0,0.0,0.0,0.0,0.0,0.0,0.0,3.9
2009-10-29,0.0,0.0,0.0,0.0,0.0,0.0,0.0,0.0,0.0,0.0,0.0,0.0,0.0,0.0,0.0,0.0,0.0,0.0,0.0,0.0,0.0,0.0,0.0,0.0,0.0,0.0,0.0,0.0,0.0,0.0,0.0,0.0,0.0,0.0,0.0,0.0,0.0,3.85
2009-10-30,0.0,0.0,0.0,0.0,0.0,0.0,0.0,0.0,0.0,0.0,0.0,0.0,0.0,0.0,0.0,0.0,0.0,0.0,0.0,0.0,0.0,0.0,0.0,0.0,0.0,0.0,0.0,0.0,0.0,0.0,0.0,0.0,0.0,0.0,0.0,0.0,0.0,3.82
2009-11-02,0.0,0.0,0.0,0.0,0.0,0.0,0.0,0.0,0.0,0.0,0.0,0.0,0.0,0.0,0.0,0.0,0.0,0.0,0.0,0.0,0.0,0.0,0.0,0.0,0.0,0.0,0.0,0.0,0.0,0.0,0.0,0.0,0.0,0.0,0.0,0.0,0.0,3.88
2009-11-03,0.0,0.0,0.0,0.0,0.0,0.0,0.0,0.0,0.0,0.0,0.0,0.0,0.0,0.0,0.0,0.0,0.0,0.0,0.0,0.0,0.0,0.0,0.0,0.0,0.0,0.0,0.0,0.0,0.0,0.0,0.0,0.0,0.0,0.0,0.0,0.0,0.0,3.85
2009-11-04,0.0,0.0,0.0,0.0,0.0,0.0,0.0,0.0,0.0,0.0,0.0,0.0,0.0,0.0,0.0,0.0,0.0,0.0,0.0,0.0,0.0,0.0,0.0,0.0,0.0,0.0,0.0,0.0,0.0,0.0,0.0,0.0,0.0,0.0,0.0,0.0,0.0,3.83
2009-11-05,0.0,0.0,0.0,0.0,0.0,0.0,0.0,0.0,0.0,0.0,0.0,0.0,0.0,0.0,0.0,0.0,0.0,0.0,0.0,0.0,0.0,0.0,0.0,0.0,0.0,0.0,0.0,0.0,0.0,0.0,0.0,0.0,0.0,0.0,0.0,0.0,0.0,4.0
2009-11-06,0.0,0.0,0.0,0.0,0.0,0.0,0.0,0.0,0.0,0.0,0.0,0.0,0.0,0.0,0.0,0.0,0.0,0.0,0.0,0.0,0.0,0.0,0.0,0.0,0.0,0.0,0.0,0.0,0.0,0.0,0.0,0.0,0.0,0.0,0.0,0.0,0.0,3.95
2009-11-09,0.0,0.0,0.0,0.0,0.0,0.0,0.0,0.0,0.0,0.0,0.0,0.0,0.0,0.0,0.0,0.0,0.0,0.0,0.0,0.0,0.0,0.0,0.0,0.0,0.0,0.0,0.0,0.0,0.0,0.0,0.0,0.0,0.0,0.0,0.0,0.0,0.0,3.83
2009-11-10,0.0,0.0,0.0,0.0,0.0,0.0,0.0,0.0,0.0,0.0,0.0,0.0,0.0,0.0,0.0,0.0,0.0,0.0,0.0,0.0,0.0,0.0,0.0,0.0,0.0,0.0,0.0,0.0,0.0,0.0,0.0,0.0,0.0,0.0,0.0,0.0,0.0,3.71
2009-11-11,0.0,0.0,0.0,0.0,0.0,0.0,0.0,0.0,0.0,0.0,0.0,0.0,0.0,0.0,0.0,0.0,0.0,0.0,0.0,0.0,0.0,0.0,0.0,0.0,0.0,0.0,0.0,0.0,0.0,0.0,0.0,0.0,0.0,0.0,0.0,0.0,0.0,3.75
2009-11-12,0.0,0.0,0.0,0.0,0.0,0.0,0.0,0.0,0.0,0.0,0.0,0.0,0.0,0.0,0.0,0.0,0.0,0.0,0.0,0.0,0.0,0.0,0.0,0.0,0.0,0.0,0.0,0.0,0.0,0.0,0.0,0.0,0.0,0.0,0.0,0.0,0.0,3.71
2009-11-13,0.0,0.0,0.0,0.0,0.0,0.0,0.0,0.0,0.0,0.0,0.0,0.0,0.0,0.0,0.0,0.0,0.0,0.0,0.0,0.0,0.0,0.0,0.0,0.0,0.0,0.0,0.0,0.0,0.0,0.0,0.0,0.0,0.0,0.0,0.0,0.0,0.0,3.71
2009-11-16,0.0,0.0,0.0,0.0,0.0,0.0,0.0,0.0,0.0,0.0,0.0,0.0,0.0,0.0,0.0,0.0,0.0,0.0,0.0,0.0,0.0,0.0,0.0,0.0,0.0,0.0,0.0,0.0,0.0,0.0,0.0,0.0,0.0,0.0,0.0,0.0,0.0,3.72
2009-11-17,0.0,0.0,0.0,0.0,0.0,0.0,0.0,0.0,0.0,0.0,0.0,0.0,0.0,0.0,0.0,0.0,0.0,0.0,0.0,0.0,0.0,0.0,0.0,0.0,0.0,0.0,0.0,0.0,0.0,0.0,0.0,0.0,0.0,0.0,0.0,0.0,0.0,3.73
2009-11-18,0.0,0.0,0.0,0.0,0.0,0.0,0.0,0.0,0.0,0.0,0.0,0.0,0.0,0.0,0.0,0.0,0.0,0.0,0.0,0.0,0.0,0.0,0.0,0.0,0.0,0.0,0.0,0.0,0.0,0.0,0.0,0.0,0.0,0.0,0.0,0.0,0.0,3.7
2009-11-19,0.0,0.0,0.0,0.0,0.0,0.0,0.0,0.0,0.0,0.0,0.0,0.0,0.0,0.0,0.0,0.0,0.0,0.0,0.0,0.0,0.0,0.0,0.0,0.0,0.0,0.0,0.0,0.0,0.0,0.0,0.0,0.0,0.0,0.0,0.0,0.0,0.0,3.7
2009-11-20,0.0,0.0,0.0,0.0,0.0,0.0,0.0,0.0,0.0,0.0,0.0,0.0,0.0,0.0,0.0,0.0,0.0,0.0,0.0,0.0,0.0,0.0,0.0,0.0,0.0,0.0,0.0,0.0,0.0,0.0,0.0,0.0,0.0,0.0,0.0,0.0,0.0,3.7
2009-11-23,0.0,0.0,0.0,0.0,0.0,0.0,0.0,0.0,0.0,0.0,0.0,0.0,0.0,0.0,0.0,0.0,0.0,0.0,0.0,0.0,0.0,0.0,0.0,0.0,0.0,0.0,0.0,0.0,0.0,0.0,0.0,0.0,0.0,0.0,0.0,0.0,0.0,3.69
2009-11-24,0.0,0.0,0.0,0.0,0.0,0.0,0.0,0.0,0.0,0.0,0.0,0.0,0.0,0.0,0.0,0.0,0.0,0.0,0.0,0.0,0.0,0.0,0.0,0.0,0.0,0.0,0.0,0.0,0.0,0.0,0.0,0.0,0.0,0.0,0.0,0.0,0.0,3.71
2009-11-25,0.0,0.0,0.0,0.0,0.0,0.0,0.0,0.0,0.0,0.0,0.0,0.0,0.0,0.0,0.0,0.0,0.0,0.0,0.0,0.0,0.0,0.0,0.0,0.0,0.0,0.0,0.0,0.0,0.0,0.0,0.0,0.0,0.0,0.0,0.0,0.0,0.0,3.82
2009-11-26,0.0,0.0,0.0,0.0,0.0,0.0,0.0,0.0,0.0,0.0,0.0,0.0,0.0,0.0,0.0,0.0,0.0,0.0,0.0,0.0,0.0,0.0,0.0,0.0,0.0,0.0,0.0,0.0,0.0,0.0,0.0,0.0,0.0,0.0,0.0,0.0,0.0,3.79
2009-11-27,0.0,0.0,0.0,0.0,0.0,0.0,0.0,0.0,0.0,0.0,0.0,0.0,0.0,0.0,0.0,0.0,0.0,0.0,0.0,0.0,0.0,0.0,0.0,0.0,0.0,0.0,0.0,0.0,0.0,0.0,0.0,0.0,0.0,0.0,0.0,0.0,0.0,3.61
2009-11-30,0.0,0.0,0.0,0.0,0.0,0.0,0.0,0.0,0.0,0.0,0.0,0.0,0.0,0.0,0.0,0.0,0.0,0.0,0.0,0.0,0.0,0.0,0.0,0.0,0.0,0.0,0.0,0.0,0.0,0.0,0.0,0.0,0.0,0.0,0.0,0.0,0.0,3.51
2009-12-01,0.0,0.0,0.0,0.0,0.0,0.0,0.0,0.0,0.0,0.0,0.0,0.0,0.0,0.0,0.0,0.0,0.0,0.0,0.0,0.0,0.0,0.0,0.0,0.0,0.0,0.0,0.0,0.0,0.0,0.0,0.0,0.0,0.0,0.0,0.0,0.0,0.0,3.55
2009-12-02,0.0,0.0,0.0,0.0,0.0,0.0,0.0,0.0,0.0,0.0,0.0,0.0,0.0,0.0,0.0,0.0,0.0,0.0,0.0,0.0,0.0,0.0,0.0,0.0,0.0,0.0,0.0,0.0,0.0,0.0,0.0,0.0,0.0,0.0,0.0,0.0,0.0,3.52
2009-12-03,0.0,0.0,0.0,0.0,0.0,0.0,0.0,0.0,0.0,0.0,0.0,0.0,0.0,0.0,0.0,0.0,0.0,0.0,0.0,0.0,0.0,0.0,0.0,0.0,0.0,0.0,0.0,0.0,0.0,0.0,0.0,0.0,0.0,0.0,0.0,0.0,0.0,3.52
2009-12-04,0.0,0.0,0.0,0.0,0.0,0.0,0.0,0.0,0.0,0.0,0.0,0.0,0.0,0.0,0.0,0.0,0.0,0.0,0.0,0.0,0.0,0.0,0.0,0.0,0.0,0.0,0.0,0.0,0.0,0.0,0.0,0.0,0.0,0.0,0.0,0.0,0.0,3.52
2009-12-07,0.0,0.0,0.0,0.0,0.0,0.0,0.0,0.0,0.0,0.0,0.0,0.0,0.0,0.0,0.0,0.0,0.0,0.0,0.0,0.0,0.0,0.0,0.0,0.0,0.0,0.0,0.0,0.0,0.0,0.0,0.0,0.0,0.0,0.0,0.0,0.0,0.0,3.5
2009-12-08,0.0,0.0,0.0,0.0,0.0,0.0,0.0,0.0,0.0,0.0,0.0,0.0,0.0,0.0,0.0,0.0,0.0,0.0,0.0,0.0,0.0,0.0,0.0,0.0,0.0,0.0,0.0,0.0,0.0,0.0,0.0,0.0,0.0,0.0,0.0,0.0,0.0,3.52
2009-12-09,0.0,0.0,0.0,0.0,0.0,0.0,0.0,0.0,0.0,0.0,0.0,0.0,0.0,0.0,0.0,0.0,0.0,0.0,0.0,0.0,0.0,0.0,0.0,0.0,0.0,0.0,0.0,0.0,0.0,0.0,0.0,0.0,0.0,0.0,0.0,0.0,0.0,3.46
2009-12-10,0.0,0.0,0.0,0.0,0.0,0.0,0.0,0.0,0.0,0.0,0.0,0.0,0.0,0.0,0.0,0.0,0.0,0.0,0.0,0.0,0.0,0.0,0.0,0.0,0.0,0.0,0.0,0.0,0.0,0.0,0.0,0.0,0.0,0.0,0.0,0.0,0.0,3.4
2009-12-11,0.0,0.0,0.0,0.0,0.0,0.0,0.0,0.0,0.0,0.0,0.0,0.0,0.0,0.0,0.0,0.0,0.0,0.0,0.0,0.0,0.0,0.0,0.0,0.0,0.0,0.0,0.0,0.0,0.0,0.0,0.0,0.0,0.0,0.0,0.0,0.0,0.0,3.5
2009-12-14,0.0,0.0,0.0,0.0,0.0,0.0,0.0,0.0,0.0,0.0,0.0,0.0,0.0,0.0,0.0,0.0,0.0,0.0,0.0,0.0,0.0,0.0,0.0,0.0,0.0,0.0,0.0,0.0,0.0,0.0,0.0,0.0,0.0,0.0,0.0,0.0,0.0,3.42
2009-12-15,0.0,0.0,0.0,0.0,0.0,0.0,0.0,0.0,0.0,0.0,0.0,0.0,0.0,0.0,0.0,0.0,0.0,0.0,0.0,0.0,0.0,0.0,0.0,0.0,0.0,0.0,0.0,0.0,0.0,0.0,0.0,0.0,0.0,0.0,0.0,0.0,0.0,3.33
2009-12-16,0.0,0.0,0.0,0.0,0.0,0.0,0.0,0.0,0.0,0.0,0.0,0.0,0.0,0.0,0.0,0.0,0.0,0.0,0.0,0.0,0.0,0.0,0.0,0.0,0.0,0.0,0.0,0.0,0.0,0.0,0.0,0.0,0.0,0.0,0.0,0.0,0.0,3.35
2009-12-17,0.0,0.0,0.0,0.0,0.0,0.0,0.0,0.0,0.0,0.0,0.0,0.0,0.0,0.0,0.0,0.0,0.0,0.0,0.0,0.0,0.0,0.0,0.0,0.0,0.0,0.0,0.0,0.0,0.0,0.0,0.0,0.0,0.0,0.0,0.0,0.0,0.0,3.34
2009-12-18,0.0,0.0,0.0,0.0,0.0,0.0,0.0,0.0,0.0,0.0,0.0,0.0,0.0,0.0,0.0,0.0,0.0,0.0,0.0,0.0,0.0,0.0,0.0,0.0,0.0,0.0,0.0,0.0,0.0,0.0,0.0,0.0,0.0,0.0,0.0,0.0,0.0,3.29
2009-12-21,0.0,0.0,0.0,0.0,0.0,0.0,0.0,0.0,0.0,0.0,0.0,0.0,0.0,0.0,0.0,0.0,0.0,0.0,0.0,0.0,0.0,0.0,0.0,0.0,0.0,0.0,0.0,0.0,0.0,0.0,0.0,0.0,0.0,0.0,0.0,0.0,0.0,3.32
2009-12-22,0.0,0.0,0.0,0.0,0.0,0.0,0.0,0.0,0.0,0.0,0.0,0.0,0.0,0.0,0.0,0.0,0.0,0.0,0.0,0.0,0.0,0.0,0.0,0.0,0.0,0.0,0.0,0.0,0.0,0.0,0.0,0.0,0.0,0.0,0.0,0.0,0.0,3.22
2009-12-23,0.0,0.0,0.0,0.0,0.0,0.0,0.0,0.0,0.0,0.0,0.0,0.0,0.0,0.0,0.0,0.0,0.0,0.0,0.0,0.0,0.0,0.0,0.0,0.0,0.0,0.0,0.0,0.0,0.0,0.0,0.0,0.0,0.0,0.0,0.0,0.0,0.0,3.24
2009-12-24,0.0,0.0,0.0,0.0,0.0,0.0,0.0,0.0,0.0,0.0,0.0,0.0,0.0,0.0,0.0,0.0,0.0,0.0,0.0,0.0,0.0,0.0,0.0,0.0,0.0,0.0,0.0,0.0,0.0,0.0,0.0,0.0,0.0,0.0,0.0,0.0,0.0,3.19
2009-12-28,0.0,0.0,0.0,0.0,0.0,0.0,0.0,0.0,0.0,0.0,0.0,0.0,0.0,0.0,0.0,0.0,0.0,0.0,0.0,0.0,0.0,0.0,0.0,0.0,0.0,0.0,0.0,0.0,0.0,0.0,0.0,0.0,0.0,0.0,0.0,0.0,0.0,3.1
2009-12-29,0.0,0.0,0.0,0.0,0.0,0.0,0.0,0.0,0.0,0.0,0.0,0.0,0.0,0.0,0.0,0.0,0.0,0.0,0.0,0.0,0.0,0.0,0.0,0.0,0.0,0.0,0.0,0.0,0.0,0.0,0.0,0.0,0.0,0.0,0.0,0.0,0.0,3.05
2009-12-30,0.0,0.0,0.0,0.0,0.0,0.0,0.0,0.0,0.0,0.0,0.0,0.0,0.0,0.0,0.0,0.0,0.0,0.0,0.0,0.0,0.0,0.0,0.0,0.0,0.0,0.0,0.0,0.0,0.0,0.0,0.0,0.0,0.0,0.0,0.0,0.0,0.0,3.1
2009-12-31,0.0,0.0,0.0,0.0,0.0,0.0,0.0,0.0,0.0,0.0,0.0,0.0,0.0,0.0,0.0,0.0,0.0,0.0,0.0,0.0,0.0,0.0,0.0,0.0,0.0,0.0,0.0,0.0,0.0,0.0,0.0,0.0,0.0,0.0,0.0,0.0,0.0,3.1
2010-01-04,0.0,0.0,0.0,0.0,0.0,0.0,0.0,0.0,0.0,0.0,0.0,0.0,0.0,0.0,0.0,0.0,0.0,0.0,0.0,0.0,0.0,0.0,0.0,0.0,0.0,0.0,0.0,0.0,0.0,0.0,0.0,0.0,0.0,0.0,0.0,0.0,0.0,3.15
2010-01-05,0.0,0.0,0.0,0.0,0.0,0.0,0.0,0.0,0.0,0.0,0.0,0.0,0.0,0.0,0.0,0.0,0.0,0.0,0.0,0.0,0.0,0.0,0.0,0.0,0.0,0.0,0.0,0.0,0.0,0.0,0.0,0.0,0.0,0.0,0.0,0.0,0.0,3.08
2010-01-06,0.0,0.0,0.0,0.0,0.0,0.0,0.0,0.0,0.0,0.0,0.0,0.0,0.0,0.0,0.0,0.0,0.0,0.0,0.0,0.0,0.0,0.0,0.0,0.0,0.0,0.0,0.0,0.0,0.0,0.0,0.0,0.0,0.0,0.0,0.0,0.0,0.0,3.08
2010-01-07,0.0,0.0,0.0,0.0,0.0,0.0,0.0,0.0,0.0,0.0,0.0,0.0,0.0,0.0,0.0,0.0,0.0,0.0,0.0,0.0,0.0,0.0,0.0,0.0,0.0,0.0,0.0,0.0,0.0,0.0,0.0,0.0,0.0,0.0,0.0,0.0,0.0,3.08
2010-01-08,0.0,0.0,0.0,0.0,0.0,0.0,0.0,0.0,0.0,0.0,0.0,0.0,0.0,0.0,0.0,0.0,0.0,0.0,0.0,0.0,0.0,0.0,0.0,0.0,0.0,0.0,0.0,0.0,0.0,0.0,0.0,0.0,0.0,0.0,0.0,0.0,0.0,3.12
2010-01-11,0.0,0.0,0.0,0.0,0.0,0.0,0.0,0.0,0.0,0.0,0.0,0.0,0.0,0.0,0.0,0.0,0.0,0.0,0.0,0.0,0.0,0.0,0.0,0.0,0.0,0.0,0.0,0.0,0.0,0.0,0.0,0.0,0.0,0.0,0.0,0.0,0.0,3.19
2010-01-12,0.0,0.0,0.0,0.0,0.0,0.0,0.0,0.0,0.0,0.0,0.0,0.0,0.0,0.0,0.0,0.0,0.0,0.0,0.0,0.0,0.0,0.0,0.0,0.0,0.0,0.0,0.0,0.0,0.0,0.0,0.0,0.0,0.0,0.0,0.0,0.0,0.0,3.13
2010-01-13,0.0,0.0,0.0,0.0,0.0,0.0,0.0,0.0,0.0,0.0,0.0,0.0,0.0,0.0,0.0,0.0,0.0,0.0,0.0,0.0,0.0,0.0,0.0,0.0,0.0,0.0,0.0,0.0,0.0,0.0,0.0,0.0,0.0,0.0,0.0,0.0,0.0,3.16
2010-01-14,0.0,0.0,0.0,0.0,0.0,0.0,0.0,0.0,0.0,0.0,0.0,0.0,0.0,0.0,0.0,0.0,0.0,0.0,0.0,0.0,0.0,0.0,0.0,0.0,0.0,0.0,0.0,0.0,0.0,0.0,0.0,0.0,0.0,0.0,0.0,0.0,0.0,3.11
2010-01-15,0.0,0.0,0.0,0.0,0.0,0.0,0.0,0.0,0.0,0.0,0.0,0.0,0.0,0.0,0.0,0.0,0.0,0.0,0.0,0.0,0.0,0.0,0.0,0.0,0.0,0.0,0.0,0.0,0.0,0.0,0.0,0.0,0.0,0.0,0.0,0.0,0.0,3.12
2010-01-18,0.0,0.0,0.0,0.0,0.0,0.0,0.0,0.0,0.0,0.0,0.0,0.0,0.0,0.0,0.0,0.0,0.0,0.0,0.0,0.0,0.0,0.0,0.0,0.0,0.0,0.0,0.0,0.0,0.0,0.0,0.0,0.0,0.0,0.0,0.0,0.0,0.0,3.1
2010-01-19,0.0,0.0,0.0,0.0,0.0,0.0,0.0,0.0,0.0,0.0,0.0,0.0,0.0,0.0,0.0,0.0,0.0,0.0,0.0,0.0,0.0,0.0,0.0,0.0,0.0,0.0,0.0,0.0,0.0,0.0,0.0,0.0,0.0,0.0,0.0,0.0,0.0,3.1
2010-01-20,0.0,0.0,0.0,0.0,0.0,0.0,0.0,0.0,0.0,0.0,0.0,0.0,0.0,0.0,0.0,0.0,0.0,0.0,0.0,0.0,0.0,0.0,0.0,0.0,0.0,0.0,0.0,0.0,0.0,0.0,0.0,0.0,0.0,0.0,0.0,0.0,0.0,3.28
2010-01-21,0.0,0.0,0.0,0.0,0.0,0.0,0.0,0.0,0.0,0.0,0.0,0.0,0.0,0.0,0.0,0.0,0.0,0.0,0.0,0.0,0.0,0.0,0.0,0.0,0.0,0.0,0.0,0.0,0.0,0.0,0.0,0.0,0.0,0.0,0.0,0.0,0.0,3.35
2010-01-22,0.0,0.0,0.0,0.0,0.0,0.0,0.0,0.0,0.0,0.0,0.0,0.0,0.0,0.0,0.0,0.0,0.0,0.0,0.0,0.0,0.0,0.0,0.0,0.0,0.0,0.0,0.0,0.0,0.0,0.0,0.0,0.0,0.0,0.0,0.0,0.0,0.0,3.36
2010-01-25,0.0,0.0,0.0,0.0,0.0,0.0,0.0,0.0,0.0,0.0,0.0,0.0,0.0,0.0,0.0,0.0,0.0,0.0,0.0,0.0,0.0,0.0,0.0,0.0,0.0,0.0,0.0,0.0,0.0,0.0,0.0,0.0,0.0,0.0,0.0,0.0,0.0,3.3
2010-01-26,0.0,0.0,0.0,0.0,0.0,0.0,0.0,0.0,0.0,0.0,0.0,0.0,0.0,0.0,0.0,0.0,0.0,0.0,0.0,0.0,0.0,0.0,0.0,0.0,0.0,0.0,0.0,0.0,0.0,0.0,0.0,0.0,0.0,0.0,0.0,0.0,0.0,3.26
2010-01-27,0.0,0.0,0.0,0.0,0.0,0.0,0.0,0.0,0.0,0.0,0.0,0.0,0.0,0.0,0.0,0.0,0.0,0.0,0.0,0.0,0.0,0.0,0.0,0.0,0.0,0.0,0.0,0.0,0.0,0.0,0.0,0.0,0.0,0.0,0.0,0.0,0.0,3.3
2010-01-28,0.0,0.0,0.0,0.0,0.0,0.0,0.0,0.0,0.0,0.0,0.0,0.0,0.0,0.0,0.0,0.0,0.0,0.0,0.0,0.0,0.0,0.0,0.0,0.0,0.0,0.0,0.0,0.0,0.0,0.0,0.0,0.0,0.0,0.0,0.0,0.0,0.0,3.16
2010-01-29,0.0,0.0,0.0,0.0,0.0,0.0,0.0,0.0,0.0,0.0,0.0,0.0,0.0,0.0,0.0,0.0,0.0,0.0,0.0,0.0,0.0,0.0,0.0,0.0,0.0,0.0,0.0,0.0,0.0,0.0,0.0,0.0,0.0,0.0,0.0,0.0,0.0,3.1
2010-02-01,0.0,0.0,0.0,0.0,0.0,0.0,0.0,0.0,0.0,0.0,0.0,0.0,0.0,0.0,0.0,0.0,0.0,0.0,0.0,0.0,0.0,0.0,0.0,0.0,0.0,0.0,0.0,0.0,0.0,0.0,0.0,0.0,0.0,0.0,0.0,0.0,0.0,3.18
2010-02-02,0.0,0.0,0.0,0.0,0.0,0.0,0.0,0.0,0.0,0.0,0.0,0.0,0.0,0.0,0.0,0.0,0.0,0.0,0.0,0.0,0.0,0.0,0.0,0.0,0.0,0.0,0.0,0.0,0.0,0.0,0.0,0.0,0.0,0.0,0.0,0.0,0.0,3.18
2010-02-03,0.0,0.0,0.0,0.0,0.0,0.0,0.0,0.0,0.0,0.0,0.0,0.0,0.0,0.0,0.0,0.0,0.0,0.0,0.0,0.0,0.0,0.0,0.0,0.0,0.0,0.0,0.0,0.0,0.0,0.0,0.0,0.0,0.0,0.0,0.0,0.0,0.0,3.09
2010-02-04,0.0,0.0,0.0,0.0,0.0,0.0,0.0,0.0,0.0,0.0,0.0,0.0,0.0,0.0,0.0,0.0,0.0,0.0,0.0,0.0,0.0,0.0,0.0,0.0,0.0,0.0,0.0,0.0,0.0,0.0,0.0,0.0,0.0,0.0,0.0,0.0,0.0,3.12
2010-02-05,0.0,0.0,0.0,0.0,0.0,0.0,0.0,0.0,0.0,0.0,0.0,0.0,0.0,0.0,0.0,0.0,0.0,0.0,0.0,0.0,0.0,0.0,0.0,0.0,0.0,0.0,0.0,0.0,0.0,0.0,0.0,0.0,0.0,0.0,0.0,0.0,0.0,3.03
2010-02-08,0.0,0.0,0.0,0.0,0.0,0.0,0.0,0.0,0.0,0.0,0.0,0.0,0.0,0.0,0.0,0.0,0.0,0.0,0.0,0.0,0.0,0.0,0.0,0.0,0.0,0.0,0.0,0.0,0.0,0.0,0.0,0.0,0.0,0.0,0.0,0.0,0.0,2.95
2010-02-09,0.0,0.0,0.0,0.0,0.0,0.0,0.0,0.0,0.0,0.0,0.0,0.0,0.0,0.0,0.0,0.0,0.0,0.0,0.0,0.0,0.0,0.0,0.0,0.0,0.0,0.0,0.0,0.0,0.0,0.0,0.0,0.0,0.0,0.0,0.0,0.0,0.0,2.98
2010-02-10,0.0,0.0,0.0,0.0,0.0,0.0,0.0,0.0,0.0,0.0,0.0,0.0,0.0,0.0,0.0,0.0,0.0,0.0,0.0,0.0,0.0,0.0,0.0,0.0,0.0,0.0,0.0,0.0,0.0,0.0,0.0,0.0,0.0,0.0,0.0,0.0,0.0,2.91
2010-02-11,0.0,0.0,0.0,0.0,0.0,0.0,0.0,0.0,0.0,0.0,0.0,0.0,0.0,0.0,0.0,0.0,0.0,0.0,0.0,0.0,0.0,0.0,0.0,0.0,0.0,0.0,0.0,0.0,0.0,0.0,0.0,0.0,0.0,0.0,0.0,0.0,0.0,2.95
2010-02-12,0.0,0.0,0.0,0.0,0.0,0.0,0.0,0.0,0.0,0.0,0.0,0.0,0.0,0.0,0.0,0.0,0.0,0.0,0.0,0.0,0.0,0.0,0.0,0.0,0.0,0.0,0.0,0.0,0.0,0.0,0.0,0.0,0.0,0.0,0.0,0.0,0.0,3.0
2010-02-15,0.0,0.0,0.0,0.0,0.0,0.0,0.0,0.0,0.0,0.0,0.0,0.0,0.0,0.0,0.0,0.0,0.0,0.0,0.0,0.0,0.0,0.0,0.0,0.0,0.0,0.0,0.0,0.0,0.0,0.0,0.0,0.0,0.0,0.0,0.0,0.0,0.0,3.02
2010-02-16,0.0,0.0,0.0,0.0,0.0,0.0,0.0,0.0,0.0,0.0,0.0,0.0,0.0,0.0,0.0,0.0,0.0,0.0,0.0,0.0,0.0,0.0,0.0,0.0,0.0,0.0,0.0,0.0,0.0,0.0,0.0,0.0,0.0,0.0,0.0,0.0,0.0,3.02
2010-02-17,0.0,0.0,0.0,0.0,0.0,0.0,0.0,0.0,0.0,0.0,0.0,0.0,0.0,0.0,0.0,0.0,0.0,0.0,0.0,0.0,0.0,0.0,0.0,0.0,0.0,0.0,0.0,0.0,0.0,0.0,0.0,0.0,0.0,0.0,0.0,0.0,0.0,3.02
2010-02-18,0.0,0.0,0.0,0.0,0.0,0.0,0.0,0.0,0.0,0.0,0.0,0.0,0.0,0.0,0.0,0.0,0.0,0.0,0.0,0.0,0.0,0.0,0.0,0.0,0.0,0.0,0.0,0.0,0.0,0.0,0.0,0.0,0.0,0.0,0.0,0.0,0.0,3.03
2010-02-19,0.0,0.0,0.0,0.0,0.0,0.0,0.0,0.0,0.0,0.0,0.0,0.0,0.0,0.0,0.0,0.0,0.0,0.0,0.0,0.0,0.0,0.0,0.0,0.0,0.0,0.0,0.0,0.0,0.0,0.0,0.0,0.0,0.0,0.0,0.0,0.0,0.0,3.03
2010-02-22,0.0,0.0,0.0,0.0,0.0,0.0,0.0,0.0,0.0,0.0,0.0,0.0,0.0,0.0,0.0,0.0,0.0,0.0,0.0,0.0,0.0,0.0,0.0,0.0,0.0,0.0,0.0,0.0,0.0,0.0,0.0,0.0,0.0,0.0,0.0,0.0,0.0,2.95
2010-02-23,0.0,0.0,0.0,0.0,0.0,0.0,0.0,0.0,0.0,0.0,0.0,0.0,0.0,0.0,0.0,0.0,0.0,0.0,0.0,0.0,0.0,0.0,0.0,0.0,0.0,0.0,0.0,0.0,0.0,0.0,0.0,0.0,0.0,0.0,0.0,0.0,0.0,2.99
2010-02-24,0.0,0.0,0.0,0.0,0.0,0.0,0.0,0.0,0.0,0.0,0.0,0.0,0.0,0.0,0.0,0.0,0.0,0.0,0.0,0.0,0.0,0.0,0.0,0.0,0.0,0.0,0.0,0.0,0.0,0.0,0.0,0.0,0.0,0.0,0.0,0.0,0.0,2.97
2010-02-25,0.0,0.0,0.0,0.0,0.0,0.0,0.0,0.0,0.0,0.0,0.0,0.0,0.0,0.0,0.0,0.0,0.0,0.0,0.0,0.0,0.0,0.0,0.0,0.0,0.0,0.0,0.0,0.0,0.0,0.0,0.0,0.0,0.0,0.0,0.0,0.0,0.0,3.0
2010-02-26,0.0,0.0,0.0,0.0,0.0,0.0,0.0,0.0,0.0,0.0,0.0,0.0,0.0,0.0,0.0,0.0,0.0,0.0,0.0,0.0,0.0,0.0,0.0,0.0,0.0,0.0,0.0,0.0,0.0,0.0,0.0,0.0,0.0,0.0,0.0,0.0,0.0,2.95
2010-03-01,0.0,0.0,0.0,0.0,0.0,0.0,0.0,0.0,0.0,0.0,0.0,0.0,0.0,0.0,0.0,0.0,0.0,0.0,0.0,0.0,0.0,0.0,0.0,0.0,0.0,0.0,0.0,0.0,0.0,0.0,0.0,0.0,0.0,0.0,0.0,0.0,0.0,3.02
2010-03-02,0.0,0.0,0.0,0.0,0.0,0.0,0.0,0.0,0.0,0.0,0.0,0.0,0.0,0.0,0.0,0.0,0.0,0.0,0.0,0.0,0.0,0.0,0.0,0.0,0.0,0.0,0.0,0.0,0.0,0.0,0.0,0.0,0.0,0.0,0.0,0.0,0.0,3.02
2010-03-03,0.0,0.0,0.0,0.0,0.0,0.0,0.0,0.0,0.0,0.0,0.0,0.0,0.0,0.0,0.0,0.0,0.0,0.0,0.0,0.0,0.0,0.0,0.0,0.0,0.0,0.0,0.0,0.0,0.0,0.0,0.0,0.0,0.0,0.0,0.0,0.0,0.0,3.02
2010-03-04,0.0,0.0,0.0,0.0,0.0,0.0,0.0,0.0,0.0,0.0,0.0,0.0,0.0,0.0,0.0,0.0,0.0,0.0,0.0,0.0,0.0,0.0,0.0,0.0,0.0,0.0,0.0,0.0,0.0,0.0,0.0,0.0,0.0,0.0,0.0,0.0,0.0,2.95
2010-03-05,0.0,0.0,0.0,0.0,0.0,0.0,0.0,0.0,0.0,0.0,0.0,0.0,0.0,0.0,0.0,0.0,0.0,0.0,0.0,0.0,0.0,0.0,0.0,0.0,0.0,0.0,0.0,0.0,0.0,0.0,0.0,0.0,0.0,0.0,0.0,0.0,0.0,2.9
2010-03-08,0.0,0.0,0.0,0.0,0.0,0.0,0.0,0.0,0.0,0.0,0.0,0.0,0.0,0.0,0.0,0.0,0.0,0.0,0.0,0.0,0.0,0.0,0.0,0.0,0.0,0.0,0.0,0.0,0.0,0.0,0.0,0.0,0.0,0.0,0.0,0.0,0.0,2.9
2010-03-09,0.0,0.0,0.0,0.0,0.0,0.0,0.0,0.0,0.0,0.0,0.0,0.0,0.0,0.0,0.0,0.0,0.0,0.0,0.0,0.0,0.0,0.0,0.0,0.0,0.0,0.0,0.0,0.0,0.0,0.0,0.0,0.0,0.0,0.0,0.0,0.0,0.0,2.94
2010-03-10,0.0,0.0,0.0,0.0,0.0,0.0,0.0,0.0,0.0,0.0,0.0,0.0,0.0,0.0,0.0,0.0,0.0,0.0,0.0,0.0,0.0,0.0,0.0,0.0,0.0,0.0,0.0,0.0,0.0,0.0,0.0,0.0,0.0,0.0,0.0,0.0,0.0,2.93
2010-03-11,0.0,0.0,0.0,0.0,0.0,0.0,0.0,0.0,0.0,0.0,0.0,0.0,0.0,0.0,0.0,0.0,0.0,0.0,0.0,0.0,0.0,0.0,0.0,0.0,0.0,0.0,0.0,0.0,0.0,0.0,0.0,0.0,0.0,0.0,0.0,0.0,0.0,2.92
2010-03-12,0.0,0.0,0.0,0.0,0.0,0.0,0.0,0.0,0.0,0.0,0.0,0.0,0.0,0.0,0.0,0.0,0.0,0.0,0.0,0.0,0.0,0.0,0.0,0.0,0.0,0.0,0.0,0.0,0.0,0.0,0.0,0.0,0.0,0.0,0.0,0.0,0.0,3.01
2010-03-15,0.0,0.0,0.0,0.0,0.0,0.0,0.0,0.0,0.0,0.0,0.0,0.0,0.0,0.0,0.0,0.0,0.0,0.0,0.0,0.0,0.0,0.0,0.0,0.0,0.0,0.0,0.0,0.0,0.0,0.0,0.0,0.0,0.0,0.0,0.0,0.0,0.0,2.94
2010-03-16,0.0,0.0,0.0,0.0,0.0,0.0,0.0,0.0,0.0,0.0,0.0,0.0,0.0,0.0,0.0,0.0,0.0,0.0,0.0,0.0,0.0,0.0,0.0,0.0,0.0,0.0,0.0,0.0,0.0,0.0,0.0,0.0,0.0,0.0,0.0,0.0,0.0,2.96
2010-03-17,0.0,0.0,0.0,0.0,0.0,0.0,0.0,0.0,0.0,0.0,0.0,0.0,0.0,0.0,0.0,0.0,0.0,0.0,0.0,0.0,0.0,0.0,0.0,0.0,0.0,0.0,0.0,0.0,0.0,0.0,0.0,0.0,0.0,0.0,0.0,0.0,0.0,2.98
2010-03-18,0.0,0.0,0.0,0.0,0.0,0.0,0.0,0.0,0.0,0.0,0.0,0.0,0.0,0.0,0.0,0.0,0.0,0.0,0.0,0.0,0.0,0.0,0.0,0.0,0.0,0.0,0.0,0.0,0.0,0.0,0.0,0.0,0.0,0.0,0.0,0.0,0.0,2.99
2010-03-19,0.0,0.0,0.0,0.0,0.0,0.0,0.0,0.0,0.0,0.0,0.0,0.0,0.0,0.0,0.0,0.0,0.0,0.0,0.0,0.0,0.0,0.0,0.0,0.0,0.0,0.0,0.0,0.0,0.0,0.0,0.0,0.0,0.0,0.0,0.0,0.0,0.0,2.95
2010-03-22,0.0,0.0,0.0,0.0,0.0,0.0,0.0,0.0,0.0,0.0,0.0,0.0,0.0,0.0,0.0,0.0,0.0,0.0,0.0,0.0,0.0,0.0,0.0,0.0,0.0,0.0,0.0,0.0,0.0,0.0,0.0,0.0,0.0,0.0,0.0,0.0,0.0,2.91
2010-03-23,0.0,0.0,0.0,0.0,0.0,0.0,0.0,0.0,0.0,0.0,0.0,0.0,0.0,0.0,0.0,0.0,0.0,0.0,0.0,0.0,0.0,0.0,0.0,0.0,0.0,0.0,0.0,0.0,0.0,0.0,0.0,0.0,0.0,0.0,0.0,0.0,0.0,2.92
2010-03-24,0.0,0.0,0.0,0.0,0.0,0.0,0.0,0.0,0.0,0.0,0.0,0.0,0.0,0.0,0.0,0.0,0.0,0.0,0.0,0.0,0.0,0.0,0.0,0.0,0.0,0.0,0.0,0.0,0.0,0.0,0.0,0.0,0.0,0.0,0.0,0.0,0.0,2.98
2010-03-25,0.0,0.0,0.0,0.0,0.0,0.0,0.0,0.0,0.0,0.0,0.0,0.0,0.0,0.0,0.0,0.0,0.0,0.0,0.0,0.0,0.0,0.0,0.0,0.0,0.0,0.0,0.0,0.0,0.0,0.0,0.0,0.0,0.0,0.0,0.0,0.0,0.0,2.9
2010-03-26,0.0,0.0,0.0,0.0,0.0,0.0,0.0,0.0,0.0,0.0,0.0,0.0,0.0,0.0,0.0,0.0,0.0,0.0,0.0,0.0,0.0,0.0,0.0,0.0,0.0,0.0,0.0,0.0,0.0,0.0,0.0,0.0,0.0,0.0,0.0,0.0,0.0,2.9
2010-03-29,0.0,0.0,0.0,0.0,0.0,0.0,0.0,0.0,0.0,0.0,0.0,0.0,0.0,0.0,0.0,0.0,0.0,0.0,0.0,0.0,0.0,0.0,0.0,0.0,0.0,0.0,0.0,0.0,0.0,0.0,0.0,0.0,0.0,0.0,0.0,0.0,0.0,2.88
2010-03-30,0.0,0.0,0.0,0.0,0.0,0.0,0.0,0.0,0.0,0.0,0.0,0.0,0.0,0.0,0.0,0.0,0.0,0.0,0.0,0.0,0.0,0.0,0.0,0.0,0.0,0.0,0.0,0.0,0.0,0.0,0.0,0.0,0.0,0.0,0.0,0.0,0.0,3.0
2010-03-31,0.0,0.0,0.0,0.0,0.0,0.0,0.0,0.0,0.0,0.0,0.0,0.0,0.0,0.0,0.0,0.0,0.0,0.0,0.0,0.0,0.0,0.0,0.0,0.0,0.0,0.0,0.0,0.0,0.0,0.0,0.0,0.0,0.0,0.0,0.0,0.0,0.0,2.95
2010-04-01,0.0,0.0,0.0,0.0,0.0,0.0,0.0,0.0,0.0,0.0,0.0,0.0,0.0,0.0,0.0,0.0,0.0,0.0,0.0,0.0,0.0,0.0,0.0,0.0,0.0,0.0,0.0,0.0,0.0,0.0,0.0,0.0,0.0,0.0,0.0,0.0,0.0,2.98
2010-04-06,0.0,0.0,0.0,0.0,0.0,0.0,0.0,0.0,0.0,0.0,0.0,0.0,0.0,0.0,0.0,0.0,0.0,0.0,0.0,0.0,0.0,0.0,0.0,0.0,0.0,0.0,0.0,0.0,0.0,0.0,0.0,0.0,0.0,0.0,0.0,0.0,0.0,2.97
2010-04-07,0.0,0.0,0.0,0.0,0.0,0.0,0.0,0.0,0.0,0.0,0.0,0.0,0.0,0.0,0.0,0.0,0.0,0.0,0.0,0.0,0.0,0.0,0.0,0.0,0.0,0.0,0.0,0.0,0.0,0.0,0.0,0.0,0.0,0.0,0.0,0.0,0.0,2.92
2010-04-08,0.0,0.0,0.0,0.0,0.0,0.0,0.0,0.0,0.0,0.0,0.0,0.0,0.0,0.0,0.0,0.0,0.0,0.0,0.0,0.0,0.0,0.0,0.0,0.0,0.0,0.0,0.0,0.0,0.0,0.0,0.0,0.0,0.0,0.0,0.0,0.0,0.0,2.86
2010-04-09,0.0,0.0,0.0,0.0,0.0,0.0,0.0,0.0,0.0,0.0,0.0,0.0,0.0,0.0,0.0,0.0,0.0,0.0,0.0,0.0,0.0,0.0,0.0,0.0,0.0,0.0,0.0,0.0,0.0,0.0,0.0,0.0,0.0,0.0,0.0,0.0,0.0,2.92
2010-04-12,0.0,0.0,0.0,0.0,0.0,0.0,0.0,0.0,0.0,0.0,0.0,0.0,0.0,0.0,0.0,0.0,0.0,0.0,0.0,0.0,0.0,0.0,0.0,0.0,0.0,0.0,0.0,0.0,0.0,0.0,0.0,0.0,0.0,0.0,0.0,0.0,0.0,3.1
2010-04-13,0.0,0.0,0.0,0.0,0.0,0.0,0.0,0.0,0.0,0.0,0.0,0.0,0.0,0.0,0.0,0.0,0.0,0.0,0.0,0.0,0.0,0.0,0.0,0.0,0.0,0.0,0.0,0.0,0.0,0.0,0.0,0.0,0.0,0.0,0.0,0.0,0.0,3.04
2010-04-14,0.0,0.0,0.0,0.0,0.0,0.0,0.0,0.0,0.0,0.0,0.0,0.0,0.0,0.0,0.0,0.0,0.0,0.0,0.0,0.0,0.0,0.0,0.0,0.0,0.0,0.0,0.0,0.0,0.0,0.0,0.0,0.0,0.0,0.0,0.0,0.0,0.0,3.2
2010-04-15,0.0,0.0,0.0,0.0,0.0,0.0,0.0,0.0,0.0,0.0,0.0,0.0,0.0,0.0,0.0,0.0,0.0,0.0,0.0,0.0,0.0,0.0,0.0,0.0,0.0,0.0,0.0,0.0,0.0,0.0,0.0,0.0,0.0,0.0,0.0,0.0,0.0,3.29
2010-04-16,0.0,0.0,0.0,0.0,0.0,0.0,0.0,0.0,0.0,0.0,0.0,0.0,0.0,0.0,0.0,0.0,0.0,0.0,0.0,0.0,0.0,0.0,0.0,0.0,0.0,0.0,0.0,0.0,0.0,0.0,0.0,0.0,0.0,0.0,0.0,0.0,0.0,3.2
2010-04-19,0.0,0.0,0.0,0.0,0.0,0.0,0.0,0.0,0.0,0.0,0.0,0.0,0.0,0.0,0.0,0.0,0.0,0.0,0.0,0.0,0.0,0.0,0.0,0.0,0.0,0.0,0.0,0.0,0.0,0.0,0.0,0.0,0.0,0.0,0.0,0.0,0.0,3.14
2010-04-20,0.0,0.0,0.0,0.0,0.0,0.0,0.0,0.0,0.0,0.0,0.0,0.0,0.0,0.0,0.0,0.0,0.0,0.0,0.0,0.0,0.0,0.0,0.0,0.0,0.0,0.0,0.0,0.0,0.0,0.0,0.0,0.0,0.0,0.0,0.0,0.0,0.0,3.14
2010-04-21,0.0,0.0,0.0,0.0,0.0,0.0,0.0,0.0,0.0,0.0,0.0,0.0,0.0,0.0,0.0,0.0,0.0,0.0,0.0,0.0,0.0,0.0,0.0,0.0,0.0,0.0,0.0,0.0,0.0,0.0,0.0,0.0,0.0,0.0,0.0,0.0,0.0,3.12
2010-04-22,0.0,0.0,0.0,0.0,0.0,0.0,0.0,0.0,0.0,0.0,0.0,0.0,0.0,0.0,0.0,0.0,0.0,0.0,0.0,0.0,0.0,0.0,0.0,0.0,0.0,0.0,0.0,0.0,0.0,0.0,0.0,0.0,0.0,0.0,0.0,0.0,0.0,3.2
2010-04-23,0.0,0.0,0.0,0.0,0.0,0.0,0.0,0.0,0.0,0.0,0.0,0.0,0.0,0.0,0.0,0.0,0.0,0.0,0.0,0.0,0.0,0.0,0.0,0.0,0.0,0.0,0.0,0.0,0.0,0.0,0.0,0.0,0.0,0.0,0.0,0.0,0.0,3.26
2010-04-26,0.0,0.0,0.0,0.0,0.0,0.0,0.0,0.0,0.0,0.0,0.0,0.0,0.0,0.0,0.0,0.0,0.0,0.0,0.0,0.0,0.0,0.0,0.0,0.0,0.0,0.0,0.0,0.0,0.0,0.0,0.0,0.0,0.0,0.0,0.0,0.0,0.0,3.22
2010-04-27,0.0,0.0,0.0,0.0,0.0,0.0,0.0,0.0,0.0,0.0,0.0,0.0,0.0,0.0,0.0,0.0,0.0,0.0,0.0,0.0,0.0,0.0,0.0,0.0,0.0,0.0,0.0,0.0,0.0,0.0,0.0,0.0,0.0,0.0,0.0,0.0,0.0,3.2
2010-04-28,0.0,0.0,0.0,0.0,0.0,0.0,0.0,0.0,0.0,0.0,0.0,0.0,0.0,0.0,0.0,0.0,0.0,0.0,0.0,0.0,0.0,0.0,0.0,0.0,0.0,0.0,0.0,0.0,0.0,0.0,0.0,0.0,0.0,0.0,0.0,0.0,0.0,3.28
2010-04-29,0.0,0.0,0.0,0.0,0.0,0.0,0.0,0.0,0.0,0.0,0.0,0.0,0.0,0.0,0.0,0.0,0.0,0.0,0.0,0.0,0.0,0.0,0.0,0.0,0.0,0.0,0.0,0.0,0.0,0.0,0.0,0.0,0.0,0.0,0.0,0.0,0.0,3.33
2010-04-30,0.0,0.0,0.0,0.0,0.0,0.0,0.0,0.0,0.0,0.0,0.0,0.0,0.0,0.0,0.0,0.0,0.0,0.0,0.0,0.0,0.0,0.0,0.0,0.0,0.0,0.0,0.0,0.0,0.0,0.0,0.0,0.0,0.0,0.0,0.0,0.0,0.0,3.65
2010-05-03,0.0,0.0,0.0,0.0,0.0,0.0,0.0,0.0,0.0,0.0,0.0,0.0,0.0,0.0,0.0,0.0,0.0,0.0,0.0,0.0,0.0,0.0,0.0,0.0,0.0,0.0,0.0,0.0,0.0,0.0,0.0,0.0,0.0,0.0,0.0,0.0,0.0,3.6
2010-05-04,0.0,0.0,0.0,0.0,0.0,0.0,0.0,0.0,0.0,0.0,0.0,0.0,0.0,0.0,0.0,0.0,0.0,0.0,0.0,0.0,0.0,0.0,0.0,0.0,0.0,0.0,0.0,0.0,0.0,0.0,0.0,0.0,0.0,0.0,0.0,0.0,0.0,3.6
2010-05-05,0.0,0.0,0.0,0.0,0.0,0.0,0.0,0.0,0.0,0.0,0.0,0.0,0.0,0.0,0.0,0.0,0.0,0.0,0.0,0.0,0.0,0.0,0.0,0.0,0.0,0.0,0.0,0.0,0.0,0.0,0.0,0.0,0.0,0.0,0.0,0.0,0.0,3.53
2010-05-06,0.0,0.0,0.0,0.0,0.0,0.0,0.0,0.0,0.0,0.0,0.0,0.0,0.0,0.0,0.0,0.0,0.0,0.0,0.0,0.0,0.0,0.0,0.0,0.0,0.0,0.0,0.0,0.0,0.0,0.0,0.0,0.0,0.0,0.0,0.0,0.0,0.0,3.46
2010-05-07,0.0,0.0,0.0,0.0,0.0,0.0,0.0,0.0,0.0,0.0,0.0,0.0,0.0,0.0,0.0,0.0,0.0,0.0,0.0,0.0,0.0,0.0,0.0,0.0,0.0,0.0,0.0,0.0,0.0,0.0,0.0,0.0,0.0,0.0,0.0,0.0,0.0,3.16
2010-05-10,0.0,0.0,0.0,0.0,0.0,0.0,0.0,0.0,0.0,0.0,0.0,0.0,0.0,0.0,0.0,0.0,0.0,0.0,0.0,0.0,0.0,0.0,0.0,0.0,0.0,0.0,0.0,0.0,0.0,0.0,0.0,0.0,0.0,0.0,0.0,0.0,0.0,3.3
2010-05-11,0.0,0.0,0.0,0.0,0.0,0.0,0.0,0.0,0.0,0.0,0.0,0.0,0.0,0.0,0.0,0.0,0.0,0.0,0.0,0.0,0.0,0.0,0.0,0.0,0.0,0.0,0.0,0.0,0.0,0.0,0.0,0.0,0.0,0.0,0.0,0.0,0.0,3.25
2010-05-12,0.0,0.0,0.0,0.0,0.0,0.0,0.0,0.0,0.0,0.0,0.0,0.0,0.0,0.0,0.0,0.0,0.0,0.0,0.0,0.0,0.0,0.0,0.0,0.0,0.0,0.0,0.0,0.0,0.0,0.0,0.0,0.0,0.0,0.0,0.0,0.0,0.0,3.17
2010-05-13,0.0,0.0,0.0,0.0,0.0,0.0,0.0,0.0,0.0,0.0,0.0,0.0,0.0,0.0,0.0,0.0,0.0,0.0,0.0,0.0,0.0,0.0,0.0,0.0,0.0,0.0,0.0,0.0,0.0,0.0,0.0,0.0,0.0,0.0,0.0,0.0,0.0,3.18
2010-05-14,0.0,0.0,0.0,0.0,0.0,0.0,0.0,0.0,0.0,0.0,0.0,0.0,0.0,0.0,0.0,0.0,0.0,0.0,0.0,0.0,0.0,0.0,0.0,0.0,0.0,0.0,0.0,0.0,0.0,0.0,0.0,0.0,0.0,0.0,0.0,0.0,0.0,3.17
2010-05-17,0.0,0.0,0.0,0.0,0.0,0.0,0.0,0.0,0.0,0.0,0.0,0.0,0.0,0.0,0.0,0.0,0.0,0.0,0.0,0.0,0.0,0.0,0.0,0.0,0.0,0.0,0.0,0.0,0.0,0.0,0.0,0.0,0.0,0.0,0.0,0.0,0.0,3.12
2010-05-18,0.0,0.0,0.0,0.0,0.0,0.0,0.0,0.0,0.0,0.0,0.0,0.0,0.0,0.0,0.0,0.0,0.0,0.0,0.0,0.0,0.0,0.0,0.0,0.0,0.0,0.0,0.0,0.0,0.0,0.0,0.0,0.0,0.0,0.0,0.0,0.0,0.0,3.08
2010-05-19,0.0,0.0,0.0,0.0,0.0,0.0,0.0,0.0,0.0,0.0,0.0,0.0,0.0,0.0,0.0,0.0,0.0,0.0,0.0,0.0,0.0,0.0,0.0,0.0,0.0,0.0,0.0,0.0,0.0,0.0,0.0,0.0,0.0,0.0,0.0,0.0,0.0,2.95
2010-05-20,0.0,0.0,0.0,0.0,0.0,0.0,0.0,0.0,0.0,0.0,0.0,0.0,0.0,0.0,0.0,0.0,0.0,0.0,0.0,0.0,0.0,0.0,0.0,0.0,0.0,0.0,0.0,0.0,0.0,0.0,0.0,0.0,0.0,0.0,0.0,0.0,0.0,2.93
2010-05-21,0.0,0.0,0.0,0.0,0.0,0.0,0.0,0.0,0.0,0.0,0.0,0.0,0.0,0.0,0.0,0.0,0.0,0.0,0.0,0.0,0.0,0.0,0.0,0.0,0.0,0.0,0.0,0.0,0.0,0.0,0.0,0.0,0.0,0.0,0.0,0.0,0.0,2.95
2010-05-24,0.0,0.0,0.0,0.0,0.0,0.0,0.0,0.0,0.0,0.0,0.0,0.0,0.0,0.0,0.0,0.0,0.0,0.0,0.0,0.0,0.0,0.0,0.0,0.0,0.0,0.0,0.0,0.0,0.0,0.0,0.0,0.0,0.0,0.0,0.0,0.0,0.0,2.97
2010-05-25,0.0,0.0,0.0,0.0,0.0,0.0,0.0,0.0,0.0,0.0,0.0,0.0,0.0,0.0,0.0,0.0,0.0,0.0,0.0,0.0,0.0,0.0,0.0,0.0,0.0,0.0,0.0,0.0,0.0,0.0,0.0,0.0,0.0,0.0,0.0,0.0,0.0,2.8
2010-05-26,0.0,0.0,0.0,0.0,0.0,0.0,0.0,0.0,0.0,0.0,0.0,0.0,0.0,0.0,0.0,0.0,0.0,0.0,0.0,0.0,0.0,0.0,0.0,0.0,0.0,0.0,0.0,0.0,0.0,0.0,0.0,0.0,0.0,0.0,0.0,0.0,0.0,2.8
2010-05-27,0.0,0.0,0.0,0.0,0.0,0.0,0.0,0.0,0.0,0.0,0.0,0.0,0.0,0.0,0.0,0.0,0.0,0.0,0.0,0.0,0.0,0.0,0.0,0.0,0.0,0.0,0.0,0.0,0.0,0.0,0.0,0.0,0.0,0.0,0.0,0.0,0.0,2.82
2010-05-28,0.0,0.0,0.0,0.0,0.0,0.0,0.0,0.0,0.0,0.0,0.0,0.0,0.0,0.0,0.0,0.0,0.0,0.0,0.0,0.0,0.0,0.0,0.0,0.0,0.0,0.0,0.0,0.0,0.0,0.0,0.0,0.0,0.0,0.0,0.0,0.0,0.0,2.72
2010-05-31,0.0,0.0,0.0,0.0,0.0,0.0,0.0,0.0,0.0,0.0,0.0,0.0,0.0,0.0,0.0,0.0,0.0,0.0,0.0,0.0,0.0,0.0,0.0,0.0,0.0,0.0,0.0,0.0,0.0,0.0,0.0,0.0,0.0,0.0,0.0,0.0,0.0,2.72
2010-06-01,0.0,0.0,0.0,0.0,0.0,0.0,0.0,0.0,0.0,0.0,0.0,0.0,0.0,0.0,0.0,0.0,0.0,0.0,0.0,0.0,0.0,0.0,0.0,0.0,0.0,0.0,0.0,0.0,0.0,0.0,0.0,0.0,0.0,0.0,0.0,0.0,0.0,2.86
2010-06-02,0.0,0.0,0.0,0.0,0.0,0.0,0.0,0.0,0.0,0.0,0.0,0.0,0.0,0.0,0.0,0.0,0.0,0.0,0.0,0.0,0.0,0.0,0.0,0.0,0.0,0.0,0.0,0.0,0.0,0.0,0.0,0.0,0.0,0.0,0.0,0.0,0.0,2.83
2010-06-03,0.0,0.0,0.0,0.0,0.0,0.0,0.0,0.0,0.0,0.0,0.0,0.0,0.0,0.0,0.0,0.0,0.0,0.0,0.0,0.0,0.0,0.0,0.0,0.0,0.0,0.0,0.0,0.0,0.0,0.0,0.0,0.0,0.0,0.0,0.0,0.0,0.0,2.86
2010-06-04,0.0,0.0,0.0,0.0,0.0,0.0,0.0,0.0,0.0,0.0,0.0,0.0,0.0,0.0,0.0,0.0,0.0,0.0,0.0,0.0,0.0,0.0,0.0,0.0,0.0,0.0,0.0,0.0,0.0,0.0,0.0,0.0,0.0,0.0,0.0,0.0,0.0,2.86
2010-06-07,0.0,0.0,0.0,0.0,0.0,0.0,0.0,0.0,0.0,0.0,0.0,0.0,0.0,0.0,0.0,0.0,0.0,0.0,0.0,0.0,0.0,0.0,0.0,0.0,0.0,0.0,0.0,0.0,0.0,0.0,0.0,0.0,0.0,0.0,0.0,0.0,0.0,2.82
2010-06-08,0.0,0.0,0.0,0.0,0.0,0.0,0.0,0.0,0.0,0.0,0.0,0.0,0.0,0.0,0.0,0.0,0.0,0.0,0.0,0.0,0.0,0.0,0.0,0.0,0.0,0.0,0.0,0.0,0.0,0.0,0.0,0.0,0.0,0.0,0.0,0.0,0.0,2.88
2010-06-09,0.0,0.0,0.0,0.0,0.0,0.0,0.0,0.0,0.0,0.0,0.0,0.0,0.0,0.0,0.0,0.0,0.0,0.0,0.0,0.0,0.0,0.0,0.0,0.0,0.0,0.0,0.0,0.0,0.0,0.0,0.0,0.0,0.0,0.0,0.0,0.0,0.0,2.77
2010-06-10,0.0,0.0,0.0,0.0,0.0,0.0,0.0,0.0,0.0,0.0,0.0,0.0,0.0,0.0,0.0,0.0,0.0,0.0,0.0,0.0,0.0,0.0,0.0,0.0,0.0,0.0,0.0,0.0,0.0,0.0,0.0,0.0,0.0,0.0,0.0,0.0,0.0,2.77
2010-06-11,0.0,0.0,0.0,0.0,0.0,0.0,0.0,0.0,0.0,0.0,0.0,0.0,0.0,0.0,0.0,0.0,0.0,0.0,0.0,0.0,0.0,0.0,0.0,0.0,0.0,0.0,0.0,0.0,0.0,0.0,0.0,0.0,0.0,0.0,0.0,0.0,0.0,2.8
2010-06-14,0.0,0.0,0.0,0.0,0.0,0.0,0.0,0.0,0.0,0.0,0.0,0.0,0.0,0.0,0.0,0.0,0.0,0.0,0.0,0.0,0.0,0.0,0.0,0.0,0.0,0.0,0.0,0.0,0.0,0.0,0.0,0.0,0.0,0.0,0.0,0.0,0.0,2.79
2010-06-15,0.0,0.0,0.0,0.0,0.0,0.0,0.0,0.0,0.0,0.0,0.0,0.0,0.0,0.0,0.0,0.0,0.0,0.0,0.0,0.0,0.0,0.0,0.0,0.0,0.0,0.0,0.0,0.0,0.0,0.0,0.0,0.0,0.0,0.0,0.0,0.0,0.0,2.8
2010-06-16,0.0,0.0,0.0,0.0,0.0,0.0,0.0,0.0,0.0,0.0,0.0,0.0,0.0,0.0,0.0,0.0,0.0,0.0,0.0,0.0,0.0,0.0,0.0,0.0,0.0,0.0,0.0,0.0,0.0,0.0,0.0,0.0,0.0,0.0,0.0,0.0,0.0,2.95
2010-06-17,0.0,0.0,0.0,0.0,0.0,0.0,0.0,0.0,0.0,0.0,0.0,0.0,0.0,0.0,0.0,0.0,0.0,0.0,0.0,0.0,0.0,0.0,0.0,0.0,0.0,0.0,0.0,0.0,0.0,0.0,0.0,0.0,0.0,0.0,0.0,0.0,0.0,2.95
2010-06-18,0.0,0.0,0.0,0.0,0.0,0.0,0.0,0.0,0.0,0.0,0.0,0.0,0.0,0.0,0.0,0.0,0.0,0.0,0.0,0.0,0.0,0.0,0.0,0.0,0.0,0.0,0.0,0.0,0.0,0.0,0.0,0.0,0.0,0.0,0.0,0.0,0.0,2.95
2010-06-21,0.0,0.0,0.0,0.0,0.0,0.0,0.0,0.0,0.0,0.0,0.0,0.0,0.0,0.0,0.0,0.0,0.0,0.0,0.0,0.0,0.0,0.0,0.0,0.0,0.0,0.0,0.0,0.0,0.0,0.0,0.0,0.0,0.0,0.0,0.0,0.0,0.0,3.11
2010-06-22,0.0,0.0,0.0,0.0,0.0,0.0,0.0,0.0,0.0,0.0,0.0,0.0,0.0,0.0,0.0,0.0,0.0,0.0,0.0,0.0,0.0,0.0,0.0,0.0,0.0,0.0,0.0,0.0,0.0,0.0,0.0,0.0,0.0,0.0,0.0,0.0,0.0,3.23
2010-06-23,0.0,0.0,0.0,0.0,0.0,0.0,0.0,0.0,0.0,0.0,0.0,0.0,0.0,0.0,0.0,0.0,0.0,0.0,0.0,0.0,0.0,0.0,0.0,0.0,0.0,0.0,0.0,0.0,0.0,0.0,0.0,0.0,0.0,0.0,0.0,0.0,0.0,3.12
2010-06-24,0.0,0.0,0.0,0.0,0.0,0.0,0.0,0.0,0.0,0.0,0.0,0.0,0.0,0.0,0.0,0.0,0.0,0.0,0.0,0.0,0.0,0.0,0.0,0.0,0.0,0.0,0.0,0.0,0.0,0.0,0.0,0.0,0.0,0.0,0.0,0.0,0.0,3.08
2010-06-25,0.0,0.0,0.0,0.0,0.0,0.0,0.0,0.0,0.0,0.0,0.0,0.0,0.0,0.0,0.0,0.0,0.0,0.0,0.0,0.0,0.0,0.0,0.0,0.0,0.0,0.0,0.0,0.0,0.0,0.0,0.0,0.0,0.0,0.0,0.0,0.0,0.0,3.12
2010-06-28,0.0,0.0,0.0,0.0,0.0,0.0,0.0,0.0,0.0,0.0,0.0,0.0,0.0,0.0,0.0,0.0,0.0,0.0,0.0,0.0,0.0,0.0,0.0,0.0,0.0,0.0,0.0,0.0,0.0,0.0,0.0,0.0,0.0,0.0,0.0,0.0,0.0,3.19
2010-06-29,0.0,0.0,0.0,0.0,0.0,0.0,0.0,0.0,0.0,0.0,0.0,0.0,0.0,0.0,0.0,0.0,0.0,0.0,0.0,0.0,0.0,0.0,0.0,0.0,0.0,0.0,0.0,0.0,0.0,0.0,0.0,0.0,0.0,0.0,0.0,0.0,0.0,3.23
2010-06-30,0.0,0.0,0.0,0.0,0.0,0.0,0.0,0.0,0.0,0.0,0.0,0.0,0.0,0.0,0.0,0.0,0.0,0.0,0.0,0.0,0.0,0.0,0.0,0.0,0.0,0.0,0.0,0.0,0.0,0.0,0.0,0.0,0.0,0.0,0.0,0.0,0.0,3.25
2010-07-01,0.0,0.0,0.0,0.0,0.0,0.0,0.0,0.0,0.0,0.0,0.0,0.0,0.0,0.0,0.0,0.0,0.0,0.0,0.0,0.0,0.0,0.0,0.0,0.0,0.0,0.0,0.0,0.0,0.0,0.0,0.0,0.0,0.0,0.0,0.0,0.0,0.0,3.24
2010-07-02,0.0,0.0,0.0,0.0,0.0,0.0,0.0,0.0,0.0,0.0,0.0,0.0,0.0,0.0,0.0,0.0,0.0,0.0,0.0,0.0,0.0,0.0,0.0,0.0,0.0,0.0,0.0,0.0,0.0,0.0,0.0,0.0,0.0,0.0,0.0,0.0,0.0,3.27
2010-07-05,0.0,0.0,0.0,0.0,0.0,0.0,0.0,0.0,0.0,0.0,0.0,0.0,0.0,0.0,0.0,0.0,0.0,0.0,0.0,0.0,0.0,0.0,0.0,0.0,0.0,0.0,0.0,0.0,0.0,0.0,0.0,0.0,0.0,0.0,0.0,0.0,0.0,3.32
2010-07-06,0.0,0.0,0.0,0.0,0.0,0.0,0.0,0.0,0.0,0.0,0.0,0.0,0.0,0.0,0.0,0.0,0.0,0.0,0.0,0.0,0.0,0.0,0.0,0.0,0.0,0.0,0.0,0.0,0.0,0.0,0.0,0.0,0.0,0.0,0.0,0.0,0.0,3.29
2010-07-07,0.0,0.0,0.0,0.0,0.0,0.0,0.0,0.0,0.0,0.0,0.0,0.0,0.0,0.0,0.0,0.0,0.0,0.0,0.0,0.0,0.0,0.0,0.0,0.0,0.0,0.0,0.0,0.0,0.0,0.0,0.0,0.0,0.0,0.0,0.0,0.0,0.0,3.29
2010-07-08,0.0,0.0,0.0,0.0,0.0,0.0,0.0,0.0,0.0,0.0,0.0,0.0,0.0,0.0,0.0,0.0,0.0,0.0,0.0,0.0,0.0,0.0,0.0,0.0,0.0,0.0,0.0,0.0,0.0,0.0,0.0,0.0,0.0,0.0,0.0,0.0,0.0,3.24
2010-07-09,0.0,0.0,0.0,0.0,0.0,0.0,0.0,0.0,0.0,0.0,0.0,0.0,0.0,0.0,0.0,0.0,0.0,0.0,0.0,0.0,0.0,0.0,0.0,0.0,0.0,0.0,0.0,0.0,0.0,0.0,0.0,0.0,0.0,0.0,0.0,0.0,0.0,3.25
2010-07-12,0.0,0.0,0.0,0.0,0.0,0.0,0.0,0.0,0.0,0.0,0.0,0.0,0.0,0.0,0.0,0.0,0.0,0.0,0.0,0.0,0.0,0.0,0.0,0.0,0.0,0.0,0.0,0.0,0.0,0.0,0.0,0.0,0.0,0.0,0.0,0.0,0.0,3.35
2010-07-13,0.0,0.0,0.0,0.0,0.0,0.0,0.0,0.0,0.0,0.0,0.0,0.0,0.0,0.0,0.0,0.0,0.0,0.0,0.0,0.0,0.0,0.0,0.0,0.0,0.0,0.0,0.0,0.0,0.0,0.0,0.0,0.0,0.0,0.0,0.0,0.0,0.0,3.3
2010-07-14,0.0,0.0,0.0,0.0,0.0,0.0,0.0,0.0,0.0,0.0,0.0,0.0,0.0,0.0,0.0,0.0,0.0,0.0,0.0,0.0,0.0,0.0,0.0,0.0,0.0,0.0,0.0,0.0,0.0,0.0,0.0,0.0,0.0,0.0,0.0,0.0,0.0,3.3
2010-07-15,0.0,0.0,0.0,0.0,0.0,0.0,0.0,0.0,0.0,0.0,0.0,0.0,0.0,0.0,0.0,0.0,0.0,0.0,0.0,0.0,0.0,0.0,0.0,0.0,0.0,0.0,0.0,0.0,0.0,0.0,0.0,0.0,0.0,0.0,0.0,0.0,0.0,3.25
2010-07-16,0.0,0.0,0.0,0.0,0.0,0.0,0.0,0.0,0.0,0.0,0.0,0.0,0.0,0.0,0.0,0.0,0.0,0.0,0.0,0.0,0.0,0.0,0.0,0.0,0.0,0.0,0.0,0.0,0.0,0.0,0.0,0.0,0.0,0.0,0.0,0.0,0.0,3.3
2010-07-19,0.0,0.0,0.0,0.0,0.0,0.0,0.0,0.0,0.0,0.0,0.0,0.0,0.0,0.0,0.0,0.0,0.0,0.0,0.0,0.0,0.0,0.0,0.0,0.0,0.0,0.0,0.0,0.0,0.0,0.0,0.0,0.0,0.0,0.0,0.0,0.0,0.0,3.3
2010-07-20,0.0,0.0,0.0,0.0,0.0,0.0,0.0,0.0,0.0,0.0,0.0,0.0,0.0,0.0,0.0,0.0,0.0,0.0,0.0,0.0,0.0,0.0,0.0,0.0,0.0,0.0,0.0,0.0,0.0,0.0,0.0,0.0,0.0,0.0,0.0,0.0,0.0,3.34
2010-07-21,0.0,0.0,0.0,0.0,0.0,0.0,0.0,0.0,0.0,0.0,0.0,0.0,0.0,0.0,0.0,0.0,0.0,0.0,0.0,0.0,0.0,0.0,0.0,0.0,0.0,0.0,0.0,0.0,0.0,0.0,0.0,0.0,0.0,0.0,0.0,0.0,0.0,3.3
2010-07-22,0.0,0.0,0.0,0.0,0.0,0.0,0.0,0.0,0.0,0.0,0.0,0.0,0.0,0.0,0.0,0.0,0.0,0.0,0.0,0.0,0.0,0.0,0.0,0.0,0.0,0.0,0.0,0.0,0.0,0.0,0.0,0.0,0.0,0.0,0.0,0.0,0.0,3.25
2010-07-23,0.0,0.0,0.0,0.0,0.0,0.0,0.0,0.0,0.0,0.0,0.0,0.0,0.0,0.0,0.0,0.0,0.0,0.0,0.0,0.0,0.0,0.0,0.0,0.0,0.0,0.0,0.0,0.0,0.0,0.0,0.0,0.0,0.0,0.0,0.0,0.0,0.0,3.27
2010-07-26,0.0,0.0,0.0,0.0,0.0,0.0,0.0,0.0,0.0,0.0,0.0,0.0,0.0,0.0,0.0,0.0,0.0,0.0,0.0,0.0,0.0,0.0,0.0,0.0,0.0,0.0,0.0,0.0,0.0,0.0,0.0,0.0,0.0,0.0,0.0,0.0,0.0,3.27
2010-07-27,0.0,0.0,0.0,0.0,0.0,0.0,0.0,0.0,0.0,0.0,0.0,0.0,0.0,0.0,0.0,0.0,0.0,0.0,0.0,0.0,0.0,0.0,0.0,0.0,0.0,0.0,0.0,0.0,0.0,0.0,0.0,0.0,0.0,0.0,0.0,0.0,0.0,3.27
2010-07-28,0.0,0.0,0.0,0.0,0.0,0.0,0.0,0.0,0.0,0.0,0.0,0.0,0.0,0.0,0.0,0.0,0.0,0.0,0.0,0.0,0.0,0.0,0.0,0.0,0.0,0.0,0.0,0.0,0.0,0.0,0.0,0.0,0.0,0.0,0.0,0.0,0.0,3.27
2010-07-29,0.0,0.0,0.0,0.0,0.0,0.0,0.0,0.0,0.0,0.0,0.0,0.0,0.0,0.0,0.0,0.0,0.0,0.0,0.0,0.0,0.0,0.0,0.0,0.0,0.0,0.0,0.0,0.0,0.0,0.0,0.0,0.0,0.0,0.0,0.0,0.0,0.0,3.35
2010-07-30,0.0,0.0,0.0,0.0,0.0,0.0,0.0,0.0,0.0,0.0,0.0,0.0,0.0,0.0,0.0,0.0,0.0,0.0,0.0,0.0,0.0,0.0,0.0,0.0,0.0,0.0,0.0,0.0,0.0,0.0,0.0,0.0,0.0,0.0,0.0,0.0,0.0,3.3
2010-08-02,0.0,0.0,0.0,0.0,0.0,0.0,0.0,0.0,0.0,0.0,0.0,0.0,0.0,0.0,0.0,0.0,0.0,0.0,0.0,0.0,0.0,0.0,0.0,0.0,0.0,0.0,0.0,0.0,0.0,0.0,0.0,0.0,0.0,0.0,0.0,0.0,0.0,3.35
2010-08-03,0.0,0.0,0.0,0.0,0.0,0.0,0.0,0.0,0.0,0.0,0.0,0.0,0.0,0.0,0.0,0.0,0.0,0.0,0.0,0.0,0.0,0.0,0.0,0.0,0.0,0.0,0.0,0.0,0.0,0.0,0.0,0.0,0.0,0.0,0.0,0.0,0.0,3.32
2010-08-04,0.0,0.0,0.0,0.0,0.0,0.0,0.0,0.0,0.0,0.0,0.0,0.0,0.0,0.0,0.0,0.0,0.0,0.0,0.0,0.0,0.0,0.0,0.0,0.0,0.0,0.0,0.0,0.0,0.0,0.0,0.0,0.0,0.0,0.0,0.0,0.0,0.0,3.29
2010-08-05,0.0,0.0,0.0,0.0,0.0,0.0,0.0,0.0,0.0,0.0,0.0,0.0,0.0,0.0,0.0,0.0,0.0,0.0,0.0,0.0,0.0,0.0,0.0,0.0,0.0,0.0,0.0,0.0,0.0,0.0,0.0,0.0,0.0,0.0,0.0,0.0,0.0,3.29
2010-08-06,0.0,0.0,0.0,0.0,0.0,0.0,0.0,0.0,0.0,0.0,0.0,0.0,0.0,0.0,0.0,0.0,0.0,0.0,0.0,0.0,0.0,0.0,0.0,0.0,0.0,0.0,0.0,0.0,0.0,0.0,0.0,0.0,0.0,0.0,0.0,0.0,0.0,3.29
2010-08-09,0.0,0.0,0.0,0.0,0.0,0.0,0.0,0.0,0.0,0.0,0.0,0.0,0.0,0.0,0.0,0.0,0.0,0.0,0.0,0.0,0.0,0.0,0.0,0.0,0.0,0.0,0.0,0.0,0.0,0.0,0.0,0.0,0.0,0.0,0.0,0.0,0.0,3.25
2010-08-10,0.0,0.0,0.0,0.0,0.0,0.0,0.0,0.0,0.0,0.0,0.0,0.0,0.0,0.0,0.0,0.0,0.0,0.0,0.0,0.0,0.0,0.0,0.0,0.0,0.0,0.0,0.0,0.0,0.0,0.0,0.0,0.0,0.0,0.0,0.0,0.0,0.0,3.22
2010-08-11,0.0,0.0,0.0,0.0,0.0,0.0,0.0,0.0,0.0,0.0,0.0,0.0,0.0,0.0,0.0,0.0,0.0,0.0,0.0,0.0,0.0,0.0,0.0,0.0,0.0,0.0,0.0,0.0,0.0,0.0,0.0,0.0,0.0,0.0,0.0,0.0,0.0,3.25
2010-08-12,0.0,0.0,0.0,0.0,0.0,0.0,0.0,0.0,0.0,0.0,0.0,0.0,0.0,0.0,0.0,0.0,0.0,0.0,0.0,0.0,0.0,0.0,0.0,0.0,0.0,0.0,0.0,0.0,0.0,0.0,0.0,0.0,0.0,0.0,0.0,0.0,0.0,3.25
2010-08-13,0.0,0.0,0.0,0.0,0.0,0.0,0.0,0.0,0.0,0.0,0.0,0.0,0.0,0.0,0.0,0.0,0.0,0.0,0.0,0.0,0.0,0.0,0.0,0.0,0.0,0.0,0.0,0.0,0.0,0.0,0.0,0.0,0.0,0.0,0.0,0.0,0.0,3.2
2010-08-16,0.0,0.0,0.0,0.0,0.0,0.0,0.0,0.0,0.0,0.0,0.0,0.0,0.0,0.0,0.0,0.0,0.0,0.0,0.0,0.0,0.0,0.0,0.0,0.0,0.0,0.0,0.0,0.0,0.0,0.0,0.0,0.0,0.0,0.0,0.0,0.0,0.0,3.21
2010-08-17,0.0,0.0,0.0,0.0,0.0,0.0,0.0,0.0,0.0,0.0,0.0,0.0,0.0,0.0,0.0,0.0,0.0,0.0,0.0,0.0,0.0,0.0,0.0,0.0,0.0,0.0,0.0,0.0,0.0,0.0,0.0,0.0,0.0,0.0,0.0,0.0,0.0,3.25
2010-08-18,0.0,0.0,0.0,0.0,0.0,0.0,0.0,0.0,0.0,0.0,0.0,0.0,0.0,0.0,0.0,0.0,0.0,0.0,0.0,0.0,0.0,0.0,0.0,0.0,0.0,0.0,0.0,0.0,0.0,0.0,0.0,0.0,0.0,0.0,0.0,0.0,0.0,3.25
2010-08-19,0.0,0.0,0.0,0.0,0.0,0.0,0.0,0.0,0.0,0.0,0.0,0.0,0.0,0.0,0.0,0.0,0.0,0.0,0.0,0.0,0.0,0.0,0.0,0.0,0.0,0.0,0.0,0.0,0.0,0.0,0.0,0.0,0.0,0.0,0.0,0.0,0.0,3.25
2010-08-20,0.0,0.0,0.0,0.0,0.0,0.0,0.0,0.0,0.0,0.0,0.0,0.0,0.0,0.0,0.0,0.0,0.0,0.0,0.0,0.0,0.0,0.0,0.0,0.0,0.0,0.0,0.0,0.0,0.0,0.0,0.0,0.0,0.0,0.0,0.0,0.0,0.0,3.2
2010-08-23,0.0,0.0,0.0,0.0,0.0,0.0,0.0,0.0,0.0,0.0,0.0,0.0,0.0,0.0,0.0,0.0,0.0,0.0,0.0,0.0,0.0,0.0,0.0,0.0,0.0,0.0,0.0,0.0,0.0,0.0,0.0,0.0,0.0,0.0,0.0,0.0,0.0,3.2
2010-08-24,0.0,0.0,0.0,0.0,0.0,0.0,0.0,0.0,0.0,0.0,0.0,0.0,0.0,0.0,0.0,0.0,0.0,0.0,0.0,0.0,0.0,0.0,0.0,0.0,0.0,0.0,0.0,0.0,0.0,0.0,0.0,0.0,0.0,0.0,0.0,0.0,0.0,3.15
2010-08-25,0.0,0.0,0.0,0.0,0.0,0.0,0.0,0.0,0.0,0.0,0.0,0.0,0.0,0.0,0.0,0.0,0.0,0.0,0.0,0.0,0.0,0.0,0.0,0.0,0.0,0.0,0.0,0.0,0.0,0.0,0.0,0.0,0.0,0.0,0.0,0.0,0.0,3.1
2010-08-26,0.0,0.0,0.0,0.0,0.0,0.0,0.0,0.0,0.0,0.0,0.0,0.0,0.0,0.0,0.0,0.0,0.0,0.0,0.0,0.0,0.0,0.0,0.0,0.0,0.0,0.0,0.0,0.0,0.0,0.0,0.0,0.0,0.0,0.0,0.0,0.0,0.0,3.15
2010-08-27,0.0,0.0,0.0,0.0,0.0,0.0,0.0,0.0,0.0,0.0,0.0,0.0,0.0,0.0,0.0,0.0,0.0,0.0,0.0,0.0,0.0,0.0,0.0,0.0,0.0,0.0,0.0,0.0,0.0,0.0,0.0,0.0,0.0,0.0,0.0,0.0,0.0,3.25
2010-08-30,0.0,0.0,0.0,0.0,0.0,0.0,0.0,0.0,0.0,0.0,0.0,0.0,0.0,0.0,0.0,0.0,0.0,0.0,0.0,0.0,0.0,0.0,0.0,0.0,0.0,0.0,0.0,0.0,0.0,0.0,0.0,0.0,0.0,0.0,0.0,0.0,0.0,3.25
2010-08-31,0.0,0.0,0.0,0.0,0.0,0.0,0.0,0.0,0.0,0.0,0.0,0.0,0.0,0.0,0.0,0.0,0.0,0.0,0.0,0.0,0.0,0.0,0.0,0.0,0.0,0.0,0.0,0.0,0.0,0.0,0.0,0.0,0.0,0.0,0.0,0.0,0.0,3.69
2010-09-01,0.0,0.0,0.0,0.0,0.0,0.0,0.0,0.0,0.0,0.0,0.0,0.0,0.0,0.0,0.0,0.0,0.0,0.0,0.0,0.0,0.0,0.0,0.0,0.0,0.0,0.0,0.0,0.0,0.0,0.0,0.0,0.0,0.0,0.0,0.0,0.0,0.0,3.65
2010-09-02,0.0,0.0,0.0,0.0,0.0,0.0,0.0,0.0,0.0,0.0,0.0,0.0,0.0,0.0,0.0,0.0,0.0,0.0,0.0,0.0,0.0,0.0,0.0,0.0,0.0,0.0,0.0,0.0,0.0,0.0,0.0,0.0,0.0,0.0,0.0,0.0,0.0,3.71
2010-09-03,0.0,0.0,0.0,0.0,0.0,0.0,0.0,0.0,0.0,0.0,0.0,0.0,0.0,0.0,0.0,0.0,0.0,0.0,0.0,0.0,0.0,0.0,0.0,0.0,0.0,0.0,0.0,0.0,0.0,0.0,0.0,0.0,0.0,0.0,0.0,0.0,0.0,4.02
2010-09-06,0.0,0.0,0.0,0.0,0.0,0.0,0.0,0.0,0.0,0.0,0.0,0.0,0.0,0.0,0.0,0.0,0.0,0.0,0.0,0.0,0.0,0.0,0.0,0.0,0.0,0.0,0.0,0.0,0.0,0.0,0.0,0.0,0.0,0.0,0.0,0.0,0.0,3.9
2010-09-07,0.0,0.0,0.0,0.0,0.0,0.0,0.0,0.0,0.0,0.0,0.0,0.0,0.0,0.0,0.0,0.0,0.0,0.0,0.0,0.0,0.0,0.0,0.0,0.0,0.0,0.0,0.0,0.0,0.0,0.0,0.0,0.0,0.0,0.0,0.0,0.0,0.0,3.85
2010-09-08,0.0,0.0,0.0,0.0,0.0,0.0,0.0,0.0,0.0,0.0,0.0,0.0,0.0,0.0,0.0,0.0,0.0,0.0,0.0,0.0,0.0,0.0,0.0,0.0,0.0,0.0,0.0,0.0,0.0,0.0,0.0,0.0,0.0,0.0,0.0,0.0,0.0,3.95
2010-09-09,0.0,0.0,0.0,0.0,0.0,0.0,0.0,0.0,0.0,0.0,0.0,0.0,0.0,0.0,0.0,0.0,0.0,0.0,0.0,0.0,0.0,0.0,0.0,0.0,0.0,0.0,0.0,0.0,0.0,0.0,0.0,0.0,0.0,0.0,0.0,0.0,0.0,4.0
2010-09-10,0.0,0.0,0.0,0.0,0.0,0.0,0.0,0.0,0.0,0.0,0.0,0.0,0.0,0.0,0.0,0.0,0.0,0.0,0.0,0.0,0.0,0.0,0.0,0.0,0.0,0.0,0.0,0.0,0.0,0.0,0.0,0.0,0.0,0.0,0.0,0.0,0.0,4.01
2010-09-13,0.0,0.0,0.0,0.0,0.0,0.0,0.0,0.0,0.0,0.0,0.0,0.0,0.0,0.0,0.0,0.0,0.0,0.0,0.0,0.0,0.0,0.0,0.0,0.0,0.0,0.0,0.0,0.0,0.0,0.0,0.0,0.0,0.0,0.0,0.0,0.0,0.0,4.33
2010-09-14,0.0,0.0,0.0,0.0,0.0,0.0,0.0,0.0,0.0,0.0,0.0,0.0,0.0,0.0,0.0,0.0,0.0,0.0,0.0,0.0,0.0,0.0,0.0,0.0,0.0,0.0,0.0,0.0,0.0,0.0,0.0,0.0,0.0,0.0,0.0,0.0,0.0,4.27
2010-09-15,0.0,0.0,0.0,0.0,0.0,0.0,0.0,0.0,0.0,0.0,0.0,0.0,0.0,0.0,0.0,0.0,0.0,0.0,0.0,0.0,0.0,0.0,0.0,0.0,0.0,0.0,0.0,0.0,0.0,0.0,0.0,0.0,0.0,0.0,0.0,0.0,0.0,4.03
2010-09-16,0.0,0.0,0.0,0.0,0.0,0.0,0.0,0.0,0.0,0.0,0.0,0.0,0.0,0.0,0.0,0.0,0.0,0.0,0.0,0.0,0.0,0.0,0.0,0.0,0.0,0.0,0.0,0.0,0.0,0.0,0.0,0.0,0.0,0.0,0.0,0.0,0.0,3.9
2010-09-17,0.0,0.0,0.0,0.0,0.0,0.0,0.0,0.0,0.0,0.0,0.0,0.0,0.0,0.0,0.0,0.0,0.0,0.0,0.0,0.0,0.0,0.0,0.0,0.0,0.0,0.0,0.0,0.0,0.0,0.0,0.0,0.0,0.0,0.0,0.0,0.0,0.0,3.9
2010-09-20,0.0,0.0,0.0,0.0,0.0,0.0,0.0,0.0,0.0,0.0,0.0,0.0,0.0,0.0,0.0,0.0,0.0,0.0,0.0,0.0,0.0,0.0,0.0,0.0,0.0,0.0,0.0,0.0,0.0,0.0,0.0,0.0,0.0,0.0,0.0,0.0,0.0,3.86
2010-09-21,0.0,0.0,0.0,0.0,0.0,0.0,0.0,0.0,0.0,0.0,0.0,0.0,0.0,0.0,0.0,0.0,0.0,0.0,0.0,0.0,0.0,0.0,0.0,0.0,0.0,0.0,0.0,0.0,0.0,0.0,0.0,0.0,0.0,0.0,0.0,0.0,0.0,3.95
2010-09-22,0.0,0.0,0.0,0.0,0.0,0.0,0.0,0.0,0.0,0.0,0.0,0.0,0.0,0.0,0.0,0.0,0.0,0.0,0.0,0.0,0.0,0.0,0.0,0.0,0.0,0.0,0.0,0.0,0.0,0.0,0.0,0.0,0.0,0.0,0.0,0.0,0.0,3.91
2010-09-23,0.0,0.0,0.0,0.0,0.0,0.0,0.0,0.0,0.0,0.0,0.0,0.0,0.0,0.0,0.0,0.0,0.0,0.0,0.0,0.0,0.0,0.0,0.0,0.0,0.0,0.0,0.0,0.0,0.0,0.0,0.0,0.0,0.0,0.0,0.0,0.0,0.0,4.01
2010-09-24,0.0,0.0,0.0,0.0,0.0,0.0,0.0,0.0,0.0,0.0,0.0,0.0,0.0,0.0,0.0,0.0,0.0,0.0,0.0,0.0,0.0,0.0,0.0,0.0,0.0,0.0,0.0,0.0,0.0,0.0,0.0,0.0,0.0,0.0,0.0,0.0,0.0,4.05
2010-09-27,0.0,0.0,0.0,0.0,0.0,0.0,0.0,0.0,0.0,0.0,0.0,0.0,0.0,0.0,0.0,0.0,0.0,0.0,0.0,0.0,0.0,0.0,0.0,0.0,0.0,0.0,0.0,0.0,0.0,0.0,0.0,0.0,0.0,0.0,0.0,0.0,0.0,4.15
2010-09-28,0.0,0.0,0.0,0.0,0.0,0.0,0.0,0.0,0.0,0.0,0.0,0.0,0.0,0.0,0.0,0.0,0.0,0.0,0.0,0.0,0.0,0.0,0.0,0.0,0.0,0.0,0.0,0.0,0.0,0.0,0.0,0.0,0.0,0.0,0.0,0.0,0.0,4.15
2010-09-29,0.0,0.0,0.0,0.0,0.0,0.0,0.0,0.0,0.0,0.0,0.0,0.0,0.0,0.0,0.0,0.0,0.0,0.0,0.0,0.0,0.0,0.0,0.0,0.0,0.0,0.0,0.0,0.0,0.0,0.0,0.0,0.0,0.0,0.0,0.0,0.0,0.0,4.1
2010-09-30,0.0,0.0,0.0,0.0,0.0,0.0,0.0,0.0,0.0,0.0,0.0,0.0,0.0,0.0,0.0,0.0,0.0,0.0,0.0,0.0,0.0,0.0,0.0,0.0,0.0,0.0,0.0,0.0,0.0,0.0,0.0,0.0,0.0,0.0,0.0,0.0,0.0,4.13
2010-10-01,0.0,0.0,0.0,0.0,0.0,0.0,0.0,0.0,0.0,0.0,0.0,0.0,0.0,0.0,0.0,0.0,0.0,0.0,0.0,0.0,0.0,0.0,0.0,0.0,0.0,0.0,0.0,0.0,0.0,0.0,0.0,0.0,0.0,0.0,0.0,0.0,0.0,4.2
2010-10-04,0.0,0.0,0.0,0.0,0.0,0.0,0.0,0.0,0.0,0.0,0.0,0.0,0.0,0.0,0.0,0.0,0.0,0.0,0.0,0.0,0.0,0.0,0.0,0.0,0.0,0.0,0.0,0.0,0.0,0.0,0.0,0.0,0.0,0.0,0.0,0.0,0.0,4.15
2010-10-05,0.0,0.0,0.0,0.0,0.0,0.0,0.0,0.0,0.0,0.0,0.0,0.0,0.0,0.0,0.0,0.0,0.0,0.0,0.0,0.0,0.0,0.0,0.0,0.0,0.0,0.0,0.0,0.0,0.0,0.0,0.0,0.0,0.0,0.0,0.0,0.0,0.0,4.39
2010-10-06,0.0,0.0,0.0,0.0,0.0,0.0,0.0,0.0,0.0,0.0,0.0,0.0,0.0,0.0,0.0,0.0,0.0,0.0,0.0,0.0,0.0,0.0,0.0,0.0,0.0,0.0,0.0,0.0,0.0,0.0,0.0,0.0,0.0,0.0,0.0,0.0,0.0,4.39
2010-10-07,0.0,0.0,0.0,0.0,0.0,0.0,0.0,0.0,0.0,0.0,0.0,0.0,0.0,0.0,0.0,0.0,0.0,0.0,0.0,0.0,0.0,0.0,0.0,0.0,0.0,0.0,0.0,0.0,0.0,0.0,0.0,0.0,0.0,0.0,0.0,0.0,0.0,4.55
2010-10-08,0.0,0.0,0.0,0.0,0.0,0.0,0.0,0.0,0.0,0.0,0.0,0.0,0.0,0.0,0.0,0.0,0.0,0.0,0.0,0.0,0.0,0.0,0.0,0.0,0.0,0.0,0.0,0.0,0.0,0.0,0.0,0.0,0.0,0.0,0.0,0.0,0.0,4.66
2010-10-11,0.0,0.0,0.0,0.0,0.0,0.0,0.0,0.0,0.0,0.0,0.0,0.0,0.0,0.0,0.0,0.0,0.0,0.0,0.0,0.0,0.0,0.0,0.0,0.0,0.0,0.0,0.0,0.0,0.0,0.0,0.0,0.0,0.0,0.0,0.0,0.0,0.0,4.66
2010-10-12,0.0,0.0,0.0,0.0,0.0,0.0,0.0,0.0,0.0,0.0,0.0,0.0,0.0,0.0,0.0,0.0,0.0,0.0,0.0,0.0,0.0,0.0,0.0,0.0,0.0,0.0,0.0,0.0,0.0,0.0,0.0,0.0,0.0,0.0,0.0,0.0,0.0,4.59
2010-10-13,0.0,0.0,0.0,0.0,0.0,0.0,0.0,0.0,0.0,0.0,0.0,0.0,0.0,0.0,0.0,0.0,0.0,0.0,0.0,0.0,0.0,0.0,0.0,0.0,0.0,0.0,0.0,0.0,0.0,0.0,0.0,0.0,0.0,0.0,0.0,0.0,0.0,4.49
2010-10-14,0.0,0.0,0.0,0.0,0.0,0.0,0.0,0.0,0.0,0.0,0.0,0.0,0.0,0.0,0.0,0.0,0.0,0.0,0.0,0.0,0.0,0.0,0.0,0.0,0.0,0.0,0.0,0.0,0.0,0.0,0.0,0.0,0.0,0.0,0.0,0.0,0.0,4.29
2010-10-15,0.0,0.0,0.0,0.0,0.0,0.0,0.0,0.0,0.0,0.0,0.0,0.0,0.0,0.0,0.0,0.0,0.0,0.0,0.0,0.0,0.0,0.0,0.0,0.0,0.0,0.0,0.0,0.0,0.0,0.0,0.0,0.0,0.0,0.0,0.0,0.0,0.0,4.3
2010-10-18,0.0,0.0,0.0,0.0,0.0,0.0,0.0,0.0,0.0,0.0,0.0,0.0,0.0,0.0,0.0,0.0,0.0,0.0,0.0,0.0,0.0,0.0,0.0,0.0,0.0,0.0,0.0,0.0,0.0,0.0,0.0,0.0,0.0,0.0,0.0,0.0,0.0,4.35
2010-10-19,0.0,0.0,0.0,0.0,0.0,0.0,0.0,0.0,0.0,0.0,0.0,0.0,0.0,0.0,0.0,0.0,0.0,0.0,0.0,0.0,0.0,0.0,0.0,0.0,0.0,0.0,0.0,0.0,0.0,0.0,0.0,0.0,0.0,0.0,0.0,0.0,0.0,4.67
2010-10-20,0.0,0.0,0.0,0.0,0.0,0.0,0.0,0.0,0.0,0.0,0.0,0.0,0.0,0.0,0.0,0.0,0.0,0.0,0.0,0.0,0.0,0.0,0.0,0.0,0.0,0.0,0.0,0.0,0.0,0.0,0.0,0.0,0.0,0.0,0.0,0.0,0.0,4.5
2010-10-21,0.0,0.0,0.0,0.0,0.0,0.0,0.0,0.0,0.0,0.0,0.0,0.0,0.0,0.0,0.0,0.0,0.0,0.0,0.0,0.0,0.0,0.0,0.0,0.0,0.0,0.0,0.0,0.0,0.0,0.0,0.0,0.0,0.0,0.0,0.0,0.0,0.0,4.54
2010-10-22,0.0,0.0,0.0,0.0,0.0,0.0,0.0,0.0,0.0,0.0,0.0,0.0,0.0,0.0,0.0,0.0,0.0,0.0,0.0,0.0,0.0,0.0,0.0,0.0,0.0,0.0,0.0,0.0,0.0,0.0,0.0,0.0,0.0,0.0,0.0,0.0,0.0,4.68
2010-10-25,0.0,0.0,0.0,0.0,0.0,0.0,0.0,0.0,0.0,0.0,0.0,0.0,0.0,0.0,0.0,0.0,0.0,0.0,0.0,0.0,0.0,0.0,0.0,0.0,0.0,0.0,0.0,0.0,0.0,0.0,0.0,0.0,0.0,0.0,0.0,0.0,0.0,4.68
2010-10-26,0.0,0.0,0.0,0.0,0.0,0.0,0.0,0.0,0.0,0.0,0.0,0.0,0.0,0.0,0.0,0.0,0.0,0.0,0.0,0.0,0.0,0.0,0.0,0.0,0.0,0.0,0.0,0.0,0.0,0.0,0.0,0.0,0.0,0.0,0.0,0.0,0.0,4.63
2010-10-27,0.0,0.0,0.0,0.0,0.0,0.0,0.0,0.0,0.0,0.0,0.0,0.0,0.0,0.0,0.0,0.0,0.0,0.0,0.0,0.0,0.0,0.0,0.0,0.0,0.0,0.0,0.0,0.0,0.0,0.0,0.0,0.0,0.0,0.0,0.0,0.0,0.0,4.6
2010-10-28,0.0,0.0,0.0,0.0,0.0,0.0,0.0,0.0,0.0,0.0,0.0,0.0,0.0,0.0,0.0,0.0,0.0,0.0,0.0,0.0,0.0,0.0,0.0,0.0,0.0,0.0,0.0,0.0,0.0,0.0,0.0,0.0,0.0,0.0,0.0,0.0,0.0,4.6
2010-10-29,0.0,0.0,0.0,0.0,0.0,0.0,0.0,0.0,0.0,0.0,0.0,0.0,0.0,0.0,0.0,0.0,0.0,0.0,0.0,0.0,0.0,0.0,0.0,0.0,0.0,0.0,0.0,0.0,0.0,0.0,0.0,0.0,0.0,0.0,0.0,0.0,0.0,4.56
2010-11-01,0.0,0.0,0.0,0.0,0.0,0.0,0.0,0.0,0.0,0.0,0.0,0.0,0.0,0.0,0.0,0.0,0.0,0.0,0.0,0.0,0.0,0.0,0.0,0.0,0.0,0.0,0.0,0.0,0.0,0.0,0.0,0.0,0.0,0.0,0.0,0.0,0.0,4.55
2010-11-02,0.0,0.0,0.0,0.0,0.0,0.0,0.0,0.0,0.0,0.0,0.0,0.0,0.0,0.0,0.0,0.0,0.0,0.0,0.0,0.0,0.0,0.0,0.0,0.0,0.0,0.0,0.0,0.0,0.0,0.0,0.0,0.0,0.0,0.0,0.0,0.0,0.0,4.5
2010-11-03,0.0,0.0,0.0,0.0,0.0,0.0,0.0,0.0,0.0,0.0,0.0,0.0,0.0,0.0,0.0,0.0,0.0,0.0,0.0,0.0,0.0,0.0,0.0,0.0,0.0,0.0,0.0,0.0,0.0,0.0,0.0,0.0,0.0,0.0,0.0,0.0,0.0,4.44
2010-11-04,0.0,0.0,0.0,0.0,0.0,0.0,0.0,0.0,0.0,0.0,0.0,0.0,0.0,0.0,0.0,0.0,0.0,0.0,0.0,0.0,0.0,0.0,0.0,0.0,0.0,0.0,0.0,0.0,0.0,0.0,0.0,0.0,0.0,0.0,0.0,0.0,0.0,4.65
2010-11-05,0.0,0.0,0.0,0.0,0.0,0.0,0.0,0.0,0.0,0.0,0.0,0.0,0.0,0.0,0.0,0.0,0.0,0.0,0.0,0.0,0.0,0.0,0.0,0.0,0.0,0.0,0.0,0.0,0.0,0.0,0.0,0.0,0.0,0.0,0.0,0.0,0.0,4.55
2010-11-08,0.0,0.0,0.0,0.0,0.0,0.0,0.0,0.0,0.0,0.0,0.0,0.0,0.0,0.0,0.0,0.0,0.0,0.0,0.0,0.0,0.0,0.0,0.0,0.0,0.0,0.0,0.0,0.0,0.0,0.0,0.0,0.0,0.0,0.0,0.0,0.0,0.0,4.33
2010-11-09,0.0,0.0,0.0,0.0,0.0,0.0,0.0,0.0,0.0,0.0,0.0,0.0,0.0,0.0,0.0,0.0,0.0,0.0,0.0,0.0,0.0,0.0,0.0,0.0,0.0,0.0,0.0,0.0,0.0,0.0,0.0,0.0,0.0,0.0,0.0,0.0,0.0,4.32
2010-11-10,0.0,0.0,0.0,0.0,0.0,0.0,0.0,0.0,0.0,0.0,0.0,0.0,0.0,0.0,0.0,0.0,0.0,0.0,0.0,0.0,0.0,0.0,0.0,0.0,0.0,0.0,0.0,0.0,0.0,0.0,0.0,0.0,0.0,0.0,0.0,0.0,0.0,4.33
2010-11-11,0.0,0.0,0.0,0.0,0.0,0.0,0.0,0.0,0.0,0.0,0.0,0.0,0.0,0.0,0.0,0.0,0.0,0.0,0.0,0.0,0.0,0.0,0.0,0.0,0.0,0.0,0.0,0.0,0.0,0.0,0.0,0.0,0.0,0.0,0.0,0.0,0.0,4.32
2010-11-12,0.0,0.0,0.0,0.0,0.0,0.0,0.0,0.0,0.0,0.0,0.0,0.0,0.0,0.0,0.0,0.0,0.0,0.0,0.0,0.0,0.0,0.0,0.0,0.0,0.0,0.0,0.0,0.0,0.0,0.0,0.0,0.0,0.0,0.0,0.0,0.0,0.0,4.3
2010-11-15,0.0,0.0,0.0,0.0,0.0,0.0,0.0,0.0,0.0,0.0,0.0,0.0,0.0,0.0,0.0,0.0,0.0,0.0,0.0,0.0,0.0,0.0,0.0,0.0,0.0,0.0,0.0,0.0,0.0,0.0,0.0,0.0,0.0,0.0,0.0,0.0,0.0,4.31
2010-11-16,0.0,0.0,0.0,0.0,0.0,0.0,0.0,0.0,0.0,0.0,0.0,0.0,0.0,0.0,0.0,0.0,0.0,0.0,0.0,0.0,0.0,0.0,0.0,0.0,0.0,0.0,0.0,0.0,0.0,0.0,0.0,0.0,0.0,0.0,0.0,0.0,0.0,4.19
2010-11-17,0.0,0.0,0.0,0.0,0.0,0.0,0.0,0.0,0.0,0.0,0.0,0.0,0.0,0.0,0.0,0.0,0.0,0.0,0.0,0.0,0.0,0.0,0.0,0.0,0.0,0.0,0.0,0.0,0.0,0.0,0.0,0.0,0.0,0.0,0.0,0.0,0.0,4.16
2010-11-18,0.0,0.0,0.0,0.0,0.0,0.0,0.0,0.0,0.0,0.0,0.0,0.0,0.0,0.0,0.0,0.0,0.0,0.0,0.0,0.0,0.0,0.0,0.0,0.0,0.0,0.0,0.0,0.0,0.0,0.0,0.0,0.0,0.0,0.0,0.0,0.0,0.0,4.25
2010-11-19,0.0,0.0,0.0,0.0,0.0,0.0,0.0,0.0,0.0,0.0,0.0,0.0,0.0,0.0,0.0,0.0,0.0,0.0,0.0,0.0,0.0,0.0,0.0,0.0,0.0,0.0,0.0,0.0,0.0,0.0,0.0,0.0,0.0,0.0,0.0,0.0,0.0,4.3
2010-11-22,0.0,0.0,0.0,0.0,0.0,0.0,0.0,0.0,0.0,0.0,0.0,0.0,0.0,0.0,0.0,0.0,0.0,0.0,0.0,0.0,0.0,0.0,0.0,0.0,0.0,0.0,0.0,0.0,0.0,0.0,0.0,0.0,0.0,0.0,0.0,0.0,0.0,4.25
2010-11-23,0.0,0.0,0.0,0.0,0.0,0.0,0.0,0.0,0.0,0.0,0.0,0.0,0.0,0.0,0.0,0.0,0.0,0.0,0.0,0.0,0.0,0.0,0.0,0.0,0.0,0.0,0.0,0.0,0.0,0.0,0.0,0.0,0.0,0.0,0.0,0.0,0.0,4.25
2010-11-24,0.0,0.0,0.0,0.0,0.0,0.0,0.0,0.0,0.0,0.0,0.0,0.0,0.0,0.0,0.0,0.0,0.0,0.0,0.0,0.0,0.0,0.0,0.0,0.0,0.0,0.0,0.0,0.0,0.0,0.0,0.0,0.0,0.0,0.0,0.0,0.0,0.0,4.28
2010-11-25,0.0,0.0,0.0,0.0,0.0,0.0,0.0,0.0,0.0,0.0,0.0,0.0,0.0,0.0,0.0,0.0,0.0,0.0,0.0,0.0,0.0,0.0,0.0,0.0,0.0,0.0,0.0,0.0,0.0,0.0,0.0,0.0,0.0,0.0,0.0,0.0,0.0,4.2
2010-11-26,0.0,0.0,0.0,0.0,0.0,0.0,0.0,0.0,0.0,0.0,0.0,0.0,0.0,0.0,0.0,0.0,0.0,0.0,0.0,0.0,0.0,0.0,0.0,0.0,0.0,0.0,0.0,0.0,0.0,0.0,0.0,0.0,0.0,0.0,0.0,0.0,0.0,4.28
2010-11-29,0.0,0.0,0.0,0.0,0.0,0.0,0.0,0.0,0.0,0.0,0.0,0.0,0.0,0.0,0.0,0.0,0.0,0.0,0.0,0.0,0.0,0.0,0.0,0.0,0.0,0.0,0.0,0.0,0.0,0.0,0.0,0.0,0.0,0.0,0.0,0.0,0.0,4.29
2010-11-30,0.0,0.0,0.0,0.0,0.0,0.0,0.0,0.0,0.0,0.0,0.0,0.0,0.0,0.0,0.0,0.0,0.0,0.0,0.0,0.0,0.0,0.0,0.0,0.0,0.0,0.0,0.0,0.0,0.0,0.0,0.0,0.0,0.0,0.0,0.0,0.0,0.0,4.2
2010-12-01,0.0,0.0,0.0,0.0,0.0,0.0,0.0,0.0,0.0,0.0,0.0,0.0,0.0,0.0,0.0,0.0,0.0,0.0,0.0,0.0,0.0,0.0,0.0,0.0,0.0,0.0,0.0,0.0,0.0,0.0,0.0,0.0,0.0,0.0,0.0,0.0,0.0,4.16
2010-12-02,0.0,0.0,0.0,0.0,0.0,0.0,0.0,0.0,0.0,0.0,0.0,0.0,0.0,0.0,0.0,0.0,0.0,0.0,0.0,0.0,0.0,0.0,0.0,0.0,0.0,0.0,0.0,0.0,0.0,0.0,0.0,0.0,0.0,0.0,0.0,0.0,0.0,4.1
2010-12-03,0.0,0.0,0.0,0.0,0.0,0.0,0.0,0.0,0.0,0.0,0.0,0.0,0.0,0.0,0.0,0.0,0.0,0.0,0.0,0.0,0.0,0.0,0.0,0.0,0.0,0.0,0.0,0.0,0.0,0.0,0.0,0.0,0.0,0.0,0.0,0.0,0.0,3.98
2010-12-06,0.0,0.0,0.0,0.0,0.0,0.0,0.0,0.0,0.0,0.0,0.0,0.0,0.0,0.0,0.0,0.0,0.0,0.0,0.0,0.0,0.0,0.0,0.0,0.0,0.0,0.0,0.0,0.0,0.0,0.0,0.0,0.0,0.0,0.0,0.0,0.0,0.0,3.98
2010-12-07,0.0,0.0,0.0,0.0,0.0,0.0,0.0,0.0,0.0,0.0,0.0,0.0,0.0,0.0,0.0,0.0,0.0,0.0,0.0,0.0,0.0,0.0,0.0,0.0,0.0,0.0,0.0,0.0,0.0,0.0,0.0,0.0,0.0,0.0,0.0,0.0,0.0,4.05
2010-12-08,0.0,0.0,0.0,0.0,0.0,0.0,0.0,0.0,0.0,0.0,0.0,0.0,0.0,0.0,0.0,0.0,0.0,0.0,0.0,0.0,0.0,0.0,0.0,0.0,0.0,0.0,0.0,0.0,0.0,0.0,0.0,0.0,0.0,0.0,0.0,0.0,0.0,4.05
2010-12-09,0.0,0.0,0.0,0.0,0.0,0.0,0.0,0.0,0.0,0.0,0.0,0.0,0.0,0.0,0.0,0.0,0.0,0.0,0.0,0.0,0.0,0.0,0.0,0.0,0.0,0.0,0.0,0.0,0.0,0.0,0.0,0.0,0.0,0.0,0.0,0.0,0.0,4.05
2010-12-10,0.0,0.0,0.0,0.0,0.0,0.0,0.0,0.0,0.0,0.0,0.0,0.0,0.0,0.0,0.0,0.0,0.0,0.0,0.0,0.0,0.0,0.0,0.0,0.0,0.0,0.0,0.0,0.0,0.0,0.0,0.0,0.0,0.0,0.0,0.0,0.0,0.0,4.07
2010-12-13,0.0,0.0,0.0,0.0,0.0,0.0,0.0,0.0,0.0,0.0,0.0,0.0,0.0,0.0,0.0,0.0,0.0,0.0,0.0,0.0,0.0,0.0,0.0,0.0,0.0,0.0,0.0,0.0,0.0,0.0,0.0,0.0,0.0,0.0,0.0,0.0,0.0,4.0
2010-12-14,0.0,0.0,0.0,0.0,0.0,0.0,0.0,0.0,0.0,0.0,0.0,0.0,0.0,0.0,0.0,0.0,0.0,0.0,0.0,0.0,0.0,0.0,0.0,0.0,0.0,0.0,0.0,0.0,0.0,0.0,0.0,0.0,0.0,0.0,0.0,0.0,0.0,4.03
2010-12-15,0.0,0.0,0.0,0.0,0.0,0.0,0.0,0.0,0.0,0.0,0.0,0.0,0.0,0.0,0.0,0.0,0.0,0.0,0.0,0.0,0.0,0.0,0.0,0.0,0.0,0.0,0.0,0.0,0.0,0.0,0.0,0.0,0.0,0.0,0.0,0.0,0.0,4.01
2010-12-16,0.0,0.0,0.0,0.0,0.0,0.0,0.0,0.0,0.0,0.0,0.0,0.0,0.0,0.0,0.0,0.0,0.0,0.0,0.0,0.0,0.0,0.0,0.0,0.0,0.0,0.0,0.0,0.0,0.0,0.0,0.0,0.0,0.0,0.0,0.0,0.0,0.0,4.03
2010-12-17,0.0,0.0,0.0,0.0,0.0,0.0,0.0,0.0,0.0,0.0,0.0,0.0,0.0,0.0,0.0,0.0,0.0,0.0,0.0,0.0,0.0,0.0,0.0,0.0,0.0,0.0,0.0,0.0,0.0,0.0,0.0,0.0,0.0,0.0,0.0,0.0,0.0,4.13
2010-12-20,0.0,0.0,0.0,0.0,0.0,0.0,0.0,0.0,0.0,0.0,0.0,0.0,0.0,0.0,0.0,0.0,0.0,0.0,0.0,0.0,0.0,0.0,0.0,0.0,0.0,0.0,0.0,0.0,0.0,0.0,0.0,0.0,0.0,0.0,0.0,0.0,0.0,4.2
2010-12-21,0.0,0.0,0.0,0.0,0.0,0.0,0.0,0.0,0.0,0.0,0.0,0.0,0.0,0.0,0.0,0.0,0.0,0.0,0.0,0.0,0.0,0.0,0.0,0.0,0.0,0.0,0.0,0.0,0.0,0.0,0.0,0.0,0.0,0.0,0.0,0.0,0.0,4.29
2010-12-22,0.0,0.0,0.0,0.0,0.0,0.0,0.0,0.0,0.0,0.0,0.0,0.0,0.0,0.0,0.0,0.0,0.0,0.0,0.0,0.0,0.0,0.0,0.0,0.0,0.0,0.0,0.0,0.0,0.0,0.0,0.0,0.0,0.0,0.0,0.0,0.0,0.0,4.5
2010-12-23,0.0,0.0,0.0,0.0,0.0,0.0,0.0,0.0,0.0,0.0,0.0,0.0,0.0,0.0,0.0,0.0,0.0,0.0,0.0,0.0,0.0,0.0,0.0,0.0,0.0,0.0,0.0,0.0,0.0,0.0,0.0,0.0,0.0,0.0,0.0,0.0,0.0,4.45
2010-12-24,0.0,0.0,0.0,0.0,0.0,0.0,0.0,0.0,0.0,0.0,0.0,0.0,0.0,0.0,0.0,0.0,0.0,0.0,0.0,0.0,0.0,0.0,0.0,0.0,0.0,0.0,0.0,0.0,0.0,0.0,0.0,0.0,0.0,0.0,0.0,0.0,0.0,4.41
2010-12-27,0.0,0.0,0.0,0.0,0.0,0.0,0.0,0.0,0.0,0.0,0.0,0.0,0.0,0.0,0.0,0.0,0.0,0.0,0.0,0.0,0.0,0.0,0.0,0.0,0.0,0.0,0.0,0.0,0.0,0.0,0.0,0.0,0.0,0.0,0.0,0.0,0.0,4.42
2010-12-28,0.0,0.0,0.0,0.0,0.0,0.0,0.0,0.0,0.0,0.0,0.0,0.0,0.0,0.0,0.0,0.0,0.0,0.0,0.0,0.0,0.0,0.0,0.0,0.0,0.0,0.0,0.0,0.0,0.0,0.0,0.0,0.0,0.0,0.0,0.0,0.0,0.0,4.39
2010-12-29,0.0,0.0,0.0,0.0,0.0,0.0,0.0,0.0,0.0,0.0,0.0,0.0,0.0,0.0,0.0,0.0,0.0,0.0,0.0,0.0,0.0,0.0,0.0,0.0,0.0,0.0,0.0,0.0,0.0,0.0,0.0,0.0,0.0,0.0,0.0,0.0,0.0,4.37
2010-12-30,0.0,0.0,0.0,0.0,0.0,0.0,0.0,0.0,0.0,0.0,0.0,0.0,0.0,0.0,0.0,0.0,0.0,0.0,0.0,0.0,0.0,0.0,0.0,0.0,0.0,0.0,0.0,0.0,0.0,0.0,0.0,0.0,0.0,0.0,0.0,0.0,0.0,4.33
2010-12-31,0.0,0.0,0.0,0.0,0.0,0.0,0.0,0.0,0.0,0.0,0.0,0.0,0.0,0.0,0.0,0.0,0.0,0.0,0.0,0.0,0.0,0.0,0.0,0.0,0.0,0.0,0.0,0.0,0.0,0.0,0.0,0.0,0.0,0.0,0.0,0.0,0.0,4.41
2011-01-03,0.0,0.0,0.0,0.0,0.0,0.0,0.0,0.0,0.0,0.0,0.0,0.0,0.0,0.0,0.0,0.0,0.0,0.0,0.0,0.0,0.0,0.0,0.0,0.0,0.0,0.0,0.0,0.0,0.0,0.0,0.0,0.0,0.0,0.0,0.0,0.0,0.0,4.41
2011-01-04,0.0,0.0,0.0,0.0,0.0,0.0,0.0,0.0,0.0,0.0,0.0,0.0,0.0,0.0,0.0,0.0,0.0,0.0,0.0,0.0,0.0,0.0,0.0,0.0,0.0,0.0,0.0,0.0,0.0,0.0,0.0,0.0,0.0,0.0,0.0,0.0,0.0,4.41
2011-01-05,0.0,0.0,0.0,0.0,0.0,0.0,0.0,0.0,0.0,0.0,0.0,0.0,0.0,0.0,0.0,0.0,0.0,0.0,0.0,0.0,0.0,0.0,0.0,0.0,0.0,0.0,0.0,0.0,0.0,0.0,0.0,0.0,0.0,0.0,0.0,0.0,0.0,4.5
2011-01-06,0.0,0.0,0.0,0.0,0.0,0.0,0.0,0.0,0.0,0.0,0.0,0.0,0.0,0.0,0.0,0.0,0.0,0.0,0.0,0.0,0.0,0.0,0.0,0.0,0.0,0.0,0.0,0.0,0.0,0.0,0.0,0.0,0.0,0.0,0.0,0.0,0.0,4.55
2011-01-07,0.0,0.0,0.0,0.0,0.0,0.0,0.0,0.0,0.0,0.0,0.0,0.0,0.0,0.0,0.0,0.0,0.0,0.0,0.0,0.0,0.0,0.0,0.0,0.0,0.0,0.0,0.0,0.0,0.0,0.0,0.0,0.0,0.0,0.0,0.0,0.0,0.0,4.52
2011-01-10,0.0,0.0,0.0,0.0,0.0,0.0,0.0,0.0,0.0,0.0,0.0,0.0,0.0,0.0,0.0,0.0,0.0,0.0,0.0,0.0,0.0,0.0,0.0,0.0,0.0,0.0,0.0,0.0,0.0,0.0,0.0,0.0,0.0,0.0,0.0,0.0,0.0,4.55
2011-01-11,0.0,0.0,0.0,0.0,0.0,0.0,0.0,0.0,0.0,0.0,0.0,0.0,0.0,0.0,0.0,0.0,0.0,0.0,0.0,0.0,0.0,0.0,0.0,0.0,0.0,0.0,0.0,0.0,0.0,0.0,0.0,0.0,0.0,0.0,0.0,0.0,0.0,4.55
2011-01-12,0.0,0.0,0.0,0.0,0.0,0.0,0.0,0.0,0.0,0.0,0.0,0.0,0.0,0.0,0.0,0.0,0.0,0.0,0.0,0.0,0.0,0.0,0.0,0.0,0.0,0.0,0.0,0.0,0.0,0.0,0.0,0.0,0.0,0.0,0.0,0.0,0.0,4.56
2011-01-13,0.0,0.0,0.0,0.0,0.0,0.0,0.0,0.0,0.0,0.0,0.0,0.0,0.0,0.0,0.0,0.0,0.0,0.0,0.0,0.0,0.0,0.0,0.0,0.0,0.0,0.0,0.0,0.0,0.0,0.0,0.0,0.0,0.0,0.0,0.0,0.0,0.0,4.59
2011-01-14,0.0,0.0,0.0,0.0,0.0,0.0,0.0,0.0,0.0,0.0,0.0,0.0,0.0,0.0,0.0,0.0,0.0,0.0,0.0,0.0,0.0,0.0,0.0,0.0,0.0,0.0,0.0,0.0,0.0,0.0,0.0,0.0,0.0,0.0,0.0,0.0,0.0,4.74
2011-01-17,0.0,0.0,0.0,0.0,0.0,0.0,0.0,0.0,0.0,0.0,0.0,0.0,0.0,0.0,0.0,0.0,0.0,0.0,0.0,0.0,0.0,0.0,0.0,0.0,0.0,0.0,0.0,0.0,0.0,0.0,0.0,0.0,0.0,0.0,0.0,0.0,0.0,4.85
2011-01-18,0.0,0.0,0.0,0.0,0.0,0.0,0.0,0.0,0.0,0.0,0.0,0.0,0.0,0.0,0.0,0.0,0.0,0.0,0.0,0.0,0.0,0.0,0.0,0.0,0.0,0.0,0.0,0.0,0.0,0.0,0.0,0.0,0.0,0.0,0.0,0.0,0.0,4.9
2011-01-19,0.0,0.0,0.0,0.0,0.0,0.0,0.0,0.0,0.0,0.0,0.0,0.0,0.0,0.0,0.0,0.0,0.0,0.0,0.0,0.0,0.0,0.0,0.0,0.0,0.0,0.0,0.0,0.0,0.0,0.0,0.0,0.0,0.0,0.0,0.0,0.0,0.0,4.89
2011-01-20,0.0,0.0,0.0,0.0,0.0,0.0,0.0,0.0,0.0,0.0,0.0,0.0,0.0,0.0,0.0,0.0,0.0,0.0,0.0,0.0,0.0,0.0,0.0,0.0,0.0,0.0,0.0,0.0,0.0,0.0,0.0,0.0,0.0,0.0,0.0,0.0,0.0,4.82
2011-01-21,0.0,0.0,0.0,0.0,0.0,0.0,0.0,0.0,0.0,0.0,0.0,0.0,0.0,0.0,0.0,0.0,0.0,0.0,0.0,0.0,0.0,0.0,0.0,0.0,0.0,0.0,0.0,0.0,0.0,0.0,0.0,0.0,0.0,0.0,0.0,0.0,0.0,4.85
2011-01-24,0.0,0.0,0.0,0.0,0.0,0.0,0.0,0.0,0.0,0.0,0.0,0.0,0.0,0.0,0.0,0.0,0.0,0.0,0.0,0.0,0.0,0.0,0.0,0.0,0.0,0.0,0.0,0.0,0.0,0.0,0.0,0.0,0.0,0.0,0.0,0.0,0.0,4.55
2011-01-25,0.0,0.0,0.0,0.0,0.0,0.0,0.0,0.0,0.0,0.0,0.0,0.0,0.0,0.0,0.0,0.0,0.0,0.0,0.0,0.0,0.0,0.0,0.0,0.0,0.0,0.0,0.0,0.0,0.0,0.0,0.0,0.0,0.0,0.0,0.0,0.0,0.0,4.63
2011-01-26,0.0,0.0,0.0,0.0,0.0,0.0,0.0,0.0,0.0,0.0,0.0,0.0,0.0,0.0,0.0,0.0,0.0,0.0,0.0,0.0,0.0,0.0,0.0,0.0,0.0,0.0,0.0,0.0,0.0,0.0,0.0,0.0,0.0,0.0,0.0,0.0,0.0,4.5
2011-01-27,0.0,0.0,0.0,0.0,0.0,0.0,0.0,0.0,0.0,0.0,0.0,0.0,0.0,0.0,0.0,0.0,0.0,0.0,0.0,0.0,0.0,0.0,0.0,0.0,0.0,0.0,0.0,0.0,0.0,0.0,0.0,0.0,0.0,0.0,0.0,0.0,0.0,4.45
2011-01-28,0.0,0.0,0.0,0.0,0.0,0.0,0.0,0.0,0.0,0.0,0.0,0.0,0.0,0.0,0.0,0.0,0.0,0.0,0.0,0.0,0.0,0.0,0.0,0.0,0.0,0.0,0.0,0.0,0.0,0.0,0.0,0.0,0.0,0.0,0.0,0.0,0.0,4.48
2011-01-31,0.0,0.0,0.0,0.0,0.0,0.0,0.0,0.0,0.0,0.0,0.0,0.0,0.0,0.0,0.0,0.0,0.0,0.0,0.0,0.0,0.0,0.0,0.0,0.0,0.0,0.0,0.0,0.0,0.0,0.0,0.0,0.0,0.0,0.0,0.0,0.0,0.0,4.45
2011-02-01,0.0,0.0,0.0,0.0,0.0,0.0,0.0,0.0,0.0,0.0,0.0,0.0,0.0,0.0,0.0,0.0,0.0,0.0,0.0,0.0,0.0,0.0,0.0,0.0,0.0,0.0,0.0,0.0,0.0,0.0,0.0,0.0,0.0,0.0,0.0,0.0,0.0,4.48
2011-02-02,0.0,0.0,0.0,0.0,0.0,0.0,0.0,0.0,0.0,0.0,0.0,0.0,0.0,0.0,0.0,0.0,0.0,0.0,0.0,0.0,0.0,0.0,0.0,0.0,0.0,0.0,0.0,0.0,0.0,0.0,0.0,0.0,0.0,0.0,0.0,0.0,0.0,4.45
2011-02-03,0.0,0.0,0.0,0.0,0.0,0.0,0.0,0.0,0.0,0.0,0.0,0.0,0.0,0.0,0.0,0.0,0.0,0.0,0.0,0.0,0.0,0.0,0.0,0.0,0.0,0.0,0.0,0.0,0.0,0.0,0.0,0.0,0.0,0.0,0.0,0.0,0.0,4.44
2011-02-04,0.0,0.0,0.0,0.0,0.0,0.0,0.0,0.0,0.0,0.0,0.0,0.0,0.0,0.0,0.0,0.0,0.0,0.0,0.0,0.0,0.0,0.0,0.0,0.0,0.0,0.0,0.0,0.0,0.0,0.0,0.0,0.0,0.0,0.0,0.0,0.0,0.0,4.38
2011-02-07,0.0,0.0,0.0,0.0,0.0,0.0,0.0,0.0,0.0,0.0,0.0,0.0,0.0,0.0,0.0,0.0,0.0,0.0,0.0,0.0,0.0,0.0,0.0,0.0,0.0,0.0,0.0,0.0,0.0,0.0,0.0,0.0,0.0,0.0,0.0,0.0,0.0,4.33
2011-02-08,0.0,0.0,0.0,0.0,0.0,0.0,0.0,0.0,0.0,0.0,0.0,0.0,0.0,0.0,0.0,0.0,0.0,0.0,0.0,0.0,0.0,0.0,0.0,0.0,0.0,0.0,0.0,0.0,0.0,0.0,0.0,0.0,0.0,0.0,0.0,0.0,0.0,4.35
2011-02-09,0.0,0.0,0.0,0.0,0.0,0.0,0.0,0.0,0.0,0.0,0.0,0.0,0.0,0.0,0.0,0.0,0.0,0.0,0.0,0.0,0.0,0.0,0.0,0.0,0.0,0.0,0.0,0.0,0.0,0.0,0.0,0.0,0.0,0.0,0.0,0.0,0.0,4.32
2011-02-10,0.0,0.0,0.0,0.0,0.0,0.0,0.0,0.0,0.0,0.0,0.0,0.0,0.0,0.0,0.0,0.0,0.0,0.0,0.0,0.0,0.0,0.0,0.0,0.0,0.0,0.0,0.0,0.0,0.0,0.0,0.0,0.0,0.0,0.0,0.0,0.0,0.0,4.25
2011-02-11,0.0,0.0,0.0,0.0,0.0,0.0,0.0,0.0,0.0,0.0,0.0,0.0,0.0,0.0,0.0,0.0,0.0,0.0,0.0,0.0,0.0,0.0,0.0,0.0,0.0,0.0,0.0,0.0,0.0,0.0,0.0,0.0,0.0,0.0,0.0,0.0,0.0,4.26
2011-02-14,0.0,0.0,0.0,0.0,0.0,0.0,0.0,0.0,0.0,0.0,0.0,0.0,0.0,0.0,0.0,0.0,0.0,0.0,0.0,0.0,0.0,0.0,0.0,0.0,0.0,0.0,0.0,0.0,0.0,0.0,0.0,0.0,0.0,0.0,0.0,0.0,0.0,4.22
2011-02-15,0.0,0.0,0.0,0.0,0.0,0.0,0.0,0.0,0.0,0.0,0.0,0.0,0.0,0.0,0.0,0.0,0.0,0.0,0.0,0.0,0.0,0.0,0.0,0.0,0.0,0.0,0.0,0.0,0.0,0.0,0.0,0.0,0.0,0.0,0.0,0.0,0.0,4.34
2011-02-16,0.0,0.0,0.0,0.0,0.0,0.0,0.0,0.0,0.0,0.0,0.0,0.0,0.0,0.0,0.0,0.0,0.0,0.0,0.0,0.0,0.0,0.0,0.0,0.0,0.0,0.0,0.0,0.0,0.0,0.0,0.0,0.0,0.0,0.0,0.0,0.0,0.0,4.44
2011-02-17,0.0,0.0,0.0,0.0,0.0,0.0,0.0,0.0,0.0,0.0,0.0,0.0,0.0,0.0,0.0,0.0,0.0,0.0,0.0,0.0,0.0,0.0,0.0,0.0,0.0,0.0,0.0,0.0,0.0,0.0,0.0,0.0,0.0,0.0,0.0,0.0,0.0,4.36
2011-02-18,0.0,0.0,0.0,0.0,0.0,0.0,0.0,0.0,0.0,0.0,0.0,0.0,0.0,0.0,0.0,0.0,0.0,0.0,0.0,0.0,0.0,0.0,0.0,0.0,0.0,0.0,0.0,0.0,0.0,0.0,0.0,0.0,0.0,0.0,0.0,0.0,0.0,4.29
2011-02-21,0.0,0.0,0.0,0.0,0.0,0.0,0.0,0.0,0.0,0.0,0.0,0.0,0.0,0.0,0.0,0.0,0.0,0.0,0.0,0.0,0.0,0.0,0.0,0.0,0.0,0.0,0.0,0.0,0.0,0.0,0.0,0.0,0.0,0.0,0.0,0.0,0.0,4.22
2011-02-22,0.0,0.0,0.0,0.0,0.0,0.0,0.0,0.0,0.0,0.0,0.0,0.0,0.0,0.0,0.0,0.0,0.0,0.0,0.0,0.0,0.0,0.0,0.0,0.0,0.0,0.0,0.0,0.0,0.0,0.0,0.0,0.0,0.0,0.0,0.0,0.0,0.0,4.2
2011-02-23,0.0,0.0,0.0,0.0,0.0,0.0,0.0,0.0,0.0,0.0,0.0,0.0,0.0,0.0,0.0,0.0,0.0,0.0,0.0,0.0,0.0,0.0,0.0,0.0,0.0,0.0,0.0,0.0,0.0,0.0,0.0,0.0,0.0,0.0,0.0,0.0,0.0,4.21
2011-02-24,0.0,0.0,0.0,0.0,0.0,0.0,0.0,0.0,0.0,0.0,0.0,0.0,0.0,0.0,0.0,0.0,0.0,0.0,0.0,0.0,0.0,0.0,0.0,0.0,0.0,0.0,0.0,0.0,0.0,0.0,0.0,0.0,0.0,0.0,0.0,0.0,0.0,4.2
2011-02-25,0.0,0.0,0.0,0.0,0.0,0.0,0.0,0.0,0.0,0.0,0.0,0.0,0.0,0.0,0.0,0.0,0.0,0.0,0.0,0.0,0.0,0.0,0.0,0.0,0.0,0.0,0.0,0.0,0.0,0.0,0.0,0.0,0.0,0.0,0.0,0.0,0.0,4.19
2011-02-28,0.0,0.0,0.0,0.0,0.0,0.0,0.0,0.0,0.0,0.0,0.0,0.0,0.0,0.0,0.0,0.0,0.0,0.0,0.0,0.0,0.0,0.0,0.0,0.0,0.0,0.0,0.0,0.0,0.0,0.0,0.0,0.0,0.0,0.0,0.0,0.0,0.0,4.18
2011-03-01,0.0,0.0,0.0,0.0,0.0,0.0,0.0,0.0,0.0,0.0,0.0,0.0,0.0,0.0,0.0,0.0,0.0,0.0,0.0,0.0,0.0,0.0,0.0,0.0,0.0,0.0,0.0,0.0,0.0,0.0,0.0,0.0,0.0,0.0,0.0,0.0,0.0,4.12
2011-03-02,0.0,0.0,0.0,0.0,0.0,0.0,0.0,0.0,0.0,0.0,0.0,0.0,0.0,0.0,0.0,0.0,0.0,0.0,0.0,0.0,0.0,0.0,0.0,0.0,0.0,0.0,0.0,0.0,0.0,0.0,0.0,0.0,0.0,0.0,0.0,0.0,0.0,4.12
2011-03-03,0.0,0.0,0.0,0.0,0.0,0.0,0.0,0.0,0.0,0.0,0.0,0.0,0.0,0.0,0.0,0.0,0.0,0.0,0.0,0.0,0.0,0.0,0.0,0.0,0.0,0.0,0.0,0.0,0.0,0.0,0.0,0.0,0.0,0.0,0.0,0.0,0.0,4.09
2011-03-04,0.0,0.0,0.0,0.0,0.0,0.0,0.0,0.0,0.0,0.0,0.0,0.0,0.0,0.0,0.0,0.0,0.0,0.0,0.0,0.0,0.0,0.0,0.0,0.0,0.0,0.0,0.0,0.0,0.0,0.0,0.0,0.0,0.0,0.0,0.0,0.0,0.0,4.17
2011-03-07,0.0,0.0,0.0,0.0,0.0,0.0,0.0,0.0,0.0,0.0,0.0,0.0,0.0,0.0,0.0,0.0,0.0,0.0,0.0,0.0,0.0,0.0,0.0,0.0,0.0,0.0,0.0,0.0,0.0,0.0,0.0,0.0,0.0,0.0,0.0,0.0,0.0,4.15
2011-03-08,0.0,0.0,0.0,0.0,0.0,0.0,0.0,0.0,0.0,0.0,0.0,0.0,0.0,0.0,0.0,0.0,0.0,0.0,0.0,0.0,0.0,0.0,0.0,0.0,0.0,0.0,0.0,0.0,0.0,0.0,0.0,0.0,0.0,0.0,0.0,0.0,0.0,4.05
2011-03-09,0.0,0.0,0.0,0.0,0.0,0.0,0.0,0.0,0.0,0.0,0.0,0.0,0.0,0.0,0.0,0.0,0.0,0.0,0.0,0.0,0.0,0.0,0.0,0.0,0.0,0.0,0.0,0.0,0.0,0.0,0.0,0.0,0.0,0.0,0.0,0.0,0.0,4.23
2011-03-10,0.0,0.0,0.0,0.0,0.0,0.0,0.0,0.0,0.0,0.0,0.0,0.0,0.0,0.0,0.0,0.0,0.0,0.0,0.0,0.0,0.0,0.0,0.0,0.0,0.0,0.0,0.0,0.0,0.0,0.0,0.0,0.0,0.0,0.0,0.0,0.0,0.0,4.22
2011-03-11,0.0,0.0,0.0,0.0,0.0,0.0,0.0,0.0,0.0,0.0,0.0,0.0,0.0,0.0,0.0,0.0,0.0,0.0,0.0,0.0,0.0,0.0,0.0,0.0,0.0,0.0,0.0,0.0,0.0,0.0,0.0,0.0,0.0,0.0,0.0,0.0,0.0,4.17
2011-03-14,0.0,0.0,0.0,0.0,0.0,0.0,0.0,0.0,0.0,0.0,0.0,0.0,0.0,0.0,0.0,0.0,0.0,0.0,0.0,0.0,0.0,0.0,0.0,0.0,0.0,0.0,0.0,0.0,0.0,0.0,0.0,0.0,0.0,0.0,0.0,0.0,0.0,4.16
2011-03-15,0.0,0.0,0.0,0.0,0.0,0.0,0.0,0.0,0.0,0.0,0.0,0.0,0.0,0.0,0.0,0.0,0.0,0.0,0.0,0.0,0.0,0.0,0.0,0.0,0.0,0.0,0.0,0.0,0.0,0.0,0.0,0.0,0.0,0.0,0.0,0.0,0.0,4.1
2011-03-16,0.0,0.0,0.0,0.0,0.0,0.0,0.0,0.0,0.0,0.0,0.0,0.0,0.0,0.0,0.0,0.0,0.0,0.0,0.0,0.0,0.0,0.0,0.0,0.0,0.0,0.0,0.0,0.0,0.0,0.0,0.0,0.0,0.0,0.0,0.0,0.0,0.0,4.05
2011-03-17,0.0,0.0,0.0,0.0,0.0,0.0,0.0,0.0,0.0,0.0,0.0,0.0,0.0,0.0,0.0,0.0,0.0,0.0,0.0,0.0,0.0,0.0,0.0,0.0,0.0,0.0,0.0,0.0,0.0,0.0,0.0,0.0,0.0,0.0,0.0,0.0,0.0,4.04
2011-03-18,0.0,0.0,0.0,0.0,0.0,0.0,0.0,0.0,0.0,0.0,0.0,0.0,0.0,0.0,0.0,0.0,0.0,0.0,0.0,0.0,0.0,0.0,0.0,0.0,0.0,0.0,0.0,0.0,0.0,0.0,0.0,0.0,0.0,0.0,0.0,0.0,0.0,4.17
2011-03-21,0.0,0.0,0.0,0.0,0.0,0.0,0.0,0.0,0.0,0.0,0.0,0.0,0.0,0.0,0.0,0.0,0.0,0.0,0.0,0.0,0.0,0.0,0.0,0.0,0.0,0.0,0.0,0.0,0.0,0.0,0.0,0.0,0.0,0.0,0.0,0.0,0.0,4.2
2011-03-22,0.0,0.0,0.0,0.0,0.0,0.0,0.0,0.0,0.0,0.0,0.0,0.0,0.0,0.0,0.0,0.0,0.0,0.0,0.0,0.0,0.0,0.0,0.0,0.0,0.0,0.0,0.0,0.0,0.0,0.0,0.0,0.0,0.0,0.0,0.0,0.0,0.0,4.3
2011-03-23,0.0,0.0,0.0,0.0,0.0,0.0,0.0,0.0,0.0,0.0,0.0,0.0,0.0,0.0,0.0,0.0,0.0,0.0,0.0,0.0,0.0,0.0,0.0,0.0,0.0,0.0,0.0,0.0,0.0,0.0,0.0,0.0,0.0,0.0,0.0,0.0,0.0,4.35
2011-03-24,0.0,0.0,0.0,0.0,0.0,0.0,0.0,0.0,0.0,0.0,0.0,0.0,0.0,0.0,0.0,0.0,0.0,0.0,0.0,0.0,0.0,0.0,0.0,0.0,0.0,0.0,0.0,0.0,0.0,0.0,0.0,0.0,0.0,0.0,0.0,0.0,0.0,4.3
2011-03-25,0.0,0.0,0.0,0.0,0.0,0.0,0.0,0.0,0.0,0.0,0.0,0.0,0.0,0.0,0.0,0.0,0.0,0.0,0.0,0.0,0.0,0.0,0.0,0.0,0.0,0.0,0.0,0.0,0.0,0.0,0.0,0.0,0.0,0.0,0.0,0.0,0.0,4.21
2011-03-28,0.0,0.0,0.0,0.0,0.0,0.0,0.0,0.0,0.0,0.0,0.0,0.0,0.0,0.0,0.0,0.0,0.0,0.0,0.0,0.0,0.0,0.0,0.0,0.0,0.0,0.0,0.0,0.0,0.0,0.0,0.0,0.0,0.0,0.0,0.0,0.0,0.0,4.25
2011-03-29,0.0,0.0,0.0,0.0,0.0,0.0,0.0,0.0,0.0,0.0,0.0,0.0,0.0,0.0,0.0,0.0,0.0,0.0,0.0,0.0,0.0,0.0,0.0,0.0,0.0,0.0,0.0,0.0,0.0,0.0,0.0,0.0,0.0,0.0,0.0,0.0,0.0,4.29
2011-03-30,0.0,0.0,0.0,0.0,0.0,0.0,0.0,0.0,0.0,0.0,0.0,0.0,0.0,0.0,0.0,0.0,0.0,0.0,0.0,0.0,0.0,0.0,0.0,0.0,0.0,0.0,0.0,0.0,0.0,0.0,0.0,0.0,0.0,0.0,0.0,0.0,0.0,4.31
2011-03-31,0.0,0.0,0.0,0.0,0.0,0.0,0.0,0.0,0.0,0.0,0.0,0.0,0.0,0.0,0.0,0.0,0.0,0.0,0.0,0.0,0.0,0.0,0.0,0.0,0.0,0.0,0.0,0.0,0.0,0.0,0.0,0.0,0.0,0.0,0.0,0.0,0.0,4.38
2011-04-01,0.0,0.0,0.0,0.0,0.0,0.0,0.0,0.0,0.0,0.0,0.0,0.0,0.0,0.0,0.0,0.0,0.0,0.0,0.0,0.0,0.0,0.0,0.0,0.0,0.0,0.0,0.0,0.0,0.0,0.0,0.0,0.0,0.0,0.0,0.0,0.0,0.0,4.37
2011-04-04,0.0,0.0,0.0,0.0,0.0,0.0,0.0,0.0,0.0,0.0,0.0,0.0,0.0,0.0,0.0,0.0,0.0,0.0,0.0,0.0,0.0,0.0,0.0,0.0,0.0,0.0,0.0,0.0,0.0,0.0,0.0,0.0,0.0,0.0,0.0,0.0,0.0,4.3
2011-04-05,0.0,0.0,0.0,0.0,0.0,0.0,0.0,0.0,0.0,0.0,0.0,0.0,0.0,0.0,0.0,0.0,0.0,0.0,0.0,0.0,0.0,0.0,0.0,0.0,0.0,0.0,0.0,0.0,0.0,0.0,0.0,0.0,0.0,0.0,0.0,0.0,0.0,4.35
2011-04-06,0.0,0.0,0.0,0.0,0.0,0.0,0.0,0.0,0.0,0.0,0.0,0.0,0.0,0.0,0.0,0.0,0.0,0.0,0.0,0.0,0.0,0.0,0.0,0.0,0.0,0.0,0.0,0.0,0.0,0.0,0.0,0.0,0.0,0.0,0.0,0.0,0.0,4.34
2011-04-07,0.0,0.0,0.0,0.0,0.0,0.0,0.0,0.0,0.0,0.0,0.0,0.0,0.0,0.0,0.0,0.0,0.0,0.0,0.0,0.0,0.0,0.0,0.0,0.0,0.0,0.0,0.0,0.0,0.0,0.0,0.0,0.0,0.0,0.0,0.0,0.0,0.0,4.38
2011-04-08,0.0,0.0,0.0,0.0,0.0,0.0,0.0,0.0,0.0,0.0,0.0,0.0,0.0,0.0,0.0,0.0,0.0,0.0,0.0,0.0,0.0,0.0,0.0,0.0,0.0,0.0,0.0,0.0,0.0,0.0,0.0,0.0,0.0,0.0,0.0,0.0,0.0,4.25
2011-04-11,0.0,0.0,0.0,0.0,0.0,0.0,0.0,0.0,0.0,0.0,0.0,0.0,0.0,0.0,0.0,0.0,0.0,0.0,0.0,0.0,0.0,0.0,0.0,0.0,0.0,0.0,0.0,0.0,0.0,0.0,0.0,0.0,0.0,0.0,0.0,0.0,0.0,4.21
2011-04-12,0.0,0.0,0.0,0.0,0.0,0.0,0.0,0.0,0.0,0.0,0.0,0.0,0.0,0.0,0.0,0.0,0.0,0.0,0.0,0.0,0.0,0.0,0.0,0.0,0.0,0.0,0.0,0.0,0.0,0.0,0.0,0.0,0.0,0.0,0.0,0.0,0.0,4.22
2011-04-13,0.0,0.0,0.0,0.0,0.0,0.0,0.0,0.0,0.0,0.0,0.0,0.0,0.0,0.0,0.0,0.0,0.0,0.0,0.0,0.0,0.0,0.0,0.0,0.0,0.0,0.0,0.0,0.0,0.0,0.0,0.0,0.0,0.0,0.0,0.0,0.0,0.0,4.24
2011-04-14,0.0,0.0,0.0,0.0,0.0,0.0,0.0,0.0,0.0,0.0,0.0,0.0,0.0,0.0,0.0,0.0,0.0,0.0,0.0,0.0,0.0,0.0,0.0,0.0,0.0,0.0,0.0,0.0,0.0,0.0,0.0,0.0,0.0,0.0,0.0,0.0,0.0,4.23
2011-04-15,0.0,0.0,0.0,0.0,0.0,0.0,0.0,0.0,0.0,0.0,0.0,0.0,0.0,0.0,0.0,0.0,0.0,0.0,0.0,0.0,0.0,0.0,0.0,0.0,0.0,0.0,0.0,0.0,0.0,0.0,0.0,0.0,0.0,0.0,0.0,0.0,0.0,4.17
2011-04-18,0.0,0.0,0.0,0.0,0.0,0.0,0.0,0.0,0.0,0.0,0.0,0.0,0.0,0.0,0.0,0.0,0.0,0.0,0.0,0.0,0.0,0.0,0.0,0.0,0.0,0.0,0.0,0.0,0.0,0.0,0.0,0.0,0.0,0.0,0.0,0.0,0.0,4.2
2011-04-19,0.0,0.0,0.0,0.0,0.0,0.0,0.0,0.0,0.0,0.0,0.0,0.0,0.0,0.0,0.0,0.0,0.0,0.0,0.0,0.0,0.0,0.0,0.0,0.0,0.0,0.0,0.0,0.0,0.0,0.0,0.0,0.0,0.0,0.0,0.0,0.0,0.0,4.2
2011-04-20,0.0,0.0,0.0,0.0,0.0,0.0,0.0,0.0,0.0,0.0,0.0,0.0,0.0,0.0,0.0,0.0,0.0,0.0,0.0,0.0,0.0,0.0,0.0,0.0,0.0,0.0,0.0,0.0,0.0,0.0,0.0,0.0,0.0,0.0,0.0,0.0,0.0,4.2
2011-04-21,0.0,0.0,0.0,0.0,0.0,0.0,0.0,0.0,0.0,0.0,0.0,0.0,0.0,0.0,0.0,0.0,0.0,0.0,0.0,0.0,0.0,0.0,0.0,0.0,0.0,0.0,0.0,0.0,0.0,0.0,0.0,0.0,0.0,0.0,0.0,0.0,0.0,4.2
2011-04-26,0.0,0.0,0.0,0.0,0.0,0.0,0.0,0.0,0.0,0.0,0.0,0.0,0.0,0.0,0.0,0.0,0.0,0.0,0.0,0.0,0.0,0.0,0.0,0.0,0.0,0.0,0.0,0.0,0.0,0.0,0.0,0.0,0.0,0.0,0.0,0.0,0.0,4.17
2011-04-27,0.0,0.0,0.0,0.0,0.0,0.0,0.0,0.0,0.0,0.0,0.0,0.0,0.0,0.0,0.0,0.0,0.0,0.0,0.0,0.0,0.0,0.0,0.0,0.0,0.0,0.0,0.0,0.0,0.0,0.0,0.0,0.0,0.0,0.0,0.0,0.0,0.0,4.24
2011-04-28,0.0,0.0,0.0,0.0,0.0,0.0,0.0,0.0,0.0,0.0,0.0,0.0,0.0,0.0,0.0,0.0,0.0,0.0,0.0,0.0,0.0,0.0,0.0,0.0,0.0,0.0,0.0,0.0,0.0,0.0,0.0,0.0,0.0,0.0,0.0,0.0,0.0,4.22
2011-04-29,0.0,0.0,0.0,0.0,0.0,0.0,0.0,0.0,0.0,0.0,0.0,0.0,0.0,0.0,0.0,0.0,0.0,0.0,0.0,0.0,0.0,0.0,0.0,0.0,0.0,0.0,0.0,0.0,0.0,0.0,0.0,0.0,0.0,0.0,0.0,0.0,0.0,4.65
2011-05-02,0.0,0.0,0.0,0.0,0.0,0.0,0.0,0.0,0.0,0.0,0.0,0.0,0.0,0.0,0.0,0.0,0.0,0.0,0.0,0.0,0.0,0.0,0.0,0.0,0.0,0.0,0.0,0.0,0.0,0.0,0.0,0.0,0.0,0.0,0.0,0.0,0.0,4.61
2011-05-03,0.0,0.0,0.0,0.0,0.0,0.0,0.0,0.0,0.0,0.0,0.0,0.0,0.0,0.0,0.0,0.0,0.0,0.0,0.0,0.0,0.0,0.0,0.0,0.0,0.0,0.0,0.0,0.0,0.0,0.0,0.0,0.0,0.0,0.0,0.0,0.0,0.0,4.53
2011-05-04,0.0,0.0,0.0,0.0,0.0,0.0,0.0,0.0,0.0,0.0,0.0,0.0,0.0,0.0,0.0,0.0,0.0,0.0,0.0,0.0,0.0,0.0,0.0,0.0,0.0,0.0,0.0,0.0,0.0,0.0,0.0,0.0,0.0,0.0,0.0,0.0,0.0,4.46
2011-05-05,0.0,0.0,0.0,0.0,0.0,0.0,0.0,0.0,0.0,0.0,0.0,0.0,0.0,0.0,0.0,0.0,0.0,0.0,0.0,0.0,0.0,0.0,0.0,0.0,0.0,0.0,0.0,0.0,0.0,0.0,0.0,0.0,0.0,0.0,0.0,0.0,0.0,4.55
2011-05-06,0.0,0.0,0.0,0.0,0.0,0.0,0.0,0.0,0.0,0.0,0.0,0.0,0.0,0.0,0.0,0.0,0.0,0.0,0.0,0.0,0.0,0.0,0.0,0.0,0.0,0.0,0.0,0.0,0.0,0.0,0.0,0.0,0.0,0.0,0.0,0.0,0.0,4.64
2011-05-09,0.0,0.0,0.0,0.0,0.0,0.0,0.0,0.0,0.0,0.0,0.0,0.0,0.0,0.0,0.0,0.0,0.0,0.0,0.0,0.0,0.0,0.0,0.0,0.0,0.0,0.0,0.0,0.0,0.0,0.0,0.0,0.0,0.0,0.0,0.0,0.0,0.0,4.66
2011-05-10,0.0,0.0,0.0,0.0,0.0,0.0,0.0,0.0,0.0,0.0,0.0,0.0,0.0,0.0,0.0,0.0,0.0,0.0,0.0,0.0,0.0,0.0,0.0,0.0,0.0,0.0,0.0,0.0,0.0,0.0,0.0,0.0,0.0,0.0,0.0,0.0,0.0,4.68
2011-05-11,0.0,0.0,0.0,0.0,0.0,0.0,0.0,0.0,0.0,0.0,0.0,0.0,0.0,0.0,0.0,0.0,0.0,0.0,0.0,0.0,0.0,0.0,0.0,0.0,0.0,0.0,0.0,0.0,0.0,0.0,0.0,0.0,0.0,0.0,0.0,0.0,0.0,4.72
2011-05-12,0.0,0.0,0.0,0.0,0.0,0.0,0.0,0.0,0.0,0.0,0.0,0.0,0.0,0.0,0.0,0.0,0.0,0.0,0.0,0.0,0.0,0.0,0.0,0.0,0.0,0.0,0.0,0.0,0.0,0.0,0.0,0.0,0.0,0.0,0.0,0.0,0.0,4.74
2011-05-13,0.0,0.0,0.0,0.0,0.0,0.0,0.0,0.0,0.0,0.0,0.0,0.0,0.0,0.0,0.0,0.0,0.0,0.0,0.0,0.0,0.0,0.0,0.0,0.0,0.0,0.0,0.0,0.0,0.0,0.0,0.0,0.0,0.0,0.0,0.0,0.0,0.0,4.66
2011-05-16,0.0,0.0,0.0,0.0,0.0,0.0,0.0,0.0,0.0,0.0,0.0,0.0,0.0,0.0,0.0,0.0,0.0,0.0,0.0,0.0,0.0,0.0,0.0,0.0,0.0,0.0,0.0,0.0,0.0,0.0,0.0,0.0,0.0,0.0,0.0,0.0,0.0,4.66
2011-05-17,0.0,0.0,0.0,0.0,0.0,0.0,0.0,0.0,0.0,0.0,0.0,0.0,0.0,0.0,0.0,0.0,0.0,0.0,0.0,0.0,0.0,0.0,0.0,0.0,0.0,0.0,0.0,0.0,0.0,0.0,0.0,0.0,0.0,0.0,0.0,0.0,0.0,4.7
2011-05-18,0.0,0.0,0.0,0.0,0.0,0.0,0.0,0.0,0.0,0.0,0.0,0.0,0.0,0.0,0.0,0.0,0.0,0.0,0.0,0.0,0.0,0.0,0.0,0.0,0.0,0.0,0.0,0.0,0.0,0.0,0.0,0.0,0.0,0.0,0.0,0.0,0.0,4.7
2011-05-19,0.0,0.0,0.0,0.0,0.0,0.0,0.0,0.0,0.0,0.0,0.0,0.0,0.0,0.0,0.0,0.0,0.0,0.0,0.0,0.0,0.0,0.0,0.0,0.0,0.0,0.0,0.0,0.0,0.0,0.0,0.0,0.0,0.0,0.0,0.0,0.0,0.0,4.7
2011-05-20,0.0,0.0,0.0,0.0,0.0,0.0,0.0,0.0,0.0,0.0,0.0,0.0,0.0,0.0,0.0,0.0,0.0,0.0,0.0,0.0,0.0,0.0,0.0,0.0,0.0,0.0,0.0,0.0,0.0,0.0,0.0,0.0,0.0,0.0,0.0,0.0,0.0,4.7
2011-05-23,0.0,0.0,0.0,0.0,0.0,0.0,0.0,0.0,0.0,0.0,0.0,0.0,0.0,0.0,0.0,0.0,0.0,0.0,0.0,0.0,0.0,0.0,0.0,0.0,0.0,0.0,0.0,0.0,0.0,0.0,0.0,0.0,0.0,0.0,0.0,0.0,0.0,4.64
2011-05-24,0.0,0.0,0.0,0.0,0.0,0.0,0.0,0.0,0.0,0.0,0.0,0.0,0.0,0.0,0.0,0.0,0.0,0.0,0.0,0.0,0.0,0.0,0.0,0.0,0.0,0.0,0.0,0.0,0.0,0.0,0.0,0.0,0.0,0.0,0.0,0.0,0.0,4.74
2011-05-25,0.0,0.0,0.0,0.0,0.0,0.0,0.0,0.0,0.0,0.0,0.0,0.0,0.0,0.0,0.0,0.0,0.0,0.0,0.0,0.0,0.0,0.0,0.0,0.0,0.0,0.0,0.0,0.0,0.0,0.0,0.0,0.0,0.0,0.0,0.0,0.0,0.0,4.74
2011-05-26,0.0,0.0,0.0,0.0,0.0,0.0,0.0,0.0,0.0,0.0,0.0,0.0,0.0,0.0,0.0,0.0,0.0,0.0,0.0,0.0,0.0,0.0,0.0,0.0,0.0,0.0,0.0,0.0,0.0,0.0,0.0,0.0,0.0,0.0,0.0,0.0,0.0,4.7
2011-05-27,0.0,0.0,0.0,0.0,0.0,0.0,0.0,0.0,0.0,0.0,0.0,0.0,0.0,0.0,0.0,0.0,0.0,0.0,0.0,0.0,0.0,0.0,0.0,0.0,0.0,0.0,0.0,0.0,0.0,0.0,0.0,0.0,0.0,0.0,0.0,0.0,0.0,4.74
2011-05-30,0.0,0.0,0.0,0.0,0.0,0.0,0.0,0.0,0.0,0.0,0.0,0.0,0.0,0.0,0.0,0.0,0.0,0.0,0.0,0.0,0.0,0.0,0.0,0.0,0.0,0.0,0.0,0.0,0.0,0.0,0.0,0.0,0.0,0.0,0.0,0.0,0.0,4.74
2011-05-31,0.0,0.0,0.0,0.0,0.0,0.0,0.0,0.0,0.0,0.0,0.0,0.0,0.0,0.0,0.0,0.0,0.0,0.0,0.0,0.0,0.0,0.0,0.0,0.0,0.0,0.0,0.0,0.0,0.0,0.0,0.0,0.0,0.0,0.0,0.0,0.0,0.0,4.7
2011-06-01,0.0,0.0,0.0,0.0,0.0,0.0,0.0,0.0,0.0,0.0,0.0,0.0,0.0,0.0,0.0,0.0,0.0,0.0,0.0,0.0,0.0,0.0,0.0,0.0,0.0,0.0,0.0,0.0,0.0,0.0,0.0,0.0,0.0,0.0,0.0,0.0,0.0,4.63
2011-06-02,0.0,0.0,0.0,0.0,0.0,0.0,0.0,0.0,0.0,0.0,0.0,0.0,0.0,0.0,0.0,0.0,0.0,0.0,0.0,0.0,0.0,0.0,0.0,0.0,0.0,0.0,0.0,0.0,0.0,0.0,0.0,0.0,0.0,0.0,0.0,0.0,0.0,4.6
2011-06-03,0.0,0.0,0.0,0.0,0.0,0.0,0.0,0.0,0.0,0.0,0.0,0.0,0.0,0.0,0.0,0.0,0.0,0.0,0.0,0.0,0.0,0.0,0.0,0.0,0.0,0.0,0.0,0.0,0.0,0.0,0.0,0.0,0.0,0.0,0.0,0.0,0.0,4.73
2011-06-06,0.0,0.0,0.0,0.0,0.0,0.0,0.0,0.0,0.0,0.0,0.0,0.0,0.0,0.0,0.0,0.0,0.0,0.0,0.0,0.0,0.0,0.0,0.0,0.0,0.0,0.0,0.0,0.0,0.0,0.0,0.0,0.0,0.0,0.0,0.0,0.0,0.0,4.73
2011-06-07,0.0,0.0,0.0,0.0,0.0,0.0,0.0,0.0,0.0,0.0,0.0,0.0,0.0,0.0,0.0,0.0,0.0,0.0,0.0,0.0,0.0,0.0,0.0,0.0,0.0,0.0,0.0,0.0,0.0,0.0,0.0,0.0,0.0,0.0,0.0,0.0,0.0,4.78
2011-06-08,0.0,0.0,0.0,0.0,0.0,0.0,0.0,0.0,0.0,0.0,0.0,0.0,0.0,0.0,0.0,0.0,0.0,0.0,0.0,0.0,0.0,0.0,0.0,0.0,0.0,0.0,0.0,0.0,0.0,0.0,0.0,0.0,0.0,0.0,0.0,0.0,0.0,4.65
2011-06-09,0.0,0.0,0.0,0.0,0.0,0.0,0.0,0.0,0.0,0.0,0.0,0.0,0.0,0.0,0.0,0.0,0.0,0.0,0.0,0.0,0.0,0.0,0.0,0.0,0.0,0.0,0.0,0.0,0.0,0.0,0.0,0.0,0.0,0.0,0.0,0.0,0.0,4.46
2011-06-10,0.0,0.0,0.0,0.0,0.0,0.0,0.0,0.0,0.0,0.0,0.0,0.0,0.0,0.0,0.0,0.0,0.0,0.0,0.0,0.0,0.0,0.0,0.0,0.0,0.0,0.0,0.0,0.0,0.0,0.0,0.0,0.0,0.0,0.0,0.0,0.0,0.0,4.62
2011-06-13,0.0,0.0,0.0,0.0,0.0,0.0,0.0,0.0,0.0,0.0,0.0,0.0,0.0,0.0,0.0,0.0,0.0,0.0,0.0,0.0,0.0,0.0,0.0,0.0,0.0,0.0,0.0,0.0,0.0,0.0,0.0,0.0,0.0,0.0,0.0,0.0,0.0,4.67
2011-06-14,0.0,0.0,0.0,0.0,0.0,0.0,0.0,0.0,0.0,0.0,0.0,0.0,0.0,0.0,0.0,0.0,0.0,0.0,0.0,0.0,0.0,0.0,0.0,0.0,0.0,0.0,0.0,0.0,0.0,0.0,0.0,0.0,0.0,0.0,0.0,0.0,0.0,4.52
2011-06-15,0.0,0.0,0.0,0.0,0.0,0.0,0.0,0.0,0.0,0.0,0.0,0.0,0.0,0.0,0.0,0.0,0.0,0.0,0.0,0.0,0.0,0.0,0.0,0.0,0.0,0.0,0.0,0.0,0.0,0.0,0.0,0.0,0.0,0.0,0.0,0.0,0.0,4.42
2011-06-16,0.0,0.0,0.0,0.0,0.0,0.0,0.0,0.0,0.0,0.0,0.0,0.0,0.0,0.0,0.0,0.0,0.0,0.0,0.0,0.0,0.0,0.0,0.0,0.0,0.0,0.0,0.0,0.0,0.0,0.0,0.0,0.0,0.0,0.0,0.0,0.0,0.0,4.4
2011-06-17,0.0,0.0,0.0,0.0,0.0,0.0,0.0,0.0,0.0,0.0,0.0,0.0,0.0,0.0,0.0,0.0,0.0,0.0,0.0,0.0,0.0,0.0,0.0,0.0,0.0,0.0,0.0,0.0,0.0,0.0,0.0,0.0,0.0,0.0,0.0,0.0,0.0,4.2
2011-06-20,0.0,0.0,0.0,0.0,0.0,0.0,0.0,0.0,0.0,0.0,0.0,0.0,0.0,0.0,0.0,0.0,0.0,0.0,0.0,0.0,0.0,0.0,0.0,0.0,0.0,0.0,0.0,0.0,0.0,0.0,0.0,0.0,0.0,0.0,0.0,0.0,0.0,4.15
2011-06-21,0.0,0.0,0.0,0.0,0.0,0.0,0.0,0.0,0.0,0.0,0.0,0.0,0.0,0.0,0.0,0.0,0.0,0.0,0.0,0.0,0.0,0.0,0.0,0.0,0.0,0.0,0.0,0.0,0.0,0.0,0.0,0.0,0.0,0.0,0.0,0.0,0.0,4.29
2011-06-22,0.0,0.0,0.0,0.0,0.0,0.0,0.0,0.0,0.0,0.0,0.0,0.0,0.0,0.0,0.0,0.0,0.0,0.0,0.0,0.0,0.0,0.0,0.0,0.0,0.0,0.0,0.0,0.0,0.0,0.0,0.0,0.0,0.0,0.0,0.0,0.0,0.0,4.29
2011-06-23,0.0,0.0,0.0,0.0,0.0,0.0,0.0,0.0,0.0,0.0,0.0,0.0,0.0,0.0,0.0,0.0,0.0,0.0,0.0,0.0,0.0,0.0,0.0,0.0,0.0,0.0,0.0,0.0,0.0,0.0,0.0,0.0,0.0,0.0,0.0,0.0,0.0,4.25
2011-06-24,0.0,0.0,0.0,0.0,0.0,0.0,0.0,0.0,0.0,0.0,0.0,0.0,0.0,0.0,0.0,0.0,0.0,0.0,0.0,0.0,0.0,0.0,0.0,0.0,0.0,0.0,0.0,0.0,0.0,0.0,0.0,0.0,0.0,0.0,0.0,0.0,0.0,4.25
2011-06-27,0.0,0.0,0.0,0.0,0.0,0.0,0.0,0.0,0.0,0.0,0.0,0.0,0.0,0.0,0.0,0.0,0.0,0.0,0.0,0.0,0.0,0.0,0.0,0.0,0.0,0.0,0.0,0.0,0.0,0.0,0.0,0.0,0.0,0.0,0.0,0.0,0.0,4.15
2011-06-28,0.0,0.0,0.0,0.0,0.0,0.0,0.0,0.0,0.0,0.0,0.0,0.0,0.0,0.0,0.0,0.0,0.0,0.0,0.0,0.0,0.0,0.0,0.0,0.0,0.0,0.0,0.0,0.0,0.0,0.0,0.0,0.0,0.0,0.0,0.0,0.0,0.0,4.15
2011-06-29,0.0,0.0,0.0,0.0,0.0,0.0,0.0,0.0,0.0,0.0,0.0,0.0,0.0,0.0,0.0,0.0,0.0,0.0,0.0,0.0,0.0,0.0,0.0,0.0,0.0,0.0,0.0,0.0,0.0,0.0,0.0,0.0,0.0,0.0,0.0,0.0,0.0,4.14
2011-06-30,0.0,0.0,0.0,0.0,0.0,0.0,0.0,0.0,0.0,0.0,0.0,0.0,0.0,0.0,0.0,0.0,0.0,0.0,0.0,0.0,0.0,0.0,0.0,0.0,0.0,0.0,0.0,0.0,0.0,0.0,0.0,0.0,0.0,0.0,0.0,0.0,0.0,4.15
2011-07-01,0.0,0.0,0.0,0.0,0.0,0.0,0.0,0.0,0.0,0.0,0.0,0.0,0.0,0.0,0.0,0.0,0.0,0.0,0.0,0.0,0.0,0.0,0.0,0.0,0.0,0.0,0.0,0.0,0.0,0.0,0.0,0.0,0.0,0.0,0.0,0.0,0.0,4.15
2011-07-04,0.0,0.0,0.0,0.0,0.0,0.0,0.0,0.0,0.0,0.0,0.0,0.0,0.0,0.0,0.0,0.0,0.0,0.0,0.0,0.0,0.0,0.0,0.0,0.0,0.0,0.0,0.0,0.0,0.0,0.0,0.0,0.0,0.0,0.0,0.0,0.0,0.0,4.25
2011-07-05,0.0,0.0,0.0,0.0,0.0,0.0,0.0,0.0,0.0,0.0,0.0,0.0,0.0,0.0,0.0,0.0,0.0,0.0,0.0,0.0,0.0,0.0,0.0,0.0,0.0,0.0,0.0,0.0,0.0,0.0,0.0,0.0,0.0,0.0,0.0,0.0,0.0,4.25
2011-07-06,0.0,0.0,0.0,0.0,0.0,0.0,0.0,0.0,0.0,0.0,0.0,0.0,0.0,0.0,0.0,0.0,0.0,0.0,0.0,0.0,0.0,0.0,0.0,0.0,0.0,0.0,0.0,0.0,0.0,0.0,0.0,0.0,0.0,0.0,0.0,0.0,0.0,4.23
2011-07-07,0.0,0.0,0.0,0.0,0.0,0.0,0.0,0.0,0.0,0.0,0.0,0.0,0.0,0.0,0.0,0.0,0.0,0.0,0.0,0.0,0.0,0.0,0.0,0.0,0.0,0.0,0.0,0.0,0.0,0.0,0.0,0.0,0.0,0.0,0.0,0.0,0.0,4.26
2011-07-08,0.0,0.0,0.0,0.0,0.0,0.0,0.0,0.0,0.0,0.0,0.0,0.0,0.0,0.0,0.0,0.0,0.0,0.0,0.0,0.0,0.0,0.0,0.0,0.0,0.0,0.0,0.0,0.0,0.0,0.0,0.0,0.0,0.0,0.0,0.0,0.0,0.0,4.22
2011-07-11,0.0,0.0,0.0,0.0,0.0,0.0,0.0,0.0,0.0,0.0,0.0,0.0,0.0,0.0,0.0,0.0,0.0,0.0,0.0,0.0,0.0,0.0,0.0,0.0,0.0,0.0,0.0,0.0,0.0,0.0,0.0,0.0,0.0,0.0,0.0,0.0,0.0,4.03
2011-07-12,0.0,0.0,0.0,0.0,0.0,0.0,0.0,0.0,0.0,0.0,0.0,0.0,0.0,0.0,0.0,0.0,0.0,0.0,0.0,0.0,0.0,0.0,0.0,0.0,0.0,0.0,0.0,0.0,0.0,0.0,0.0,0.0,0.0,0.0,0.0,0.0,0.0,4.13
2011-07-13,0.0,0.0,0.0,0.0,0.0,0.0,0.0,0.0,0.0,0.0,0.0,0.0,0.0,0.0,0.0,0.0,0.0,0.0,0.0,0.0,0.0,0.0,0.0,0.0,0.0,0.0,0.0,0.0,0.0,0.0,0.0,0.0,0.0,0.0,0.0,0.0,0.0,4.1
2011-07-14,0.0,0.0,0.0,0.0,0.0,0.0,0.0,0.0,0.0,0.0,0.0,0.0,0.0,0.0,0.0,0.0,0.0,0.0,0.0,0.0,0.0,0.0,0.0,0.0,0.0,0.0,0.0,0.0,0.0,0.0,0.0,0.0,0.0,0.0,0.0,0.0,0.0,3.9
2011-07-15,0.0,0.0,0.0,0.0,0.0,0.0,0.0,0.0,0.0,0.0,0.0,0.0,0.0,0.0,0.0,0.0,0.0,0.0,0.0,0.0,0.0,0.0,0.0,0.0,0.0,0.0,0.0,0.0,0.0,0.0,0.0,0.0,0.0,0.0,0.0,0.0,0.0,4.0
2011-07-18,0.0,0.0,0.0,0.0,0.0,0.0,0.0,0.0,0.0,0.0,0.0,0.0,0.0,0.0,0.0,0.0,0.0,0.0,0.0,0.0,0.0,0.0,0.0,0.0,0.0,0.0,0.0,0.0,0.0,0.0,0.0,0.0,0.0,0.0,0.0,0.0,0.0,3.99
2011-07-19,0.0,0.0,0.0,0.0,0.0,0.0,0.0,0.0,0.0,0.0,0.0,0.0,0.0,0.0,0.0,0.0,0.0,0.0,0.0,0.0,0.0,0.0,0.0,0.0,0.0,0.0,0.0,0.0,0.0,0.0,0.0,0.0,0.0,0.0,0.0,0.0,0.0,3.99
2011-07-20,0.0,0.0,0.0,0.0,0.0,0.0,0.0,0.0,0.0,0.0,0.0,0.0,0.0,0.0,0.0,0.0,0.0,0.0,0.0,0.0,0.0,0.0,0.0,0.0,0.0,0.0,0.0,0.0,0.0,0.0,0.0,0.0,0.0,0.0,0.0,0.0,0.0,4.0
2011-07-21,0.0,0.0,0.0,0.0,0.0,0.0,0.0,0.0,0.0,0.0,0.0,0.0,0.0,0.0,0.0,0.0,0.0,0.0,0.0,0.0,0.0,0.0,0.0,0.0,0.0,0.0,0.0,0.0,0.0,0.0,0.0,0.0,0.0,0.0,0.0,0.0,0.0,4.05
2011-07-22,0.0,0.0,0.0,0.0,0.0,0.0,0.0,0.0,0.0,0.0,0.0,0.0,0.0,0.0,0.0,0.0,0.0,0.0,0.0,0.0,0.0,0.0,0.0,0.0,0.0,0.0,0.0,0.0,0.0,0.0,0.0,0.0,0.0,0.0,0.0,0.0,0.0,4.38
2011-07-25,0.0,0.0,0.0,0.0,0.0,0.0,0.0,0.0,0.0,0.0,0.0,0.0,0.0,0.0,0.0,0.0,0.0,0.0,0.0,0.0,0.0,0.0,0.0,0.0,0.0,0.0,0.0,0.0,0.0,0.0,0.0,0.0,0.0,0.0,0.0,0.0,0.0,4.65
2011-07-26,0.0,0.0,0.0,0.0,0.0,0.0,0.0,0.0,0.0,0.0,0.0,0.0,0.0,0.0,0.0,0.0,0.0,0.0,0.0,0.0,0.0,0.0,0.0,0.0,0.0,0.0,0.0,0.0,0.0,0.0,0.0,0.0,0.0,0.0,0.0,0.0,0.0,4.54
2011-07-27,0.0,0.0,0.0,0.0,0.0,0.0,0.0,0.0,0.0,0.0,0.0,0.0,0.0,0.0,0.0,0.0,0.0,0.0,0.0,0.0,0.0,0.0,0.0,0.0,0.0,0.0,0.0,0.0,0.0,0.0,0.0,0.0,0.0,0.0,0.0,0.0,0.0,4.6
2011-07-28,0.0,0.0,0.0,0.0,0.0,0.0,0.0,0.0,0.0,0.0,0.0,0.0,0.0,0.0,0.0,0.0,0.0,0.0,0.0,0.0,0.0,0.0,0.0,0.0,0.0,0.0,0.0,0.0,0.0,0.0,0.0,0.0,0.0,0.0,0.0,0.0,0.0,4.65
2011-07-29,0.0,0.0,0.0,0.0,0.0,0.0,0.0,0.0,0.0,0.0,0.0,0.0,0.0,0.0,0.0,0.0,0.0,0.0,0.0,0.0,0.0,0.0,0.0,0.0,0.0,0.0,0.0,0.0,0.0,0.0,0.0,0.0,0.0,0.0,0.0,0.0,0.0,4.54
2011-08-01,0.0,0.0,0.0,0.0,0.0,0.0,0.0,0.0,0.0,0.0,0.0,0.0,0.0,0.0,0.0,0.0,0.0,0.0,0.0,0.0,0.0,0.0,0.0,0.0,0.0,0.0,0.0,0.0,0.0,0.0,0.0,0.0,0.0,0.0,0.0,0.0,0.0,4.5
2011-08-02,0.0,0.0,0.0,0.0,0.0,0.0,0.0,0.0,0.0,0.0,0.0,0.0,0.0,0.0,0.0,0.0,0.0,0.0,0.0,0.0,0.0,0.0,0.0,0.0,0.0,0.0,0.0,0.0,0.0,0.0,0.0,0.0,0.0,0.0,0.0,0.0,0.0,4.5
2011-08-03,0.0,0.0,0.0,0.0,0.0,0.0,0.0,0.0,0.0,0.0,0.0,0.0,0.0,0.0,0.0,0.0,0.0,0.0,0.0,0.0,0.0,0.0,0.0,0.0,0.0,0.0,0.0,0.0,0.0,0.0,0.0,0.0,0.0,0.0,0.0,0.0,0.0,4.2
2011-08-04,0.0,0.0,0.0,0.0,0.0,0.0,0.0,0.0,0.0,0.0,0.0,0.0,0.0,0.0,0.0,0.0,0.0,0.0,0.0,0.0,0.0,0.0,0.0,0.0,0.0,0.0,0.0,0.0,0.0,0.0,0.0,0.0,0.0,0.0,0.0,0.0,0.0,4.0
2011-08-05,0.0,0.0,0.0,0.0,0.0,0.0,0.0,0.0,0.0,0.0,0.0,0.0,0.0,0.0,0.0,0.0,0.0,0.0,0.0,0.0,0.0,0.0,0.0,0.0,0.0,0.0,0.0,0.0,0.0,0.0,0.0,0.0,0.0,0.0,0.0,0.0,0.0,4.0
2011-08-08,0.0,0.0,0.0,0.0,0.0,0.0,0.0,0.0,0.0,0.0,0.0,0.0,0.0,0.0,0.0,0.0,0.0,0.0,0.0,0.0,0.0,0.0,0.0,0.0,0.0,0.0,0.0,0.0,0.0,0.0,0.0,0.0,0.0,0.0,0.0,0.0,0.0,3.8
2011-08-09,0.0,0.0,0.0,0.0,0.0,0.0,0.0,0.0,0.0,0.0,0.0,0.0,0.0,0.0,0.0,0.0,0.0,0.0,0.0,0.0,0.0,0.0,0.0,0.0,0.0,0.0,0.0,0.0,0.0,0.0,0.0,0.0,0.0,0.0,0.0,0.0,0.0,3.8
2011-08-10,0.0,0.0,0.0,0.0,0.0,0.0,0.0,0.0,0.0,0.0,0.0,0.0,0.0,0.0,0.0,0.0,0.0,0.0,0.0,0.0,0.0,0.0,0.0,0.0,0.0,0.0,0.0,0.0,0.0,0.0,0.0,0.0,0.0,0.0,0.0,0.0,0.0,3.71
2011-08-11,0.0,0.0,0.0,0.0,0.0,0.0,0.0,0.0,0.0,0.0,0.0,0.0,0.0,0.0,0.0,0.0,0.0,0.0,0.0,0.0,0.0,0.0,0.0,0.0,0.0,0.0,0.0,0.0,0.0,0.0,0.0,0.0,0.0,0.0,0.0,0.0,0.0,3.65
2011-08-12,0.0,0.0,0.0,0.0,0.0,0.0,0.0,0.0,0.0,0.0,0.0,0.0,0.0,0.0,0.0,0.0,0.0,0.0,0.0,0.0,0.0,0.0,0.0,0.0,0.0,0.0,0.0,0.0,0.0,0.0,0.0,0.0,0.0,0.0,0.0,0.0,0.0,3.7
2011-08-15,0.0,0.0,0.0,0.0,0.0,0.0,0.0,0.0,0.0,0.0,0.0,0.0,0.0,0.0,0.0,0.0,0.0,0.0,0.0,0.0,0.0,0.0,0.0,0.0,0.0,0.0,0.0,0.0,0.0,0.0,0.0,0.0,0.0,0.0,0.0,0.0,0.0,3.83
2011-08-16,0.0,0.0,0.0,0.0,0.0,0.0,0.0,0.0,0.0,0.0,0.0,0.0,0.0,0.0,0.0,0.0,0.0,0.0,0.0,0.0,0.0,0.0,0.0,0.0,0.0,0.0,0.0,0.0,0.0,0.0,0.0,0.0,0.0,0.0,0.0,0.0,0.0,3.84
2011-08-17,0.0,0.0,0.0,0.0,0.0,0.0,0.0,0.0,0.0,0.0,0.0,0.0,0.0,0.0,0.0,0.0,0.0,0.0,0.0,0.0,0.0,0.0,0.0,0.0,0.0,0.0,0.0,0.0,0.0,0.0,0.0,0.0,0.0,0.0,0.0,0.0,0.0,3.85
2011-08-18,0.0,0.0,0.0,0.0,0.0,0.0,0.0,0.0,0.0,0.0,0.0,0.0,0.0,0.0,0.0,0.0,0.0,0.0,0.0,0.0,0.0,0.0,0.0,0.0,0.0,0.0,0.0,0.0,0.0,0.0,0.0,0.0,0.0,0.0,0.0,0.0,0.0,3.75
2011-08-19,0.0,0.0,0.0,0.0,0.0,0.0,0.0,0.0,0.0,0.0,0.0,0.0,0.0,0.0,0.0,0.0,0.0,0.0,0.0,0.0,0.0,0.0,0.0,0.0,0.0,0.0,0.0,0.0,0.0,0.0,0.0,0.0,0.0,0.0,0.0,0.0,0.0,3.65
2011-08-22,0.0,0.0,0.0,0.0,0.0,0.0,0.0,0.0,0.0,0.0,0.0,0.0,0.0,0.0,0.0,0.0,0.0,0.0,0.0,0.0,0.0,0.0,0.0,0.0,0.0,0.0,0.0,0.0,0.0,0.0,0.0,0.0,0.0,0.0,0.0,0.0,0.0,3.6
2011-08-23,0.0,0.0,0.0,0.0,0.0,0.0,0.0,0.0,0.0,0.0,0.0,0.0,0.0,0.0,0.0,0.0,0.0,0.0,0.0,0.0,0.0,0.0,0.0,0.0,0.0,0.0,0.0,0.0,0.0,0.0,0.0,0.0,0.0,0.0,0.0,0.0,0.0,3.6
2011-08-24,0.0,0.0,0.0,0.0,0.0,0.0,0.0,0.0,0.0,0.0,0.0,0.0,0.0,0.0,0.0,0.0,0.0,0.0,0.0,0.0,0.0,0.0,0.0,0.0,0.0,0.0,0.0,0.0,0.0,0.0,0.0,0.0,0.0,0.0,0.0,0.0,0.0,3.5
2011-08-25,0.0,0.0,0.0,0.0,0.0,0.0,0.0,0.0,0.0,0.0,0.0,0.0,0.0,0.0,0.0,0.0,0.0,0.0,0.0,0.0,0.0,0.0,0.0,0.0,0.0,0.0,0.0,0.0,0.0,0.0,0.0,0.0,0.0,0.0,0.0,0.0,0.0,3.65
2011-08-26,0.0,0.0,0.0,0.0,0.0,0.0,0.0,0.0,0.0,0.0,0.0,0.0,0.0,0.0,0.0,0.0,0.0,0.0,0.0,0.0,0.0,0.0,0.0,0.0,0.0,0.0,0.0,0.0,0.0,0.0,0.0,0.0,0.0,0.0,0.0,0.0,0.0,3.65
2011-08-29,0.0,0.0,0.0,0.0,0.0,0.0,0.0,0.0,0.0,0.0,0.0,0.0,0.0,0.0,0.0,0.0,0.0,0.0,0.0,0.0,0.0,0.0,0.0,0.0,0.0,0.0,0.0,0.0,0.0,0.0,0.0,0.0,0.0,0.0,0.0,0.0,0.0,3.7
2011-08-30,0.0,0.0,0.0,0.0,0.0,0.0,0.0,0.0,0.0,0.0,0.0,0.0,0.0,0.0,0.0,0.0,0.0,0.0,0.0,0.0,0.0,0.0,0.0,0.0,0.0,0.0,0.0,0.0,0.0,0.0,0.0,0.0,0.0,0.0,0.0,0.0,0.0,3.8
2011-08-31,0.0,0.0,0.0,0.0,0.0,0.0,0.0,0.0,0.0,0.0,0.0,0.0,0.0,0.0,0.0,0.0,0.0,0.0,0.0,0.0,0.0,0.0,0.0,0.0,0.0,0.0,0.0,0.0,0.0,0.0,0.0,0.0,0.0,0.0,0.0,0.0,0.0,3.8
2011-09-01,0.0,0.0,0.0,0.0,0.0,0.0,0.0,0.0,0.0,0.0,0.0,0.0,0.0,0.0,0.0,0.0,0.0,0.0,0.0,0.0,0.0,0.0,0.0,0.0,0.0,0.0,0.0,0.0,0.0,0.0,0.0,0.0,0.0,0.0,0.0,0.0,0.0,3.8
2011-09-02,0.0,0.0,0.0,0.0,0.0,0.0,0.0,0.0,0.0,0.0,0.0,0.0,0.0,0.0,0.0,0.0,0.0,0.0,0.0,0.0,0.0,0.0,0.0,0.0,0.0,0.0,0.0,0.0,0.0,0.0,0.0,0.0,0.0,0.0,0.0,0.0,0.0,3.75
2011-09-05,0.0,0.0,0.0,0.0,0.0,0.0,0.0,0.0,0.0,0.0,0.0,0.0,0.0,0.0,0.0,0.0,0.0,0.0,0.0,0.0,0.0,0.0,0.0,0.0,0.0,0.0,0.0,0.0,0.0,0.0,0.0,0.0,0.0,0.0,0.0,0.0,0.0,3.7
2011-09-06,0.0,0.0,0.0,0.0,0.0,0.0,0.0,0.0,0.0,0.0,0.0,0.0,0.0,0.0,0.0,0.0,0.0,0.0,0.0,0.0,0.0,0.0,0.0,0.0,0.0,0.0,0.0,0.0,0.0,0.0,0.0,0.0,0.0,0.0,0.0,0.0,0.0,3.66
2011-09-07,0.0,0.0,0.0,0.0,0.0,0.0,0.0,0.0,0.0,0.0,0.0,0.0,0.0,0.0,0.0,0.0,0.0,0.0,0.0,0.0,0.0,0.0,0.0,0.0,0.0,0.0,0.0,0.0,0.0,0.0,0.0,0.0,0.0,0.0,0.0,0.0,0.0,3.69
2011-09-08,0.0,0.0,0.0,0.0,0.0,0.0,0.0,0.0,0.0,0.0,0.0,0.0,0.0,0.0,0.0,0.0,0.0,0.0,0.0,0.0,0.0,0.0,0.0,0.0,0.0,0.0,0.0,0.0,0.0,0.0,0.0,0.0,0.0,0.0,0.0,0.0,0.0,3.72
2011-09-09,0.0,0.0,0.0,0.0,0.0,0.0,0.0,0.0,0.0,0.0,0.0,0.0,0.0,0.0,0.0,0.0,0.0,0.0,0.0,0.0,0.0,0.0,0.0,0.0,0.0,0.0,0.0,0.0,0.0,0.0,0.0,0.0,0.0,0.0,0.0,0.0,0.0,3.7
2011-09-12,0.0,0.0,0.0,0.0,0.0,0.0,0.0,0.0,0.0,0.0,0.0,0.0,0.0,0.0,0.0,0.0,0.0,0.0,0.0,0.0,0.0,0.0,0.0,0.0,0.0,0.0,0.0,0.0,0.0,0.0,0.0,0.0,0.0,0.0,0.0,0.0,0.0,3.75
2011-09-13,0.0,0.0,0.0,0.0,0.0,0.0,0.0,0.0,0.0,0.0,0.0,0.0,0.0,0.0,0.0,0.0,0.0,0.0,0.0,0.0,0.0,0.0,0.0,0.0,0.0,0.0,0.0,0.0,0.0,0.0,0.0,0.0,0.0,0.0,0.0,0.0,0.0,3.75
2011-09-14,0.0,0.0,0.0,0.0,0.0,0.0,0.0,0.0,0.0,0.0,0.0,0.0,0.0,0.0,0.0,0.0,0.0,0.0,0.0,0.0,0.0,0.0,0.0,0.0,0.0,0.0,0.0,0.0,0.0,0.0,0.0,0.0,0.0,0.0,0.0,0.0,0.0,3.9
2011-09-15,0.0,0.0,0.0,0.0,0.0,0.0,0.0,0.0,0.0,0.0,0.0,0.0,0.0,0.0,0.0,0.0,0.0,0.0,0.0,0.0,0.0,0.0,0.0,0.0,0.0,0.0,0.0,0.0,0.0,0.0,0.0,0.0,0.0,0.0,0.0,0.0,0.0,3.88
2011-09-16,0.0,0.0,0.0,0.0,0.0,0.0,0.0,0.0,0.0,0.0,0.0,0.0,0.0,0.0,0.0,0.0,0.0,0.0,0.0,0.0,0.0,0.0,0.0,0.0,0.0,0.0,0.0,0.0,0.0,0.0,0.0,0.0,0.0,0.0,0.0,0.0,0.0,3.68
2011-09-19,0.0,0.0,0.0,0.0,0.0,0.0,0.0,0.0,0.0,0.0,0.0,0.0,0.0,0.0,0.0,0.0,0.0,0.0,0.0,0.0,0.0,0.0,0.0,0.0,0.0,0.0,0.0,0.0,0.0,0.0,0.0,0.0,0.0,0.0,0.0,0.0,0.0,3.68
2011-09-20,0.0,0.0,0.0,0.0,0.0,0.0,0.0,0.0,0.0,0.0,0.0,0.0,0.0,0.0,0.0,0.0,0.0,0.0,0.0,0.0,0.0,0.0,0.0,0.0,0.0,0.0,0.0,0.0,0.0,0.0,0.0,0.0,0.0,0.0,0.0,0.0,0.0,3.7
2011-09-21,0.0,0.0,0.0,0.0,0.0,0.0,0.0,0.0,0.0,0.0,0.0,0.0,0.0,0.0,0.0,0.0,0.0,0.0,0.0,0.0,0.0,0.0,0.0,0.0,0.0,0.0,0.0,0.0,0.0,0.0,0.0,0.0,0.0,0.0,0.0,0.0,0.0,3.55
2011-09-22,0.0,0.0,0.0,0.0,0.0,0.0,0.0,0.0,0.0,0.0,0.0,0.0,0.0,0.0,0.0,0.0,0.0,0.0,0.0,0.0,0.0,0.0,0.0,0.0,0.0,0.0,0.0,0.0,0.0,0.0,0.0,0.0,0.0,0.0,0.0,0.0,0.0,3.56
2011-09-23,0.0,0.0,0.0,0.0,0.0,0.0,0.0,0.0,0.0,0.0,0.0,0.0,0.0,0.0,0.0,0.0,0.0,0.0,0.0,0.0,0.0,0.0,0.0,0.0,0.0,0.0,0.0,0.0,0.0,0.0,0.0,0.0,0.0,0.0,0.0,0.0,0.0,3.55
2011-09-26,0.0,0.0,0.0,0.0,0.0,0.0,0.0,0.0,0.0,0.0,0.0,0.0,0.0,0.0,0.0,0.0,0.0,0.0,0.0,0.0,0.0,0.0,0.0,0.0,0.0,0.0,0.0,0.0,0.0,0.0,0.0,0.0,0.0,0.0,0.0,0.0,0.0,3.66
2011-09-27,0.0,0.0,0.0,0.0,0.0,0.0,0.0,0.0,0.0,0.0,0.0,0.0,0.0,0.0,0.0,0.0,0.0,0.0,0.0,0.0,0.0,0.0,0.0,0.0,0.0,0.0,0.0,0.0,0.0,0.0,0.0,0.0,0.0,0.0,0.0,0.0,0.0,3.66
2011-09-28,0.0,0.0,0.0,0.0,0.0,0.0,0.0,0.0,0.0,0.0,0.0,0.0,0.0,0.0,0.0,0.0,0.0,0.0,0.0,0.0,0.0,0.0,0.0,0.0,0.0,0.0,0.0,0.0,0.0,0.0,0.0,0.0,0.0,0.0,0.0,0.0,0.0,3.7
2011-09-29,0.0,0.0,0.0,0.0,0.0,0.0,0.0,0.0,0.0,0.0,0.0,0.0,0.0,0.0,0.0,0.0,0.0,0.0,0.0,0.0,0.0,0.0,0.0,0.0,0.0,0.0,0.0,0.0,0.0,0.0,0.0,0.0,0.0,0.0,0.0,0.0,0.0,3.65
2011-09-30,0.0,0.0,0.0,0.0,0.0,0.0,0.0,0.0,0.0,0.0,0.0,0.0,0.0,0.0,0.0,0.0,0.0,0.0,0.0,0.0,0.0,0.0,0.0,0.0,0.0,0.0,0.0,0.0,0.0,0.0,0.0,0.0,0.0,0.0,0.0,0.0,0.0,4.37
2011-10-03,0.0,0.0,0.0,0.0,0.0,0.0,0.0,0.0,0.0,0.0,0.0,0.0,0.0,0.0,0.0,0.0,0.0,0.0,0.0,0.0,0.0,0.0,0.0,0.0,0.0,0.0,0.0,0.0,0.0,0.0,0.0,0.0,0.0,0.0,0.0,0.0,0.0,4.27
2011-10-04,0.0,0.0,0.0,0.0,0.0,0.0,0.0,0.0,0.0,0.0,0.0,0.0,0.0,0.0,0.0,0.0,0.0,0.0,0.0,0.0,0.0,0.0,0.0,0.0,0.0,0.0,0.0,0.0,0.0,0.0,0.0,0.0,0.0,0.0,0.0,0.0,0.0,4.25
2011-10-05,0.0,0.0,0.0,0.0,0.0,0.0,0.0,0.0,0.0,0.0,0.0,0.0,0.0,0.0,0.0,0.0,0.0,0.0,0.0,0.0,0.0,0.0,0.0,0.0,0.0,0.0,0.0,0.0,0.0,0.0,0.0,0.0,0.0,0.0,0.0,0.0,0.0,4.02
2011-10-06,0.0,0.0,0.0,0.0,0.0,0.0,0.0,0.0,0.0,0.0,0.0,0.0,0.0,0.0,0.0,0.0,0.0,0.0,0.0,0.0,0.0,0.0,0.0,0.0,0.0,0.0,0.0,0.0,0.0,0.0,0.0,0.0,0.0,0.0,0.0,0.0,0.0,4.1
2011-10-07,0.0,0.0,0.0,0.0,0.0,0.0,0.0,0.0,0.0,0.0,0.0,0.0,0.0,0.0,0.0,0.0,0.0,0.0,0.0,0.0,0.0,0.0,0.0,0.0,0.0,0.0,0.0,0.0,0.0,0.0,0.0,0.0,0.0,0.0,0.0,0.0,0.0,4.22
2011-10-10,0.0,0.0,0.0,0.0,0.0,0.0,0.0,0.0,0.0,0.0,0.0,0.0,0.0,0.0,0.0,0.0,0.0,0.0,0.0,0.0,0.0,0.0,0.0,0.0,0.0,0.0,0.0,0.0,0.0,0.0,0.0,0.0,0.0,0.0,0.0,0.0,0.0,4.25
2011-10-11,0.0,0.0,0.0,0.0,0.0,0.0,0.0,0.0,0.0,0.0,0.0,0.0,0.0,0.0,0.0,0.0,0.0,0.0,0.0,0.0,0.0,0.0,0.0,0.0,0.0,0.0,0.0,0.0,0.0,0.0,0.0,0.0,0.0,0.0,0.0,0.0,0.0,4.25
2011-10-12,0.0,0.0,0.0,0.0,0.0,0.0,0.0,0.0,0.0,0.0,0.0,0.0,0.0,0.0,0.0,0.0,0.0,0.0,0.0,0.0,0.0,0.0,0.0,0.0,0.0,0.0,0.0,0.0,0.0,0.0,0.0,0.0,0.0,0.0,0.0,0.0,0.0,4.25
2011-10-13,0.0,0.0,0.0,0.0,0.0,0.0,0.0,0.0,0.0,0.0,0.0,0.0,0.0,0.0,0.0,0.0,0.0,0.0,0.0,0.0,0.0,0.0,0.0,0.0,0.0,0.0,0.0,0.0,0.0,0.0,0.0,0.0,0.0,0.0,0.0,0.0,0.0,4.25
2011-10-14,0.0,0.0,0.0,0.0,0.0,0.0,0.0,0.0,0.0,0.0,0.0,0.0,0.0,0.0,0.0,0.0,0.0,0.0,0.0,0.0,0.0,0.0,0.0,0.0,0.0,0.0,0.0,0.0,0.0,0.0,0.0,0.0,0.0,0.0,0.0,0.0,0.0,4.21
2011-10-17,0.0,0.0,0.0,0.0,0.0,0.0,0.0,0.0,0.0,0.0,0.0,0.0,0.0,0.0,0.0,0.0,0.0,0.0,0.0,0.0,0.0,0.0,0.0,0.0,0.0,0.0,0.0,0.0,0.0,0.0,0.0,0.0,0.0,0.0,0.0,0.0,0.0,4.7
2011-10-18,0.0,0.0,0.0,0.0,0.0,0.0,0.0,0.0,0.0,0.0,0.0,0.0,0.0,0.0,0.0,0.0,0.0,0.0,0.0,0.0,0.0,0.0,0.0,0.0,0.0,0.0,0.0,0.0,0.0,0.0,0.0,0.0,0.0,0.0,0.0,0.0,0.0,4.74
2011-10-19,0.0,0.0,0.0,0.0,0.0,0.0,0.0,0.0,0.0,0.0,0.0,0.0,0.0,0.0,0.0,0.0,0.0,0.0,0.0,0.0,0.0,0.0,0.0,0.0,0.0,0.0,0.0,0.0,0.0,0.0,0.0,0.0,0.0,0.0,0.0,0.0,0.0,4.78
2011-10-20,0.0,0.0,0.0,0.0,0.0,0.0,0.0,0.0,0.0,0.0,0.0,0.0,0.0,0.0,0.0,0.0,0.0,0.0,0.0,0.0,0.0,0.0,0.0,0.0,0.0,0.0,0.0,0.0,0.0,0.0,0.0,0.0,0.0,0.0,0.0,0.0,0.0,4.8
2011-10-21,0.0,0.0,0.0,0.0,0.0,0.0,0.0,0.0,0.0,0.0,0.0,0.0,0.0,0.0,0.0,0.0,0.0,0.0,0.0,0.0,0.0,0.0,0.0,0.0,0.0,0.0,0.0,0.0,0.0,0.0,0.0,0.0,0.0,0.0,0.0,0.0,0.0,4.95
2011-10-24,0.0,0.0,0.0,0.0,0.0,0.0,0.0,0.0,0.0,0.0,0.0,0.0,0.0,0.0,0.0,0.0,0.0,0.0,0.0,0.0,0.0,0.0,0.0,0.0,0.0,0.0,0.0,0.0,0.0,0.0,0.0,0.0,0.0,0.0,0.0,0.0,0.0,4.94
2011-10-25,0.0,0.0,0.0,0.0,0.0,0.0,0.0,0.0,0.0,0.0,0.0,0.0,0.0,0.0,0.0,0.0,0.0,0.0,0.0,0.0,0.0,0.0,0.0,0.0,0.0,0.0,0.0,0.0,0.0,0.0,0.0,0.0,0.0,0.0,0.0,0.0,0.0,4.91
2011-10-26,0.0,0.0,0.0,0.0,0.0,0.0,0.0,0.0,0.0,0.0,0.0,0.0,0.0,0.0,0.0,0.0,0.0,0.0,0.0,0.0,0.0,0.0,0.0,0.0,0.0,0.0,0.0,0.0,0.0,0.0,0.0,0.0,0.0,0.0,0.0,0.0,0.0,4.93
2011-10-27,0.0,0.0,0.0,0.0,0.0,0.0,0.0,0.0,0.0,0.0,0.0,0.0,0.0,0.0,0.0,0.0,0.0,0.0,0.0,0.0,0.0,0.0,0.0,0.0,0.0,0.0,0.0,0.0,0.0,0.0,0.0,0.0,0.0,0.0,0.0,0.0,0.0,4.85
2011-10-28,0.0,0.0,0.0,0.0,0.0,0.0,0.0,0.0,0.0,0.0,0.0,0.0,0.0,0.0,0.0,0.0,0.0,0.0,0.0,0.0,0.0,0.0,0.0,0.0,0.0,0.0,0.0,0.0,0.0,0.0,0.0,0.0,0.0,0.0,0.0,0.0,0.0,4.85
2011-10-31,0.0,0.0,0.0,0.0,0.0,0.0,0.0,0.0,0.0,0.0,0.0,0.0,0.0,0.0,0.0,0.0,0.0,0.0,0.0,0.0,0.0,0.0,0.0,0.0,0.0,0.0,0.0,0.0,0.0,0.0,0.0,0.0,0.0,0.0,0.0,0.0,0.0,4.7
2011-11-01,0.0,0.0,0.0,0.0,0.0,0.0,0.0,0.0,0.0,0.0,0.0,0.0,0.0,0.0,0.0,0.0,0.0,0.0,0.0,0.0,0.0,0.0,0.0,0.0,0.0,0.0,0.0,0.0,0.0,0.0,0.0,0.0,0.0,0.0,0.0,0.0,0.0,4.5
2011-11-02,0.0,0.0,0.0,0.0,0.0,0.0,0.0,0.0,0.0,0.0,0.0,0.0,0.0,0.0,0.0,0.0,0.0,0.0,0.0,0.0,0.0,0.0,0.0,0.0,0.0,0.0,0.0,0.0,0.0,0.0,0.0,0.0,0.0,0.0,0.0,0.0,0.0,4.5
2011-11-03,0.0,0.0,0.0,0.0,0.0,0.0,0.0,0.0,0.0,0.0,0.0,0.0,0.0,0.0,0.0,0.0,0.0,0.0,0.0,0.0,0.0,0.0,0.0,0.0,0.0,0.0,0.0,0.0,0.0,0.0,0.0,0.0,0.0,0.0,0.0,0.0,0.0,4.85
2011-11-04,0.0,0.0,0.0,0.0,0.0,0.0,0.0,0.0,0.0,0.0,0.0,0.0,0.0,0.0,0.0,0.0,0.0,0.0,0.0,0.0,0.0,0.0,0.0,0.0,0.0,0.0,0.0,0.0,0.0,0.0,0.0,0.0,0.0,0.0,0.0,0.0,0.0,4.7
2011-11-07,0.0,0.0,0.0,0.0,0.0,0.0,0.0,0.0,0.0,0.0,0.0,0.0,0.0,0.0,0.0,0.0,0.0,0.0,0.0,0.0,0.0,0.0,0.0,0.0,0.0,0.0,0.0,0.0,0.0,0.0,0.0,0.0,0.0,0.0,0.0,0.0,0.0,4.7
2011-11-08,0.0,0.0,0.0,0.0,0.0,0.0,0.0,0.0,0.0,0.0,0.0,0.0,0.0,0.0,0.0,0.0,0.0,0.0,0.0,0.0,0.0,0.0,0.0,0.0,0.0,0.0,0.0,0.0,0.0,0.0,0.0,0.0,0.0,0.0,0.0,0.0,0.0,4.6
2011-11-09,0.0,0.0,0.0,0.0,0.0,0.0,0.0,0.0,0.0,0.0,0.0,0.0,0.0,0.0,0.0,0.0,0.0,0.0,0.0,0.0,0.0,0.0,0.0,0.0,0.0,0.0,0.0,0.0,0.0,0.0,0.0,0.0,0.0,0.0,0.0,0.0,0.0,4.6
2011-11-10,0.0,0.0,0.0,0.0,0.0,0.0,0.0,0.0,0.0,0.0,0.0,0.0,0.0,0.0,0.0,0.0,0.0,0.0,0.0,0.0,0.0,0.0,0.0,0.0,0.0,0.0,0.0,0.0,0.0,0.0,0.0,0.0,0.0,0.0,0.0,0.0,0.0,4.5
2011-11-11,0.0,0.0,0.0,0.0,0.0,0.0,0.0,0.0,0.0,0.0,0.0,0.0,0.0,0.0,0.0,0.0,0.0,0.0,0.0,0.0,0.0,0.0,0.0,0.0,0.0,0.0,0.0,0.0,0.0,0.0,0.0,0.0,0.0,0.0,0.0,0.0,0.0,4.33
2011-11-14,0.0,0.0,0.0,0.0,0.0,0.0,0.0,0.0,0.0,0.0,0.0,0.0,0.0,0.0,0.0,0.0,0.0,0.0,0.0,0.0,0.0,0.0,0.0,0.0,0.0,0.0,0.0,0.0,0.0,0.0,0.0,0.0,0.0,0.0,0.0,0.0,0.0,4.32
2011-11-15,0.0,0.0,0.0,0.0,0.0,0.0,0.0,0.0,0.0,0.0,0.0,0.0,0.0,0.0,0.0,0.0,0.0,0.0,0.0,0.0,0.0,0.0,0.0,0.0,0.0,0.0,0.0,0.0,0.0,0.0,0.0,0.0,0.0,0.0,0.0,0.0,0.0,4.32
2011-11-16,0.0,0.0,0.0,0.0,0.0,0.0,0.0,0.0,0.0,0.0,0.0,0.0,0.0,0.0,0.0,0.0,0.0,0.0,0.0,0.0,0.0,0.0,0.0,0.0,0.0,0.0,0.0,0.0,0.0,0.0,0.0,0.0,0.0,0.0,0.0,0.0,0.0,4.35
2011-11-17,0.0,0.0,0.0,0.0,0.0,0.0,0.0,0.0,0.0,0.0,0.0,0.0,0.0,0.0,0.0,0.0,0.0,0.0,0.0,0.0,0.0,0.0,0.0,0.0,0.0,0.0,0.0,0.0,0.0,0.0,0.0,0.0,0.0,0.0,0.0,0.0,0.0,4.25
2011-11-18,0.0,0.0,0.0,0.0,0.0,0.0,0.0,0.0,0.0,0.0,0.0,0.0,0.0,0.0,0.0,0.0,0.0,0.0,0.0,0.0,0.0,0.0,0.0,0.0,0.0,0.0,0.0,0.0,0.0,0.0,0.0,0.0,0.0,0.0,0.0,0.0,0.0,4.05
2011-11-21,0.0,0.0,0.0,0.0,0.0,0.0,0.0,0.0,0.0,0.0,0.0,0.0,0.0,0.0,0.0,0.0,0.0,0.0,0.0,0.0,0.0,0.0,0.0,0.0,0.0,0.0,0.0,0.0,0.0,0.0,0.0,0.0,0.0,0.0,0.0,0.0,0.0,4.1
2011-11-22,0.0,0.0,0.0,0.0,0.0,0.0,0.0,0.0,0.0,0.0,0.0,0.0,0.0,0.0,0.0,0.0,0.0,0.0,0.0,0.0,0.0,0.0,0.0,0.0,0.0,0.0,0.0,0.0,0.0,0.0,0.0,0.0,0.0,0.0,0.0,0.0,0.0,3.9
2011-11-23,0.0,0.0,0.0,0.0,0.0,0.0,0.0,0.0,0.0,0.0,0.0,0.0,0.0,0.0,0.0,0.0,0.0,0.0,0.0,0.0,0.0,0.0,0.0,0.0,0.0,0.0,0.0,0.0,0.0,0.0,0.0,0.0,0.0,0.0,0.0,0.0,0.0,3.85
2011-11-24,0.0,0.0,0.0,0.0,0.0,0.0,0.0,0.0,0.0,0.0,0.0,0.0,0.0,0.0,0.0,0.0,0.0,0.0,0.0,0.0,0.0,0.0,0.0,0.0,0.0,0.0,0.0,0.0,0.0,0.0,0.0,0.0,0.0,0.0,0.0,0.0,0.0,3.91
2011-11-25,0.0,0.0,0.0,0.0,0.0,0.0,0.0,0.0,0.0,0.0,0.0,0.0,0.0,0.0,0.0,0.0,0.0,0.0,0.0,0.0,0.0,0.0,0.0,0.0,0.0,0.0,0.0,0.0,0.0,0.0,0.0,0.0,0.0,0.0,0.0,0.0,0.0,4.22
2011-11-28,0.0,0.0,0.0,0.0,0.0,0.0,0.0,0.0,0.0,0.0,0.0,0.0,0.0,0.0,0.0,0.0,0.0,0.0,0.0,0.0,0.0,0.0,0.0,0.0,0.0,0.0,0.0,0.0,0.0,0.0,0.0,0.0,0.0,0.0,0.0,0.0,0.0,4.5
2011-11-29,0.0,0.0,0.0,0.0,0.0,0.0,0.0,0.0,0.0,0.0,0.0,0.0,0.0,0.0,0.0,0.0,0.0,0.0,0.0,0.0,0.0,0.0,0.0,0.0,0.0,0.0,0.0,0.0,0.0,0.0,0.0,0.0,0.0,0.0,0.0,0.0,0.0,4.45
2011-11-30,0.0,0.0,0.0,0.0,0.0,0.0,0.0,0.0,0.0,0.0,0.0,0.0,0.0,0.0,0.0,0.0,0.0,0.0,0.0,0.0,0.0,0.0,0.0,0.0,0.0,0.0,0.0,0.0,0.0,0.0,0.0,0.0,0.0,0.0,0.0,0.0,0.0,4.32
2011-12-01,0.0,0.0,0.0,0.0,0.0,0.0,0.0,0.0,0.0,0.0,0.0,0.0,0.0,0.0,0.0,0.0,0.0,0.0,0.0,0.0,0.0,0.0,0.0,0.0,0.0,0.0,0.0,0.0,0.0,0.0,0.0,0.0,0.0,0.0,0.0,0.0,0.0,4.2
2011-12-02,0.0,0.0,0.0,0.0,0.0,0.0,0.0,0.0,0.0,0.0,0.0,0.0,0.0,0.0,0.0,0.0,0.0,0.0,0.0,0.0,0.0,0.0,0.0,0.0,0.0,0.0,0.0,0.0,0.0,0.0,0.0,0.0,0.0,0.0,0.0,0.0,0.0,4.1
2011-12-05,0.0,0.0,0.0,0.0,0.0,0.0,0.0,0.0,0.0,0.0,0.0,0.0,0.0,0.0,0.0,0.0,0.0,0.0,0.0,0.0,0.0,0.0,0.0,0.0,0.0,0.0,0.0,0.0,0.0,0.0,0.0,0.0,0.0,0.0,0.0,0.0,0.0,3.96
2011-12-06,0.0,0.0,0.0,0.0,0.0,0.0,0.0,0.0,0.0,0.0,0.0,0.0,0.0,0.0,0.0,0.0,0.0,0.0,0.0,0.0,0.0,0.0,0.0,0.0,0.0,0.0,0.0,0.0,0.0,0.0,0.0,0.0,0.0,0.0,0.0,0.0,0.0,3.9
2011-12-07,0.0,0.0,0.0,0.0,0.0,0.0,0.0,0.0,0.0,0.0,0.0,0.0,0.0,0.0,0.0,0.0,0.0,0.0,0.0,0.0,0.0,0.0,0.0,0.0,0.0,0.0,0.0,0.0,0.0,0.0,0.0,0.0,0.0,0.0,0.0,0.0,0.0,3.86
2011-12-08,0.0,0.0,0.0,0.0,0.0,0.0,0.0,0.0,0.0,0.0,0.0,0.0,0.0,0.0,0.0,0.0,0.0,0.0,0.0,0.0,0.0,0.0,0.0,0.0,0.0,0.0,0.0,0.0,0.0,0.0,0.0,0.0,0.0,0.0,0.0,0.0,0.0,3.82
2011-12-09,0.0,0.0,0.0,0.0,0.0,0.0,0.0,0.0,0.0,0.0,0.0,0.0,0.0,0.0,0.0,0.0,0.0,0.0,0.0,0.0,0.0,0.0,0.0,0.0,0.0,0.0,0.0,0.0,0.0,0.0,0.0,0.0,0.0,0.0,0.0,0.0,0.0,3.75
2011-12-12,0.0,0.0,0.0,0.0,0.0,0.0,0.0,0.0,0.0,0.0,0.0,0.0,0.0,0.0,0.0,0.0,0.0,0.0,0.0,0.0,0.0,0.0,0.0,0.0,0.0,0.0,0.0,0.0,0.0,0.0,0.0,0.0,0.0,0.0,0.0,0.0,0.0,3.74
2011-12-13,0.0,0.0,0.0,0.0,0.0,0.0,0.0,0.0,0.0,0.0,0.0,0.0,0.0,0.0,0.0,0.0,0.0,0.0,0.0,0.0,0.0,0.0,0.0,0.0,0.0,0.0,0.0,0.0,0.0,0.0,0.0,0.0,0.0,0.0,0.0,0.0,0.0,3.7
2011-12-14,0.0,0.0,0.0,0.0,0.0,0.0,0.0,0.0,0.0,0.0,0.0,0.0,0.0,0.0,0.0,0.0,0.0,0.0,0.0,0.0,0.0,0.0,0.0,0.0,0.0,0.0,0.0,0.0,0.0,0.0,0.0,0.0,0.0,0.0,0.0,0.0,0.0,3.7
2011-12-15,0.0,0.0,0.0,0.0,0.0,0.0,0.0,0.0,0.0,0.0,0.0,0.0,0.0,0.0,0.0,0.0,0.0,0.0,0.0,0.0,0.0,0.0,0.0,0.0,0.0,0.0,0.0,0.0,0.0,0.0,0.0,0.0,0.0,0.0,0.0,0.0,0.0,3.68
2011-12-16,0.0,0.0,0.0,0.0,0.0,0.0,0.0,0.0,0.0,0.0,0.0,0.0,0.0,0.0,0.0,0.0,0.0,0.0,0.0,0.0,0.0,0.0,0.0,0.0,0.0,0.0,0.0,0.0,0.0,0.0,0.0,0.0,0.0,0.0,0.0,0.0,0.0,3.96
2011-12-19,0.0,0.0,0.0,0.0,0.0,0.0,0.0,0.0,0.0,0.0,0.0,0.0,0.0,0.0,0.0,0.0,0.0,0.0,0.0,0.0,0.0,0.0,0.0,0.0,0.0,0.0,0.0,0.0,0.0,0.0,0.0,0.0,0.0,0.0,0.0,0.0,0.0,4.02
2011-12-20,0.0,0.0,0.0,0.0,0.0,0.0,0.0,0.0,0.0,0.0,0.0,0.0,0.0,0.0,0.0,0.0,0.0,0.0,0.0,0.0,0.0,0.0,0.0,0.0,0.0,0.0,0.0,0.0,0.0,0.0,0.0,0.0,0.0,0.0,0.0,0.0,0.0,4.35
2011-12-21,0.0,0.0,0.0,0.0,0.0,0.0,0.0,0.0,0.0,0.0,0.0,0.0,0.0,0.0,0.0,0.0,0.0,0.0,0.0,0.0,0.0,0.0,0.0,0.0,0.0,0.0,0.0,0.0,0.0,0.0,0.0,0.0,0.0,0.0,0.0,0.0,0.0,4.23
2011-12-22,0.0,0.0,0.0,0.0,0.0,0.0,0.0,0.0,0.0,0.0,0.0,0.0,0.0,0.0,0.0,0.0,0.0,0.0,0.0,0.0,0.0,0.0,0.0,0.0,0.0,0.0,0.0,0.0,0.0,0.0,0.0,0.0,0.0,0.0,0.0,0.0,0.0,4.6
2011-12-23,0.0,0.0,0.0,0.0,0.0,0.0,0.0,0.0,0.0,0.0,0.0,0.0,0.0,0.0,0.0,0.0,0.0,0.0,0.0,0.0,0.0,0.0,0.0,0.0,0.0,0.0,0.0,0.0,0.0,0.0,0.0,0.0,0.0,0.0,0.0,0.0,0.0,4.4
2011-12-27,0.0,0.0,0.0,0.0,0.0,0.0,0.0,0.0,0.0,0.0,0.0,0.0,0.0,0.0,0.0,0.0,0.0,0.0,0.0,0.0,0.0,0.0,0.0,0.0,0.0,0.0,0.0,0.0,0.0,0.0,0.0,0.0,0.0,0.0,0.0,0.0,0.0,4.35
2011-12-28,0.0,0.0,0.0,0.0,0.0,0.0,0.0,0.0,0.0,0.0,0.0,0.0,0.0,0.0,0.0,0.0,0.0,0.0,0.0,0.0,0.0,0.0,0.0,0.0,0.0,0.0,0.0,0.0,0.0,0.0,0.0,0.0,0.0,0.0,0.0,0.0,0.0,4.29
2011-12-29,0.0,0.0,0.0,0.0,0.0,0.0,0.0,0.0,0.0,0.0,0.0,0.0,0.0,0.0,0.0,0.0,0.0,0.0,0.0,0.0,0.0,0.0,0.0,0.0,0.0,0.0,0.0,0.0,0.0,0.0,0.0,0.0,0.0,0.0,0.0,0.0,0.0,4.2
2011-12-30,0.0,0.0,0.0,0.0,0.0,0.0,0.0,0.0,0.0,0.0,0.0,0.0,0.0,0.0,0.0,0.0,0.0,0.0,0.0,0.0,0.0,0.0,0.0,0.0,0.0,0.0,0.0,0.0,0.0,0.0,0.0,0.0,0.0,0.0,0.0,0.0,0.0,4.2
2012-01-02,0.0,0.0,0.0,0.0,0.0,0.0,0.0,0.0,0.0,0.0,0.0,0.0,0.0,0.0,0.0,0.0,0.0,0.0,0.0,0.0,0.0,0.0,0.0,0.0,0.0,0.0,0.0,0.0,0.0,0.0,0.0,0.0,0.0,0.0,0.0,0.0,0.0,4.16
2012-01-03,0.0,0.0,0.0,0.0,0.0,0.0,0.0,0.0,0.0,0.0,0.0,0.0,0.0,0.0,0.0,0.0,0.0,0.0,0.0,0.0,0.0,0.0,0.0,0.0,0.0,0.0,0.0,0.0,0.0,0.0,0.0,0.0,0.0,0.0,0.0,0.0,0.0,4.15
2012-01-04,0.0,0.0,0.0,0.0,0.0,0.0,0.0,0.0,0.0,0.0,0.0,0.0,0.0,0.0,0.0,0.0,0.0,0.0,0.0,0.0,0.0,0.0,0.0,0.0,0.0,0.0,0.0,0.0,0.0,0.0,0.0,0.0,0.0,0.0,0.0,0.0,0.0,4.25
2012-01-05,0.0,0.0,0.0,0.0,0.0,0.0,0.0,0.0,0.0,0.0,0.0,0.0,0.0,0.0,0.0,0.0,0.0,0.0,0.0,0.0,0.0,0.0,0.0,0.0,0.0,0.0,0.0,0.0,0.0,0.0,0.0,0.0,0.0,0.0,0.0,0.0,0.0,4.2
2012-01-06,0.0,0.0,0.0,0.0,0.0,0.0,0.0,0.0,0.0,0.0,0.0,0.0,0.0,0.0,0.0,0.0,0.0,0.0,0.0,0.0,0.0,0.0,0.0,0.0,0.0,0.0,0.0,0.0,0.0,0.0,0.0,0.0,0.0,0.0,0.0,0.0,0.0,4.3
2012-01-09,0.0,0.0,0.0,0.0,0.0,0.0,0.0,0.0,0.0,0.0,0.0,0.0,0.0,0.0,0.0,0.0,0.0,0.0,0.0,0.0,0.0,0.0,0.0,0.0,0.0,0.0,0.0,0.0,0.0,0.0,0.0,0.0,0.0,0.0,0.0,0.0,0.0,4.3
2012-01-10,0.0,0.0,0.0,0.0,0.0,0.0,0.0,0.0,0.0,0.0,0.0,0.0,0.0,0.0,0.0,0.0,0.0,0.0,0.0,0.0,0.0,0.0,0.0,0.0,0.0,0.0,0.0,0.0,0.0,0.0,0.0,0.0,0.0,0.0,0.0,0.0,0.0,4.1
2012-01-11,0.0,0.0,0.0,0.0,0.0,0.0,0.0,0.0,0.0,0.0,0.0,0.0,0.0,0.0,0.0,0.0,0.0,0.0,0.0,0.0,0.0,0.0,0.0,0.0,0.0,0.0,0.0,0.0,0.0,0.0,0.0,0.0,0.0,0.0,0.0,0.0,0.0,4.16
2012-01-12,0.0,0.0,0.0,0.0,0.0,0.0,0.0,0.0,0.0,0.0,0.0,0.0,0.0,0.0,0.0,0.0,0.0,0.0,0.0,0.0,0.0,0.0,0.0,0.0,0.0,0.0,0.0,0.0,0.0,0.0,0.0,0.0,0.0,0.0,0.0,0.0,0.0,4.19
2012-01-13,0.0,0.0,0.0,0.0,0.0,0.0,0.0,0.0,0.0,0.0,0.0,0.0,0.0,0.0,0.0,0.0,0.0,0.0,0.0,0.0,0.0,0.0,0.0,0.0,0.0,0.0,0.0,0.0,0.0,0.0,0.0,0.0,0.0,0.0,0.0,0.0,0.0,4.4
2012-01-16,0.0,0.0,0.0,0.0,0.0,0.0,0.0,0.0,0.0,0.0,0.0,0.0,0.0,0.0,0.0,0.0,0.0,0.0,0.0,0.0,0.0,0.0,0.0,0.0,0.0,0.0,0.0,0.0,0.0,0.0,0.0,0.0,0.0,0.0,0.0,0.0,0.0,4.25
2012-01-17,0.0,0.0,0.0,0.0,0.0,0.0,0.0,0.0,0.0,0.0,0.0,0.0,0.0,0.0,0.0,0.0,0.0,0.0,0.0,0.0,0.0,0.0,0.0,0.0,0.0,0.0,0.0,0.0,0.0,0.0,0.0,0.0,0.0,0.0,0.0,0.0,0.0,4.45
2012-01-18,0.0,0.0,0.0,0.0,0.0,0.0,0.0,0.0,0.0,0.0,0.0,0.0,0.0,0.0,0.0,0.0,0.0,0.0,0.0,0.0,0.0,0.0,0.0,0.0,0.0,0.0,0.0,0.0,0.0,0.0,0.0,0.0,0.0,0.0,0.0,0.0,0.0,4.75
2012-01-19,0.0,0.0,0.0,0.0,0.0,0.0,0.0,0.0,0.0,0.0,0.0,0.0,0.0,0.0,0.0,0.0,0.0,0.0,0.0,0.0,0.0,0.0,0.0,0.0,0.0,0.0,0.0,0.0,0.0,0.0,0.0,0.0,0.0,0.0,0.0,0.0,0.0,4.89
2012-01-20,0.0,0.0,0.0,0.0,0.0,0.0,0.0,0.0,0.0,0.0,0.0,0.0,0.0,0.0,0.0,0.0,0.0,0.0,0.0,0.0,0.0,0.0,0.0,0.0,0.0,0.0,0.0,0.0,0.0,0.0,0.0,0.0,0.0,0.0,0.0,0.0,0.0,4.75
2012-01-23,0.0,0.0,0.0,0.0,0.0,0.0,0.0,0.0,0.0,0.0,0.0,0.0,0.0,0.0,0.0,0.0,0.0,0.0,0.0,0.0,0.0,0.0,0.0,0.0,0.0,0.0,0.0,0.0,0.0,0.0,0.0,0.0,0.0,0.0,0.0,0.0,0.0,4.69
2012-01-24,0.0,0.0,0.0,0.0,0.0,0.0,0.0,0.0,0.0,0.0,0.0,0.0,0.0,0.0,0.0,0.0,0.0,0.0,0.0,0.0,0.0,0.0,0.0,0.0,0.0,0.0,0.0,0.0,0.0,0.0,0.0,0.0,0.0,0.0,0.0,0.0,0.0,4.8
2012-01-25,0.0,0.0,0.0,0.0,0.0,0.0,0.0,0.0,0.0,0.0,0.0,0.0,0.0,0.0,0.0,0.0,0.0,0.0,0.0,0.0,0.0,0.0,0.0,0.0,0.0,0.0,0.0,0.0,0.0,0.0,0.0,0.0,0.0,0.0,0.0,0.0,0.0,5.0
2012-01-26,0.0,0.0,0.0,0.0,0.0,0.0,0.0,0.0,0.0,0.0,0.0,0.0,0.0,0.0,0.0,0.0,0.0,0.0,0.0,0.0,0.0,0.0,0.0,0.0,0.0,0.0,0.0,0.0,0.0,0.0,0.0,0.0,0.0,0.0,0.0,0.0,0.0,4.91
2012-01-27,0.0,0.0,0.0,0.0,0.0,0.0,0.0,0.0,0.0,0.0,0.0,0.0,0.0,0.0,0.0,0.0,0.0,0.0,0.0,0.0,0.0,0.0,0.0,0.0,0.0,0.0,0.0,0.0,0.0,0.0,0.0,0.0,0.0,0.0,0.0,0.0,0.0,4.8
2012-01-30,0.0,0.0,0.0,0.0,0.0,0.0,0.0,0.0,0.0,0.0,0.0,0.0,0.0,0.0,0.0,0.0,0.0,0.0,0.0,0.0,0.0,0.0,0.0,0.0,0.0,0.0,0.0,0.0,0.0,0.0,0.0,0.0,0.0,0.0,0.0,0.0,0.0,4.9
2012-01-31,0.0,0.0,0.0,0.0,0.0,0.0,0.0,0.0,0.0,0.0,0.0,0.0,0.0,0.0,0.0,0.0,0.0,0.0,0.0,0.0,0.0,0.0,0.0,0.0,0.0,0.0,0.0,0.0,0.0,0.0,0.0,0.0,0.0,0.0,0.0,0.0,0.0,4.81
2012-02-01,0.0,0.0,0.0,0.0,0.0,0.0,0.0,0.0,0.0,0.0,0.0,0.0,0.0,0.0,0.0,0.0,0.0,0.0,0.0,0.0,0.0,0.0,0.0,0.0,0.0,0.0,0.0,0.0,0.0,0.0,0.0,0.0,0.0,0.0,0.0,0.0,0.0,4.75
2012-02-02,0.0,0.0,0.0,0.0,0.0,0.0,0.0,0.0,0.0,0.0,0.0,0.0,0.0,0.0,0.0,0.0,0.0,0.0,0.0,0.0,0.0,0.0,0.0,0.0,0.0,0.0,0.0,0.0,0.0,0.0,0.0,0.0,0.0,0.0,0.0,0.0,0.0,4.76
2012-02-03,0.0,0.0,0.0,0.0,0.0,0.0,0.0,0.0,0.0,0.0,0.0,0.0,0.0,0.0,0.0,0.0,0.0,0.0,0.0,0.0,0.0,0.0,0.0,0.0,0.0,0.0,0.0,0.0,0.0,0.0,0.0,0.0,0.0,0.0,0.0,0.0,0.0,4.79
2012-02-06,0.0,0.0,0.0,0.0,0.0,0.0,0.0,0.0,0.0,0.0,0.0,0.0,0.0,0.0,0.0,0.0,0.0,0.0,0.0,0.0,0.0,0.0,0.0,0.0,0.0,0.0,0.0,0.0,0.0,0.0,0.0,0.0,0.0,0.0,0.0,0.0,0.0,4.7
2012-02-07,0.0,0.0,0.0,0.0,0.0,0.0,0.0,0.0,0.0,0.0,0.0,0.0,0.0,0.0,0.0,0.0,0.0,0.0,0.0,0.0,0.0,0.0,0.0,0.0,0.0,0.0,0.0,0.0,0.0,0.0,0.0,0.0,0.0,0.0,0.0,0.0,0.0,4.7
2012-02-08,0.0,0.0,0.0,0.0,0.0,0.0,0.0,0.0,0.0,0.0,0.0,0.0,0.0,0.0,0.0,0.0,0.0,0.0,0.0,0.0,0.0,0.0,0.0,0.0,0.0,0.0,0.0,0.0,0.0,0.0,0.0,0.0,0.0,0.0,0.0,0.0,0.0,4.9
2012-02-09,0.0,0.0,0.0,0.0,0.0,0.0,0.0,0.0,0.0,0.0,0.0,0.0,0.0,0.0,0.0,0.0,0.0,0.0,0.0,0.0,0.0,0.0,0.0,0.0,0.0,0.0,0.0,0.0,0.0,0.0,0.0,0.0,0.0,0.0,0.0,0.0,0.0,4.9
2012-02-10,0.0,0.0,0.0,0.0,0.0,0.0,0.0,0.0,0.0,0.0,0.0,0.0,0.0,0.0,0.0,0.0,0.0,0.0,0.0,0.0,0.0,0.0,0.0,0.0,0.0,0.0,0.0,0.0,0.0,0.0,0.0,0.0,0.0,0.0,0.0,0.0,0.0,4.9
2012-02-13,0.0,0.0,0.0,0.0,0.0,0.0,0.0,0.0,0.0,0.0,0.0,0.0,0.0,0.0,0.0,0.0,0.0,0.0,0.0,0.0,0.0,0.0,0.0,0.0,0.0,0.0,0.0,0.0,0.0,0.0,0.0,0.0,0.0,0.0,0.0,0.0,0.0,4.9
2012-02-14,0.0,0.0,0.0,0.0,0.0,0.0,0.0,0.0,0.0,0.0,0.0,0.0,0.0,0.0,0.0,0.0,0.0,0.0,0.0,0.0,0.0,0.0,0.0,0.0,0.0,0.0,0.0,0.0,0.0,0.0,0.0,0.0,0.0,0.0,0.0,0.0,0.0,4.95
2012-02-15,0.0,0.0,0.0,0.0,0.0,0.0,0.0,0.0,0.0,0.0,0.0,0.0,0.0,0.0,0.0,0.0,0.0,0.0,0.0,0.0,0.0,0.0,0.0,0.0,0.0,0.0,0.0,0.0,0.0,0.0,0.0,0.0,0.0,0.0,0.0,0.0,0.0,4.9
2012-02-16,0.0,0.0,0.0,0.0,0.0,0.0,0.0,0.0,0.0,0.0,0.0,0.0,0.0,0.0,0.0,0.0,0.0,0.0,0.0,0.0,0.0,0.0,0.0,0.0,0.0,0.0,0.0,0.0,0.0,0.0,0.0,0.0,0.0,0.0,0.0,0.0,0.0,4.76
2012-02-17,0.0,0.0,0.0,0.0,0.0,0.0,0.0,0.0,0.0,0.0,0.0,0.0,0.0,0.0,0.0,0.0,0.0,0.0,0.0,0.0,0.0,0.0,0.0,0.0,0.0,0.0,0.0,0.0,0.0,0.0,0.0,0.0,0.0,0.0,0.0,0.0,0.0,4.72
2012-02-20,0.0,0.0,0.0,0.0,0.0,0.0,0.0,0.0,0.0,0.0,0.0,0.0,0.0,0.0,0.0,0.0,0.0,0.0,0.0,0.0,0.0,0.0,0.0,0.0,0.0,0.0,0.0,0.0,0.0,0.0,0.0,0.0,0.0,0.0,0.0,0.0,0.0,4.6
2012-02-21,0.0,0.0,0.0,0.0,0.0,0.0,0.0,0.0,0.0,0.0,0.0,0.0,0.0,0.0,0.0,0.0,0.0,0.0,0.0,0.0,0.0,0.0,0.0,0.0,0.0,0.0,0.0,0.0,0.0,0.0,0.0,0.0,0.0,0.0,0.0,0.0,0.0,4.52
2012-02-22,0.0,0.0,0.0,0.0,0.0,0.0,0.0,0.0,0.0,0.0,0.0,0.0,0.0,0.0,0.0,0.0,0.0,0.0,0.0,0.0,0.0,0.0,0.0,0.0,0.0,0.0,0.0,0.0,0.0,0.0,0.0,0.0,0.0,0.0,0.0,0.0,0.0,4.5
2012-02-23,0.0,0.0,0.0,0.0,0.0,0.0,0.0,0.0,0.0,0.0,0.0,0.0,0.0,0.0,0.0,0.0,0.0,0.0,0.0,0.0,0.0,0.0,0.0,0.0,0.0,0.0,0.0,0.0,0.0,0.0,0.0,0.0,0.0,0.0,0.0,0.0,0.0,4.4
2012-02-24,0.0,0.0,0.0,0.0,0.0,0.0,0.0,0.0,0.0,0.0,0.0,0.0,0.0,0.0,0.0,0.0,0.0,0.0,0.0,0.0,0.0,0.0,0.0,0.0,0.0,0.0,0.0,0.0,0.0,0.0,0.0,0.0,0.0,0.0,0.0,0.0,0.0,4.4
2012-02-27,0.0,0.0,0.0,0.0,0.0,0.0,0.0,0.0,0.0,0.0,0.0,0.0,0.0,0.0,0.0,0.0,0.0,0.0,0.0,0.0,0.0,0.0,0.0,0.0,0.0,0.0,0.0,0.0,0.0,0.0,0.0,0.0,0.0,0.0,0.0,0.0,0.0,4.4
2012-02-28,0.0,0.0,0.0,0.0,0.0,0.0,0.0,0.0,0.0,0.0,0.0,0.0,0.0,0.0,0.0,0.0,0.0,0.0,0.0,0.0,0.0,0.0,0.0,0.0,0.0,0.0,0.0,0.0,0.0,0.0,0.0,0.0,0.0,0.0,0.0,0.0,0.0,4.3
2012-02-29,0.0,0.0,0.0,0.0,0.0,0.0,0.0,0.0,0.0,0.0,0.0,0.0,0.0,0.0,0.0,0.0,0.0,0.0,0.0,0.0,0.0,0.0,0.0,0.0,0.0,0.0,0.0,0.0,0.0,0.0,0.0,0.0,0.0,0.0,0.0,0.0,0.0,4.35
2012-03-01,0.0,0.0,0.0,0.0,0.0,0.0,0.0,0.0,0.0,0.0,0.0,0.0,0.0,0.0,0.0,0.0,0.0,0.0,0.0,0.0,0.0,0.0,0.0,0.0,0.0,0.0,0.0,0.0,0.0,0.0,0.0,0.0,0.0,0.0,0.0,0.0,0.0,4.45
2012-03-02,0.0,0.0,0.0,0.0,0.0,0.0,0.0,0.0,0.0,0.0,0.0,0.0,0.0,0.0,0.0,0.0,0.0,0.0,0.0,0.0,0.0,0.0,0.0,0.0,0.0,0.0,0.0,0.0,0.0,0.0,0.0,0.0,0.0,0.0,0.0,0.0,0.0,4.55
2012-03-05,0.0,0.0,0.0,0.0,0.0,0.0,0.0,0.0,0.0,0.0,0.0,0.0,0.0,0.0,0.0,0.0,0.0,0.0,0.0,0.0,0.0,0.0,0.0,0.0,0.0,0.0,0.0,0.0,0.0,0.0,0.0,0.0,0.0,0.0,0.0,0.0,0.0,4.4
2012-03-06,0.0,0.0,0.0,0.0,0.0,0.0,0.0,0.0,0.0,0.0,0.0,0.0,0.0,0.0,0.0,0.0,0.0,0.0,0.0,0.0,0.0,0.0,0.0,0.0,0.0,0.0,0.0,0.0,0.0,0.0,0.0,0.0,0.0,0.0,0.0,0.0,0.0,4.5
2012-03-07,0.0,0.0,0.0,0.0,0.0,0.0,0.0,0.0,0.0,0.0,0.0,0.0,0.0,0.0,0.0,0.0,0.0,0.0,0.0,0.0,0.0,0.0,0.0,0.0,0.0,0.0,0.0,0.0,0.0,0.0,0.0,0.0,0.0,0.0,0.0,0.0,0.0,4.45
2012-03-08,0.0,0.0,0.0,0.0,0.0,0.0,0.0,0.0,0.0,0.0,0.0,0.0,0.0,0.0,0.0,0.0,0.0,0.0,0.0,0.0,0.0,0.0,0.0,0.0,0.0,0.0,0.0,0.0,0.0,0.0,0.0,0.0,0.0,0.0,0.0,0.0,0.0,4.52
2012-03-09,0.0,0.0,0.0,0.0,0.0,0.0,0.0,0.0,0.0,0.0,0.0,0.0,0.0,0.0,0.0,0.0,0.0,0.0,0.0,0.0,0.0,0.0,0.0,0.0,0.0,0.0,0.0,0.0,0.0,0.0,0.0,0.0,0.0,0.0,0.0,0.0,0.0,4.4
2012-03-12,0.0,0.0,0.0,0.0,0.0,0.0,0.0,0.0,0.0,0.0,0.0,0.0,0.0,0.0,0.0,0.0,0.0,0.0,0.0,0.0,0.0,0.0,0.0,0.0,0.0,0.0,0.0,0.0,0.0,0.0,0.0,0.0,0.0,0.0,0.0,0.0,0.0,4.4
2012-03-13,0.0,0.0,0.0,0.0,0.0,0.0,0.0,0.0,0.0,0.0,0.0,0.0,0.0,0.0,0.0,0.0,0.0,0.0,0.0,0.0,0.0,0.0,0.0,0.0,0.0,0.0,0.0,0.0,0.0,0.0,0.0,0.0,0.0,0.0,0.0,0.0,0.0,4.38
2012-03-14,0.0,0.0,0.0,0.0,0.0,0.0,0.0,0.0,0.0,0.0,0.0,0.0,0.0,0.0,0.0,0.0,0.0,0.0,0.0,0.0,0.0,0.0,0.0,0.0,0.0,0.0,0.0,0.0,0.0,0.0,0.0,0.0,0.0,0.0,0.0,0.0,0.0,4.38
2012-03-15,0.0,0.0,0.0,0.0,0.0,0.0,0.0,0.0,0.0,0.0,0.0,0.0,0.0,0.0,0.0,0.0,0.0,0.0,0.0,0.0,0.0,0.0,0.0,0.0,0.0,0.0,0.0,0.0,0.0,0.0,0.0,0.0,0.0,0.0,0.0,0.0,0.0,4.38
2012-03-16,0.0,0.0,0.0,0.0,0.0,0.0,0.0,0.0,0.0,0.0,0.0,0.0,0.0,0.0,0.0,0.0,0.0,0.0,0.0,0.0,0.0,0.0,0.0,0.0,0.0,0.0,0.0,0.0,0.0,0.0,0.0,0.0,0.0,0.0,0.0,0.0,0.0,4.55
2012-03-19,0.0,0.0,0.0,0.0,0.0,0.0,0.0,0.0,0.0,0.0,0.0,0.0,0.0,0.0,0.0,0.0,0.0,0.0,0.0,0.0,0.0,0.0,0.0,0.0,0.0,0.0,0.0,0.0,0.0,0.0,0.0,0.0,0.0,0.0,0.0,0.0,0.0,4.75
2012-03-20,0.0,0.0,0.0,0.0,0.0,0.0,0.0,0.0,0.0,0.0,0.0,0.0,0.0,0.0,0.0,0.0,0.0,0.0,0.0,0.0,0.0,0.0,0.0,0.0,0.0,0.0,0.0,0.0,0.0,0.0,0.0,0.0,0.0,0.0,0.0,0.0,0.0,4.75
2012-03-21,0.0,0.0,0.0,0.0,0.0,0.0,0.0,0.0,0.0,0.0,0.0,0.0,0.0,0.0,0.0,0.0,0.0,0.0,0.0,0.0,0.0,0.0,0.0,0.0,0.0,0.0,0.0,0.0,0.0,0.0,0.0,0.0,0.0,0.0,0.0,0.0,0.0,4.99
2012-03-22,0.0,0.0,0.0,0.0,0.0,0.0,0.0,0.0,0.0,0.0,0.0,0.0,0.0,0.0,0.0,0.0,0.0,0.0,0.0,0.0,0.0,0.0,0.0,0.0,0.0,0.0,0.0,0.0,0.0,0.0,0.0,0.0,0.0,0.0,0.0,0.0,0.0,4.7
2012-03-23,0.0,0.0,0.0,0.0,0.0,0.0,0.0,0.0,0.0,0.0,0.0,0.0,0.0,0.0,0.0,0.0,0.0,0.0,0.0,0.0,0.0,0.0,0.0,0.0,0.0,0.0,0.0,0.0,0.0,0.0,0.0,0.0,0.0,0.0,0.0,0.0,0.0,4.74
2012-03-26,0.0,0.0,0.0,0.0,0.0,0.0,0.0,0.0,0.0,0.0,0.0,0.0,0.0,0.0,0.0,0.0,0.0,0.0,0.0,0.0,0.0,0.0,0.0,0.0,0.0,0.0,0.0,0.0,0.0,0.0,0.0,0.0,0.0,0.0,0.0,0.0,0.0,4.9
2012-03-27,0.0,0.0,0.0,0.0,0.0,0.0,0.0,0.0,0.0,0.0,0.0,0.0,0.0,0.0,0.0,0.0,0.0,0.0,0.0,0.0,0.0,0.0,0.0,0.0,0.0,0.0,0.0,0.0,0.0,0.0,0.0,0.0,0.0,0.0,0.0,0.0,0.0,5.0
2012-03-28,0.0,0.0,0.0,0.0,0.0,0.0,0.0,0.0,0.0,0.0,0.0,0.0,0.0,0.0,0.0,0.0,0.0,0.0,0.0,0.0,0.0,0.0,0.0,0.0,0.0,0.0,0.0,0.0,0.0,0.0,0.0,0.0,0.0,0.0,0.0,0.0,0.0,4.85
2012-03-29,0.0,0.0,0.0,0.0,0.0,0.0,0.0,0.0,0.0,0.0,0.0,0.0,0.0,0.0,0.0,0.0,0.0,0.0,0.0,0.0,0.0,0.0,0.0,0.0,0.0,0.0,0.0,0.0,0.0,0.0,0.0,0.0,0.0,0.0,0.0,0.0,0.0,4.85
2012-03-30,0.0,0.0,0.0,0.0,0.0,0.0,0.0,0.0,0.0,0.0,0.0,0.0,0.0,0.0,0.0,0.0,0.0,0.0,0.0,0.0,0.0,0.0,0.0,0.0,0.0,0.0,0.0,0.0,0.0,0.0,0.0,0.0,0.0,0.0,0.0,0.0,0.0,4.85
2012-04-02,0.0,0.0,0.0,0.0,0.0,0.0,0.0,0.0,0.0,0.0,0.0,0.0,0.0,0.0,0.0,0.0,0.0,0.0,0.0,0.0,0.0,0.0,0.0,0.0,0.0,0.0,0.0,0.0,0.0,0.0,0.0,0.0,0.0,0.0,0.0,0.0,0.0,4.82
2012-04-03,0.0,0.0,0.0,0.0,0.0,0.0,0.0,0.0,0.0,0.0,0.0,0.0,0.0,0.0,0.0,0.0,0.0,0.0,0.0,0.0,0.0,0.0,0.0,0.0,0.0,0.0,0.0,0.0,0.0,0.0,0.0,0.0,0.0,0.0,0.0,0.0,0.0,4.77
2012-04-04,0.0,0.0,0.0,0.0,0.0,0.0,0.0,0.0,0.0,0.0,0.0,0.0,0.0,0.0,0.0,0.0,0.0,0.0,0.0,0.0,0.0,0.0,0.0,0.0,0.0,0.0,0.0,0.0,0.0,0.0,0.0,0.0,0.0,0.0,0.0,0.0,0.0,4.65
2012-04-05,0.0,0.0,0.0,0.0,0.0,0.0,0.0,0.0,0.0,0.0,0.0,0.0,0.0,0.0,0.0,0.0,0.0,0.0,0.0,0.0,0.0,0.0,0.0,0.0,0.0,0.0,0.0,0.0,0.0,0.0,0.0,0.0,0.0,0.0,0.0,0.0,0.0,4.55
2012-04-10,0.0,0.0,0.0,0.0,0.0,0.0,0.0,0.0,0.0,0.0,0.0,0.0,0.0,0.0,0.0,0.0,0.0,0.0,0.0,0.0,0.0,0.0,0.0,0.0,0.0,0.0,0.0,0.0,0.0,0.0,0.0,0.0,0.0,0.0,0.0,0.0,0.0,4.55
2012-04-11,0.0,0.0,0.0,0.0,0.0,0.0,0.0,0.0,0.0,0.0,0.0,0.0,0.0,0.0,0.0,0.0,0.0,0.0,0.0,0.0,0.0,0.0,0.0,0.0,0.0,0.0,0.0,0.0,0.0,0.0,0.0,0.0,0.0,0.0,0.0,0.0,0.0,4.55
2012-04-12,0.0,0.0,0.0,0.0,0.0,0.0,0.0,0.0,0.0,0.0,0.0,0.0,0.0,0.0,0.0,0.0,0.0,0.0,0.0,0.0,0.0,0.0,0.0,0.0,0.0,0.0,0.0,0.0,0.0,0.0,0.0,0.0,0.0,0.0,0.0,0.0,0.0,4.55
2012-04-13,0.0,0.0,0.0,0.0,0.0,0.0,0.0,0.0,0.0,0.0,0.0,0.0,0.0,0.0,0.0,0.0,0.0,0.0,0.0,0.0,0.0,0.0,0.0,0.0,0.0,0.0,0.0,0.0,0.0,0.0,0.0,0.0,0.0,0.0,0.0,0.0,0.0,4.45
2012-04-16,0.0,0.0,0.0,0.0,0.0,0.0,0.0,0.0,0.0,0.0,0.0,0.0,0.0,0.0,0.0,0.0,0.0,0.0,0.0,0.0,0.0,0.0,0.0,0.0,0.0,0.0,0.0,0.0,0.0,0.0,0.0,0.0,0.0,0.0,0.0,0.0,0.0,4.35
2012-04-17,0.0,0.0,0.0,0.0,0.0,0.0,0.0,0.0,0.0,0.0,0.0,0.0,0.0,0.0,0.0,0.0,0.0,0.0,0.0,0.0,0.0,0.0,0.0,0.0,0.0,0.0,0.0,0.0,0.0,0.0,0.0,0.0,0.0,0.0,0.0,0.0,0.0,4.35
2012-04-18,0.0,0.0,0.0,0.0,0.0,0.0,0.0,0.0,0.0,0.0,0.0,0.0,0.0,0.0,0.0,0.0,0.0,0.0,0.0,0.0,0.0,0.0,0.0,0.0,0.0,0.0,0.0,0.0,0.0,0.0,0.0,0.0,0.0,0.0,0.0,0.0,0.0,4.35
2012-04-19,0.0,0.0,0.0,0.0,0.0,0.0,0.0,0.0,0.0,0.0,0.0,0.0,0.0,0.0,0.0,0.0,0.0,0.0,0.0,0.0,0.0,0.0,0.0,0.0,0.0,0.0,0.0,0.0,0.0,0.0,0.0,0.0,0.0,0.0,0.0,0.0,0.0,4.35
2012-04-20,0.0,0.0,0.0,0.0,0.0,0.0,0.0,0.0,0.0,0.0,0.0,0.0,0.0,0.0,0.0,0.0,0.0,0.0,0.0,0.0,0.0,0.0,0.0,0.0,0.0,0.0,0.0,0.0,0.0,0.0,0.0,0.0,0.0,0.0,0.0,0.0,0.0,4.2
2012-04-23,0.0,0.0,0.0,0.0,0.0,0.0,0.0,0.0,0.0,0.0,0.0,0.0,0.0,0.0,0.0,0.0,0.0,0.0,0.0,0.0,0.0,0.0,0.0,0.0,0.0,0.0,0.0,0.0,0.0,0.0,0.0,0.0,0.0,0.0,0.0,0.0,0.0,3.95
2012-04-24,0.0,0.0,0.0,0.0,0.0,0.0,0.0,0.0,0.0,0.0,0.0,0.0,0.0,0.0,0.0,0.0,0.0,0.0,0.0,0.0,0.0,0.0,0.0,0.0,0.0,0.0,0.0,0.0,0.0,0.0,0.0,0.0,0.0,0.0,0.0,0.0,0.0,4.1
2012-04-25,0.0,0.0,0.0,0.0,0.0,0.0,0.0,0.0,0.0,0.0,0.0,0.0,0.0,0.0,0.0,0.0,0.0,0.0,0.0,0.0,0.0,0.0,0.0,0.0,0.0,0.0,0.0,0.0,0.0,0.0,0.0,0.0,0.0,0.0,0.0,0.0,0.0,3.95
2012-04-26,0.0,0.0,0.0,0.0,0.0,0.0,0.0,0.0,0.0,0.0,0.0,0.0,0.0,0.0,0.0,0.0,0.0,0.0,0.0,0.0,0.0,0.0,0.0,0.0,0.0,0.0,0.0,0.0,0.0,0.0,0.0,0.0,0.0,0.0,0.0,0.0,0.0,3.78
2012-04-27,0.0,0.0,0.0,0.0,0.0,0.0,0.0,0.0,0.0,0.0,0.0,0.0,0.0,0.0,0.0,0.0,0.0,0.0,0.0,0.0,0.0,0.0,0.0,0.0,0.0,0.0,0.0,0.0,0.0,0.0,0.0,0.0,0.0,0.0,0.0,0.0,0.0,3.79
2012-04-30,0.0,0.0,0.0,0.0,0.0,0.0,0.0,0.0,0.0,0.0,0.0,0.0,0.0,0.0,0.0,0.0,0.0,0.0,0.0,0.0,0.0,0.0,0.0,0.0,0.0,0.0,0.0,0.0,0.0,0.0,0.0,0.0,0.0,0.0,0.0,0.0,0.0,3.6
2012-05-02,0.0,0.0,0.0,0.0,0.0,0.0,0.0,0.0,0.0,0.0,0.0,0.0,0.0,0.0,0.0,0.0,0.0,0.0,0.0,0.0,0.0,0.0,0.0,0.0,0.0,0.0,0.0,0.0,0.0,0.0,0.0,0.0,0.0,0.0,0.0,0.0,0.0,3.7
2012-05-03,0.0,0.0,0.0,0.0,0.0,0.0,0.0,0.0,0.0,0.0,0.0,0.0,0.0,0.0,0.0,0.0,0.0,0.0,0.0,0.0,0.0,0.0,0.0,0.0,0.0,0.0,0.0,0.0,0.0,0.0,0.0,0.0,0.0,0.0,0.0,0.0,0.0,3.8
2012-05-04,0.0,0.0,0.0,0.0,0.0,0.0,0.0,0.0,0.0,0.0,0.0,0.0,0.0,0.0,0.0,0.0,0.0,0.0,0.0,0.0,0.0,0.0,0.0,0.0,0.0,0.0,0.0,0.0,0.0,0.0,0.0,0.0,0.0,0.0,0.0,0.0,0.0,3.88
2012-05-07,0.0,0.0,0.0,0.0,0.0,0.0,0.0,0.0,0.0,0.0,0.0,0.0,0.0,0.0,0.0,0.0,0.0,0.0,0.0,0.0,0.0,0.0,0.0,0.0,0.0,0.0,0.0,0.0,0.0,0.0,0.0,0.0,0.0,0.0,0.0,0.0,0.0,3.85
2012-05-08,0.0,0.0,0.0,0.0,0.0,0.0,0.0,0.0,0.0,0.0,0.0,0.0,0.0,0.0,0.0,0.0,0.0,0.0,0.0,0.0,0.0,0.0,0.0,0.0,0.0,0.0,0.0,0.0,0.0,0.0,0.0,0.0,0.0,0.0,0.0,0.0,0.0,3.95
2012-05-09,0.0,0.0,0.0,0.0,0.0,0.0,0.0,0.0,0.0,0.0,0.0,0.0,0.0,0.0,0.0,0.0,0.0,0.0,0.0,0.0,0.0,0.0,0.0,0.0,0.0,0.0,0.0,0.0,0.0,0.0,0.0,0.0,0.0,0.0,0.0,0.0,0.0,3.95
2012-05-10,0.0,0.0,0.0,0.0,0.0,0.0,0.0,0.0,0.0,0.0,0.0,0.0,0.0,0.0,0.0,0.0,0.0,0.0,0.0,0.0,0.0,0.0,0.0,0.0,0.0,0.0,0.0,0.0,0.0,0.0,0.0,0.0,0.0,0.0,0.0,0.0,0.0,3.85
2012-05-11,0.0,0.0,0.0,0.0,0.0,0.0,0.0,0.0,0.0,0.0,0.0,0.0,0.0,0.0,0.0,0.0,0.0,0.0,0.0,0.0,0.0,0.0,0.0,0.0,0.0,0.0,0.0,0.0,0.0,0.0,0.0,0.0,0.0,0.0,0.0,0.0,0.0,3.85
2012-05-14,0.0,0.0,0.0,0.0,0.0,0.0,0.0,0.0,0.0,0.0,0.0,0.0,0.0,0.0,0.0,0.0,0.0,0.0,0.0,0.0,0.0,0.0,0.0,0.0,0.0,0.0,0.0,0.0,0.0,0.0,0.0,0.0,0.0,0.0,0.0,0.0,0.0,3.85
2012-05-15,0.0,0.0,0.0,0.0,0.0,0.0,0.0,0.0,0.0,0.0,0.0,0.0,0.0,0.0,0.0,0.0,0.0,0.0,0.0,0.0,0.0,0.0,0.0,0.0,0.0,0.0,0.0,0.0,0.0,0.0,0.0,0.0,0.0,0.0,0.0,0.0,0.0,3.85
2012-05-16,0.0,0.0,0.0,0.0,0.0,0.0,0.0,0.0,0.0,0.0,0.0,0.0,0.0,0.0,0.0,0.0,0.0,0.0,0.0,0.0,0.0,0.0,0.0,0.0,0.0,0.0,0.0,0.0,0.0,0.0,0.0,0.0,0.0,0.0,0.0,0.0,0.0,3.85
2012-05-17,0.0,0.0,0.0,0.0,0.0,0.0,0.0,0.0,0.0,0.0,0.0,0.0,0.0,0.0,0.0,0.0,0.0,0.0,0.0,0.0,0.0,0.0,0.0,0.0,0.0,0.0,0.0,0.0,0.0,0.0,0.0,0.0,0.0,0.0,0.0,0.0,0.0,3.85
2012-05-18,0.0,0.0,0.0,0.0,0.0,0.0,0.0,0.0,0.0,0.0,0.0,0.0,0.0,0.0,0.0,0.0,0.0,0.0,0.0,0.0,0.0,0.0,0.0,0.0,0.0,0.0,0.0,0.0,0.0,0.0,0.0,0.0,0.0,0.0,0.0,0.0,0.0,3.85
2012-05-21,0.0,0.0,0.0,0.0,0.0,0.0,0.0,0.0,0.0,0.0,0.0,0.0,0.0,0.0,0.0,0.0,0.0,0.0,0.0,0.0,0.0,0.0,0.0,0.0,0.0,0.0,0.0,0.0,0.0,0.0,0.0,0.0,0.0,0.0,0.0,0.0,0.0,3.74
2012-05-22,0.0,0.0,0.0,0.0,0.0,0.0,0.0,0.0,0.0,0.0,0.0,0.0,0.0,0.0,0.0,0.0,0.0,0.0,0.0,0.0,0.0,0.0,0.0,0.0,0.0,0.0,0.0,0.0,0.0,0.0,0.0,0.0,0.0,0.0,0.0,0.0,0.0,3.74
2012-05-23,0.0,0.0,0.0,0.0,0.0,0.0,0.0,0.0,0.0,0.0,0.0,0.0,0.0,0.0,0.0,0.0,0.0,0.0,0.0,0.0,0.0,0.0,0.0,0.0,0.0,0.0,0.0,0.0,0.0,0.0,0.0,0.0,0.0,0.0,0.0,0.0,0.0,3.7
2012-05-24,0.0,0.0,0.0,0.0,0.0,0.0,0.0,0.0,0.0,0.0,0.0,0.0,0.0,0.0,0.0,0.0,0.0,0.0,0.0,0.0,0.0,0.0,0.0,0.0,0.0,0.0,0.0,0.0,0.0,0.0,0.0,0.0,0.0,0.0,0.0,0.0,0.0,3.75
2012-05-25,0.0,0.0,0.0,0.0,0.0,0.0,0.0,0.0,0.0,0.0,0.0,0.0,0.0,0.0,0.0,0.0,0.0,0.0,0.0,0.0,0.0,0.0,0.0,0.0,0.0,0.0,0.0,0.0,0.0,0.0,0.0,0.0,0.0,0.0,0.0,0.0,0.0,3.65
2012-05-28,0.0,0.0,0.0,0.0,0.0,0.0,0.0,0.0,0.0,0.0,0.0,0.0,0.0,0.0,0.0,0.0,0.0,0.0,0.0,0.0,0.0,0.0,0.0,0.0,0.0,0.0,0.0,0.0,0.0,0.0,0.0,0.0,0.0,0.0,0.0,0.0,0.0,3.8
2012-05-29,0.0,0.0,0.0,0.0,0.0,0.0,0.0,0.0,0.0,0.0,0.0,0.0,0.0,0.0,0.0,0.0,0.0,0.0,0.0,0.0,0.0,0.0,0.0,0.0,0.0,0.0,0.0,0.0,0.0,0.0,0.0,0.0,0.0,0.0,0.0,0.0,0.0,3.6
2012-05-30,0.0,0.0,0.0,0.0,0.0,0.0,0.0,0.0,0.0,0.0,0.0,0.0,0.0,0.0,0.0,0.0,0.0,0.0,0.0,0.0,0.0,0.0,0.0,0.0,0.0,0.0,0.0,0.0,0.0,0.0,0.0,0.0,0.0,0.0,0.0,0.0,0.0,3.7
2012-05-31,0.0,0.0,0.0,0.0,0.0,0.0,0.0,0.0,0.0,0.0,0.0,0.0,0.0,0.0,0.0,0.0,0.0,0.0,0.0,0.0,0.0,0.0,0.0,0.0,0.0,0.0,0.0,0.0,0.0,0.0,0.0,0.0,0.0,0.0,0.0,0.0,0.0,3.65
2012-06-01,0.0,0.0,0.0,0.0,0.0,0.0,0.0,0.0,0.0,0.0,0.0,0.0,0.0,0.0,0.0,0.0,0.0,0.0,0.0,0.0,0.0,0.0,0.0,0.0,0.0,0.0,0.0,0.0,0.0,0.0,0.0,0.0,0.0,0.0,0.0,0.0,0.0,3.64
2012-06-04,0.0,0.0,0.0,0.0,0.0,0.0,0.0,0.0,0.0,0.0,0.0,0.0,0.0,0.0,0.0,0.0,0.0,0.0,0.0,0.0,0.0,0.0,0.0,0.0,0.0,0.0,0.0,0.0,0.0,0.0,0.0,0.0,0.0,0.0,0.0,0.0,0.0,3.65
2012-06-05,0.0,0.0,0.0,0.0,0.0,0.0,0.0,0.0,0.0,0.0,0.0,0.0,0.0,0.0,0.0,0.0,0.0,0.0,0.0,0.0,0.0,0.0,0.0,0.0,0.0,0.0,0.0,0.0,0.0,0.0,0.0,0.0,0.0,0.0,0.0,0.0,0.0,3.65
2012-06-06,0.0,0.0,0.0,0.0,0.0,0.0,0.0,0.0,0.0,0.0,0.0,0.0,0.0,0.0,0.0,0.0,0.0,0.0,0.0,0.0,0.0,0.0,0.0,0.0,0.0,0.0,0.0,0.0,0.0,0.0,0.0,0.0,0.0,0.0,0.0,0.0,0.0,3.65
2012-06-07,0.0,0.0,0.0,0.0,0.0,0.0,0.0,0.0,0.0,0.0,0.0,0.0,0.0,0.0,0.0,0.0,0.0,0.0,0.0,0.0,0.0,0.0,0.0,0.0,0.0,0.0,0.0,0.0,0.0,0.0,0.0,0.0,0.0,0.0,0.0,0.0,0.0,3.6
2012-06-08,0.0,0.0,0.0,0.0,0.0,0.0,0.0,0.0,0.0,0.0,0.0,0.0,0.0,0.0,0.0,0.0,0.0,0.0,0.0,0.0,0.0,0.0,0.0,0.0,0.0,0.0,0.0,0.0,0.0,0.0,0.0,0.0,0.0,0.0,0.0,0.0,0.0,3.6
2012-06-11,0.0,0.0,0.0,0.0,0.0,0.0,0.0,0.0,0.0,0.0,0.0,0.0,0.0,0.0,0.0,0.0,0.0,0.0,0.0,0.0,0.0,0.0,0.0,0.0,0.0,0.0,0.0,0.0,0.0,0.0,0.0,0.0,0.0,0.0,0.0,0.0,0.0,3.6
2012-06-12,0.0,0.0,0.0,0.0,0.0,0.0,0.0,0.0,0.0,0.0,0.0,0.0,0.0,0.0,0.0,0.0,0.0,0.0,0.0,0.0,0.0,0.0,0.0,0.0,0.0,0.0,0.0,0.0,0.0,0.0,0.0,0.0,0.0,0.0,0.0,0.0,0.0,3.57
2012-06-13,0.0,0.0,0.0,0.0,0.0,0.0,0.0,0.0,0.0,0.0,0.0,0.0,0.0,0.0,0.0,0.0,0.0,0.0,0.0,0.0,0.0,0.0,0.0,0.0,0.0,0.0,0.0,0.0,0.0,0.0,0.0,0.0,0.0,0.0,0.0,0.0,0.0,3.96
2012-06-14,0.0,0.0,0.0,0.0,0.0,0.0,0.0,0.0,0.0,0.0,0.0,0.0,0.0,0.0,0.0,0.0,0.0,0.0,0.0,0.0,0.0,0.0,0.0,0.0,0.0,0.0,0.0,0.0,0.0,0.0,0.0,0.0,0.0,0.0,0.0,0.0,0.0,3.95
2012-06-15,0.0,0.0,0.0,0.0,0.0,0.0,0.0,0.0,0.0,0.0,0.0,0.0,0.0,0.0,0.0,0.0,0.0,0.0,0.0,0.0,0.0,0.0,0.0,0.0,0.0,0.0,0.0,0.0,0.0,0.0,0.0,0.0,0.0,0.0,0.0,0.0,0.0,4.05
2012-06-18,0.0,0.0,0.0,0.0,0.0,0.0,0.0,0.0,0.0,0.0,0.0,0.0,0.0,0.0,0.0,0.0,0.0,0.0,0.0,0.0,0.0,0.0,0.0,0.0,0.0,0.0,0.0,0.0,0.0,0.0,0.0,0.0,0.0,0.0,0.0,0.0,0.0,4.05
2012-06-19,0.0,0.0,0.0,0.0,0.0,0.0,0.0,0.0,0.0,0.0,0.0,0.0,0.0,0.0,0.0,0.0,0.0,0.0,0.0,0.0,0.0,0.0,0.0,0.0,0.0,0.0,0.0,0.0,0.0,0.0,0.0,0.0,0.0,0.0,0.0,0.0,0.0,3.9
2012-06-20,0.0,0.0,0.0,0.0,0.0,0.0,0.0,0.0,0.0,0.0,0.0,0.0,0.0,0.0,0.0,0.0,0.0,0.0,0.0,0.0,0.0,0.0,0.0,0.0,0.0,0.0,0.0,0.0,0.0,0.0,0.0,0.0,0.0,0.0,0.0,0.0,0.0,3.9
2012-06-21,0.0,0.0,0.0,0.0,0.0,0.0,0.0,0.0,0.0,0.0,0.0,0.0,0.0,0.0,0.0,0.0,0.0,0.0,0.0,0.0,0.0,0.0,0.0,0.0,0.0,0.0,0.0,0.0,0.0,0.0,0.0,0.0,0.0,0.0,0.0,0.0,0.0,3.9
2012-06-22,0.0,0.0,0.0,0.0,0.0,0.0,0.0,0.0,0.0,0.0,0.0,0.0,0.0,0.0,0.0,0.0,0.0,0.0,0.0,0.0,0.0,0.0,0.0,0.0,0.0,0.0,0.0,0.0,0.0,0.0,0.0,0.0,0.0,0.0,0.0,0.0,0.0,3.9
2012-06-25,0.0,0.0,0.0,0.0,0.0,0.0,0.0,0.0,0.0,0.0,0.0,0.0,0.0,0.0,0.0,0.0,0.0,0.0,0.0,0.0,0.0,0.0,0.0,0.0,0.0,0.0,0.0,0.0,0.0,0.0,0.0,0.0,0.0,0.0,0.0,0.0,0.0,3.9
2012-06-26,0.0,0.0,0.0,0.0,0.0,0.0,0.0,0.0,0.0,0.0,0.0,0.0,0.0,0.0,0.0,0.0,0.0,0.0,0.0,0.0,0.0,0.0,0.0,0.0,0.0,0.0,0.0,0.0,0.0,0.0,0.0,0.0,0.0,0.0,0.0,0.0,0.0,3.8
2012-06-27,0.0,0.0,0.0,0.0,0.0,0.0,0.0,0.0,0.0,0.0,0.0,0.0,0.0,0.0,0.0,0.0,0.0,0.0,0.0,0.0,0.0,0.0,0.0,0.0,0.0,0.0,0.0,0.0,0.0,0.0,0.0,0.0,0.0,0.0,0.0,0.0,0.0,3.75
2012-06-28,0.0,0.0,0.0,0.0,0.0,0.0,0.0,0.0,0.0,0.0,0.0,0.0,0.0,0.0,0.0,0.0,0.0,0.0,0.0,0.0,0.0,0.0,0.0,0.0,0.0,0.0,0.0,0.0,0.0,0.0,0.0,0.0,0.0,0.0,0.0,0.0,0.0,3.95
2012-06-29,0.0,0.0,0.0,0.0,0.0,0.0,0.0,0.0,0.0,0.0,0.0,0.0,0.0,0.0,0.0,0.0,0.0,0.0,0.0,0.0,0.0,0.0,0.0,0.0,0.0,0.0,0.0,0.0,0.0,0.0,0.0,0.0,0.0,0.0,0.0,0.0,0.0,4.0
2012-07-02,0.0,0.0,0.0,0.0,0.0,0.0,0.0,0.0,0.0,0.0,0.0,0.0,0.0,0.0,0.0,0.0,0.0,0.0,0.0,0.0,0.0,0.0,0.0,0.0,0.0,0.0,0.0,0.0,0.0,0.0,0.0,0.0,0.0,0.0,0.0,0.0,0.0,4.0
2012-07-03,0.0,0.0,0.0,0.0,0.0,0.0,0.0,0.0,0.0,0.0,0.0,0.0,0.0,0.0,0.0,0.0,0.0,0.0,0.0,0.0,0.0,0.0,0.0,0.0,0.0,0.0,0.0,0.0,0.0,0.0,0.0,0.0,0.0,0.0,0.0,0.0,0.0,4.01
2012-07-04,0.0,0.0,0.0,0.0,0.0,0.0,0.0,0.0,0.0,0.0,0.0,0.0,0.0,0.0,0.0,0.0,0.0,0.0,0.0,0.0,0.0,0.0,0.0,0.0,0.0,0.0,0.0,0.0,0.0,0.0,0.0,0.0,0.0,0.0,0.0,0.0,0.0,3.91
2012-07-05,0.0,0.0,0.0,0.0,0.0,0.0,0.0,0.0,0.0,0.0,0.0,0.0,0.0,0.0,0.0,0.0,0.0,0.0,0.0,0.0,0.0,0.0,0.0,0.0,0.0,0.0,0.0,0.0,0.0,0.0,0.0,0.0,0.0,0.0,0.0,0.0,0.0,3.97
2012-07-06,0.0,0.0,0.0,0.0,0.0,0.0,0.0,0.0,0.0,0.0,0.0,0.0,0.0,0.0,0.0,0.0,0.0,0.0,0.0,0.0,0.0,0.0,0.0,0.0,0.0,0.0,0.0,0.0,0.0,0.0,0.0,0.0,0.0,0.0,0.0,0.0,0.0,3.97
2012-07-09,0.0,0.0,0.0,0.0,0.0,0.0,0.0,0.0,0.0,0.0,0.0,0.0,0.0,0.0,0.0,0.0,0.0,0.0,0.0,0.0,0.0,0.0,0.0,0.0,0.0,0.0,0.0,0.0,0.0,0.0,0.0,0.0,0.0,0.0,0.0,0.0,0.0,3.88
2012-07-10,0.0,0.0,0.0,0.0,0.0,0.0,0.0,0.0,0.0,0.0,0.0,0.0,0.0,0.0,0.0,0.0,0.0,0.0,0.0,0.0,0.0,0.0,0.0,0.0,0.0,0.0,0.0,0.0,0.0,0.0,0.0,0.0,0.0,0.0,0.0,0.0,0.0,4.0
2012-07-11,0.0,0.0,0.0,0.0,0.0,0.0,0.0,0.0,0.0,0.0,0.0,0.0,0.0,0.0,0.0,0.0,0.0,0.0,0.0,0.0,0.0,0.0,0.0,0.0,0.0,0.0,0.0,0.0,0.0,0.0,0.0,0.0,0.0,0.0,0.0,0.0,0.0,4.0
2012-07-12,0.0,0.0,0.0,0.0,0.0,0.0,0.0,0.0,0.0,0.0,0.0,0.0,0.0,0.0,0.0,0.0,0.0,0.0,0.0,0.0,0.0,0.0,0.0,0.0,0.0,0.0,0.0,0.0,0.0,0.0,0.0,0.0,0.0,0.0,0.0,0.0,0.0,4.0
2012-07-13,0.0,0.0,0.0,0.0,0.0,0.0,0.0,0.0,0.0,0.0,0.0,0.0,0.0,0.0,0.0,0.0,0.0,0.0,0.0,0.0,0.0,0.0,0.0,0.0,0.0,0.0,0.0,0.0,0.0,0.0,0.0,0.0,0.0,0.0,0.0,0.0,0.0,3.95
2012-07-16,0.0,0.0,0.0,0.0,0.0,0.0,0.0,0.0,0.0,0.0,0.0,0.0,0.0,0.0,0.0,0.0,0.0,0.0,0.0,0.0,0.0,0.0,0.0,0.0,0.0,0.0,0.0,0.0,0.0,0.0,0.0,0.0,0.0,0.0,0.0,0.0,0.0,3.95
2012-07-17,0.0,0.0,0.0,0.0,0.0,0.0,0.0,0.0,0.0,0.0,0.0,0.0,0.0,0.0,0.0,0.0,0.0,0.0,0.0,0.0,0.0,0.0,0.0,0.0,0.0,0.0,0.0,0.0,0.0,0.0,0.0,0.0,0.0,0.0,0.0,0.0,0.0,4.05
2012-07-18,0.0,0.0,0.0,0.0,0.0,0.0,0.0,0.0,0.0,0.0,0.0,0.0,0.0,0.0,0.0,0.0,0.0,0.0,0.0,0.0,0.0,0.0,0.0,0.0,0.0,0.0,0.0,0.0,0.0,0.0,0.0,0.0,0.0,0.0,0.0,0.0,0.0,4.05
2012-07-19,0.0,0.0,0.0,0.0,0.0,0.0,0.0,0.0,0.0,0.0,0.0,0.0,0.0,0.0,0.0,0.0,0.0,0.0,0.0,0.0,0.0,0.0,0.0,0.0,0.0,0.0,0.0,0.0,0.0,0.0,0.0,0.0,0.0,0.0,0.0,0.0,0.0,4.0
2012-07-20,0.0,0.0,0.0,0.0,0.0,0.0,0.0,0.0,0.0,0.0,0.0,0.0,0.0,0.0,0.0,0.0,0.0,0.0,0.0,0.0,0.0,0.0,0.0,0.0,0.0,0.0,0.0,0.0,0.0,0.0,0.0,0.0,0.0,0.0,0.0,0.0,0.0,4.0
2012-07-23,0.0,0.0,0.0,0.0,0.0,0.0,0.0,0.0,0.0,0.0,0.0,0.0,0.0,0.0,0.0,0.0,0.0,0.0,0.0,0.0,0.0,0.0,0.0,0.0,0.0,0.0,0.0,0.0,0.0,0.0,0.0,0.0,0.0,0.0,0.0,0.0,0.0,3.85
2012-07-24,0.0,0.0,0.0,0.0,0.0,0.0,0.0,0.0,0.0,0.0,0.0,0.0,0.0,0.0,0.0,0.0,0.0,0.0,0.0,0.0,0.0,0.0,0.0,0.0,0.0,0.0,0.0,0.0,0.0,0.0,0.0,0.0,0.0,0.0,0.0,0.0,0.0,3.8
2012-07-25,0.0,0.0,0.0,0.0,0.0,0.0,0.0,0.0,0.0,0.0,0.0,0.0,0.0,0.0,0.0,0.0,0.0,0.0,0.0,0.0,0.0,0.0,0.0,0.0,0.0,0.0,0.0,0.0,0.0,0.0,0.0,0.0,0.0,0.0,0.0,0.0,0.0,3.8
2012-07-26,0.0,0.0,0.0,0.0,0.0,0.0,0.0,0.0,0.0,0.0,0.0,0.0,0.0,0.0,0.0,0.0,0.0,0.0,0.0,0.0,0.0,0.0,0.0,0.0,0.0,0.0,0.0,0.0,0.0,0.0,0.0,0.0,0.0,0.0,0.0,0.0,0.0,3.7
2012-07-27,0.0,0.0,0.0,0.0,0.0,0.0,0.0,0.0,0.0,0.0,0.0,0.0,0.0,0.0,0.0,0.0,0.0,0.0,0.0,0.0,0.0,0.0,0.0,0.0,0.0,0.0,0.0,0.0,0.0,0.0,0.0,0.0,0.0,0.0,0.0,0.0,0.0,3.7
2012-07-30,0.0,0.0,0.0,0.0,0.0,0.0,0.0,0.0,0.0,0.0,0.0,0.0,0.0,0.0,0.0,0.0,0.0,0.0,0.0,0.0,0.0,0.0,0.0,0.0,0.0,0.0,0.0,0.0,0.0,0.0,0.0,0.0,0.0,0.0,0.0,0.0,0.0,3.7
2012-07-31,0.0,0.0,0.0,0.0,0.0,0.0,0.0,0.0,0.0,0.0,0.0,0.0,0.0,0.0,0.0,0.0,0.0,0.0,0.0,0.0,0.0,0.0,0.0,0.0,0.0,0.0,0.0,0.0,0.0,0.0,0.0,0.0,0.0,0.0,0.0,0.0,0.0,3.56
2012-08-01,0.0,0.0,0.0,0.0,0.0,0.0,0.0,0.0,0.0,0.0,0.0,0.0,0.0,0.0,0.0,0.0,0.0,0.0,0.0,0.0,0.0,0.0,0.0,0.0,0.0,0.0,0.0,0.0,0.0,0.0,0.0,0.0,0.0,0.0,0.0,0.0,0.0,3.51
2012-08-02,0.0,0.0,0.0,0.0,0.0,0.0,0.0,0.0,0.0,0.0,0.0,0.0,0.0,0.0,0.0,0.0,0.0,0.0,0.0,0.0,0.0,0.0,0.0,0.0,0.0,0.0,0.0,0.0,0.0,0.0,0.0,0.0,0.0,0.0,0.0,0.0,0.0,3.48
2012-08-03,0.0,0.0,0.0,0.0,0.0,0.0,0.0,0.0,0.0,0.0,0.0,0.0,0.0,0.0,0.0,0.0,0.0,0.0,0.0,0.0,0.0,0.0,0.0,0.0,0.0,0.0,0.0,0.0,0.0,0.0,0.0,0.0,0.0,0.0,0.0,0.0,0.0,3.45
2012-08-06,0.0,0.0,0.0,0.0,0.0,0.0,0.0,0.0,0.0,0.0,0.0,0.0,0.0,0.0,0.0,0.0,0.0,0.0,0.0,0.0,0.0,0.0,0.0,0.0,0.0,0.0,0.0,0.0,0.0,0.0,0.0,0.0,0.0,0.0,0.0,0.0,0.0,3.42
2012-08-07,0.0,0.0,0.0,0.0,0.0,0.0,0.0,0.0,0.0,0.0,0.0,0.0,0.0,0.0,0.0,0.0,0.0,0.0,0.0,0.0,0.0,0.0,0.0,0.0,0.0,0.0,0.0,0.0,0.0,0.0,0.0,0.0,0.0,0.0,0.0,0.0,0.0,3.4
2012-08-08,0.0,0.0,0.0,0.0,0.0,0.0,0.0,0.0,0.0,0.0,0.0,0.0,0.0,0.0,0.0,0.0,0.0,0.0,0.0,0.0,0.0,0.0,0.0,0.0,0.0,0.0,0.0,0.0,0.0,0.0,0.0,0.0,0.0,0.0,0.0,0.0,0.0,3.35
2012-08-09,0.0,0.0,0.0,0.0,0.0,0.0,0.0,0.0,0.0,0.0,0.0,0.0,0.0,0.0,0.0,0.0,0.0,0.0,0.0,0.0,0.0,0.0,0.0,0.0,0.0,0.0,0.0,0.0,0.0,0.0,0.0,0.0,0.0,0.0,0.0,0.0,0.0,3.39
2012-08-10,0.0,0.0,0.0,0.0,0.0,0.0,0.0,0.0,0.0,0.0,0.0,0.0,0.0,0.0,0.0,0.0,0.0,0.0,0.0,0.0,0.0,0.0,0.0,0.0,0.0,0.0,0.0,0.0,0.0,0.0,0.0,0.0,0.0,0.0,0.0,0.0,0.0,3.3
2012-08-13,0.0,0.0,0.0,0.0,0.0,0.0,0.0,0.0,0.0,0.0,0.0,0.0,0.0,0.0,0.0,0.0,0.0,0.0,0.0,0.0,0.0,0.0,0.0,0.0,0.0,0.0,0.0,0.0,0.0,0.0,0.0,0.0,0.0,0.0,0.0,0.0,0.0,3.3
2012-08-14,0.0,0.0,0.0,0.0,0.0,0.0,0.0,0.0,0.0,0.0,0.0,0.0,0.0,0.0,0.0,0.0,0.0,0.0,0.0,0.0,0.0,0.0,0.0,0.0,0.0,0.0,0.0,0.0,0.0,0.0,0.0,0.0,0.0,0.0,0.0,0.0,0.0,3.3
2012-08-15,0.0,0.0,0.0,0.0,0.0,0.0,0.0,0.0,0.0,0.0,0.0,0.0,0.0,0.0,0.0,0.0,0.0,0.0,0.0,0.0,0.0,0.0,0.0,0.0,0.0,0.0,0.0,0.0,0.0,0.0,0.0,0.0,0.0,0.0,0.0,0.0,0.0,3.31
2012-08-16,0.0,0.0,0.0,0.0,0.0,0.0,0.0,0.0,0.0,0.0,0.0,0.0,0.0,0.0,0.0,0.0,0.0,0.0,0.0,0.0,0.0,0.0,0.0,0.0,0.0,0.0,0.0,0.0,0.0,0.0,0.0,0.0,0.0,0.0,0.0,0.0,0.0,3.32
2012-08-17,0.0,0.0,0.0,0.0,0.0,0.0,0.0,0.0,0.0,0.0,0.0,0.0,0.0,0.0,0.0,0.0,0.0,0.0,0.0,0.0,0.0,0.0,0.0,0.0,0.0,0.0,0.0,0.0,0.0,0.0,0.0,0.0,0.0,0.0,0.0,0.0,0.0,3.33
2012-08-20,0.0,0.0,0.0,0.0,0.0,0.0,0.0,0.0,0.0,0.0,0.0,0.0,0.0,0.0,0.0,0.0,0.0,0.0,0.0,0.0,0.0,0.0,0.0,0.0,0.0,0.0,0.0,0.0,0.0,0.0,0.0,0.0,0.0,0.0,0.0,0.0,0.0,3.45
2012-08-21,0.0,0.0,0.0,0.0,0.0,0.0,0.0,0.0,0.0,0.0,0.0,0.0,0.0,0.0,0.0,0.0,0.0,0.0,0.0,0.0,0.0,0.0,0.0,0.0,0.0,0.0,0.0,0.0,0.0,0.0,0.0,0.0,0.0,0.0,0.0,0.0,0.0,3.45
2012-08-22,0.0,0.0,0.0,0.0,0.0,0.0,0.0,0.0,0.0,0.0,0.0,0.0,0.0,0.0,0.0,0.0,0.0,0.0,0.0,0.0,0.0,0.0,0.0,0.0,0.0,0.0,0.0,0.0,0.0,0.0,0.0,0.0,0.0,0.0,0.0,0.0,0.0,3.48
2012-08-23,0.0,0.0,0.0,0.0,0.0,0.0,0.0,0.0,0.0,0.0,0.0,0.0,0.0,0.0,0.0,0.0,0.0,0.0,0.0,0.0,0.0,0.0,0.0,0.0,0.0,0.0,0.0,0.0,0.0,0.0,0.0,0.0,0.0,0.0,0.0,0.0,0.0,3.48
2012-08-24,0.0,0.0,0.0,0.0,0.0,0.0,0.0,0.0,0.0,0.0,0.0,0.0,0.0,0.0,0.0,0.0,0.0,0.0,0.0,0.0,0.0,0.0,0.0,0.0,0.0,0.0,0.0,0.0,0.0,0.0,0.0,0.0,0.0,0.0,0.0,0.0,0.0,3.48
2012-08-27,0.0,0.0,0.0,0.0,0.0,0.0,0.0,0.0,0.0,0.0,0.0,0.0,0.0,0.0,0.0,0.0,0.0,0.0,0.0,0.0,0.0,0.0,0.0,0.0,0.0,0.0,0.0,0.0,0.0,0.0,0.0,0.0,0.0,0.0,0.0,0.0,0.0,3.48
2012-08-28,0.0,0.0,0.0,0.0,0.0,0.0,0.0,0.0,0.0,0.0,0.0,0.0,0.0,0.0,0.0,0.0,0.0,0.0,0.0,0.0,0.0,0.0,0.0,0.0,0.0,0.0,0.0,0.0,0.0,0.0,0.0,0.0,0.0,0.0,0.0,0.0,0.0,3.48
2012-08-29,0.0,0.0,0.0,0.0,0.0,0.0,0.0,0.0,0.0,0.0,0.0,0.0,0.0,0.0,0.0,0.0,0.0,0.0,0.0,0.0,0.0,0.0,0.0,0.0,0.0,0.0,0.0,0.0,0.0,0.0,0.0,0.0,0.0,0.0,0.0,0.0,0.0,3.45
2012-08-30,0.0,0.0,0.0,0.0,0.0,0.0,0.0,0.0,0.0,0.0,0.0,0.0,0.0,0.0,0.0,0.0,0.0,0.0,0.0,0.0,0.0,0.0,0.0,0.0,0.0,0.0,0.0,0.0,0.0,0.0,0.0,0.0,0.0,0.0,0.0,0.0,0.0,3.45
2012-08-31,0.0,0.0,0.0,0.0,0.0,0.0,0.0,0.0,0.0,0.0,0.0,0.0,0.0,0.0,0.0,0.0,0.0,0.0,0.0,0.0,0.0,0.0,0.0,0.0,0.0,0.0,0.0,0.0,0.0,0.0,0.0,0.0,0.0,0.0,0.0,0.0,0.0,3.39
2012-09-03,0.0,0.0,0.0,0.0,0.0,0.0,0.0,0.0,0.0,0.0,0.0,0.0,0.0,0.0,0.0,0.0,0.0,0.0,0.0,0.0,0.0,0.0,0.0,0.0,0.0,0.0,0.0,0.0,0.0,0.0,0.0,0.0,0.0,0.0,0.0,0.0,0.0,3.25
2012-09-04,0.0,0.0,0.0,0.0,0.0,0.0,0.0,0.0,0.0,0.0,0.0,0.0,0.0,0.0,0.0,0.0,0.0,0.0,0.0,0.0,0.0,0.0,0.0,0.0,0.0,0.0,0.0,0.0,0.0,0.0,0.0,0.0,0.0,0.0,0.0,0.0,0.0,3.25
2012-09-05,0.0,0.0,0.0,0.0,0.0,0.0,0.0,0.0,0.0,0.0,0.0,0.0,0.0,0.0,0.0,0.0,0.0,0.0,0.0,0.0,0.0,0.0,0.0,0.0,0.0,0.0,0.0,0.0,0.0,0.0,0.0,0.0,0.0,0.0,0.0,0.0,0.0,3.1
2012-09-06,0.0,0.0,0.0,0.0,0.0,0.0,0.0,0.0,0.0,0.0,0.0,0.0,0.0,0.0,0.0,0.0,0.0,0.0,0.0,0.0,0.0,0.0,0.0,0.0,0.0,0.0,0.0,0.0,0.0,0.0,0.0,0.0,0.0,0.0,0.0,0.0,0.0,3.3
2012-09-07,0.0,0.0,0.0,0.0,0.0,0.0,0.0,0.0,0.0,0.0,0.0,0.0,0.0,0.0,0.0,0.0,0.0,0.0,0.0,0.0,0.0,0.0,0.0,0.0,0.0,0.0,0.0,0.0,0.0,0.0,0.0,0.0,0.0,0.0,0.0,0.0,0.0,3.25
2012-09-10,0.0,0.0,0.0,0.0,0.0,0.0,0.0,0.0,0.0,0.0,0.0,0.0,0.0,0.0,0.0,0.0,0.0,0.0,0.0,0.0,0.0,0.0,0.0,0.0,0.0,0.0,0.0,0.0,0.0,0.0,0.0,0.0,0.0,0.0,0.0,0.0,0.0,3.25
2012-09-11,0.0,0.0,0.0,0.0,0.0,0.0,0.0,0.0,0.0,0.0,0.0,0.0,0.0,0.0,0.0,0.0,0.0,0.0,0.0,0.0,0.0,0.0,0.0,0.0,0.0,0.0,0.0,0.0,0.0,0.0,0.0,0.0,0.0,0.0,0.0,0.0,0.0,3.25
2012-09-12,0.0,0.0,0.0,0.0,0.0,0.0,0.0,0.0,0.0,0.0,0.0,0.0,0.0,0.0,0.0,0.0,0.0,0.0,0.0,0.0,0.0,0.0,0.0,0.0,0.0,0.0,0.0,0.0,0.0,0.0,0.0,0.0,0.0,0.0,0.0,0.0,0.0,3.25
2012-09-13,0.0,0.0,0.0,0.0,0.0,0.0,0.0,0.0,0.0,0.0,0.0,0.0,0.0,0.0,0.0,0.0,0.0,0.0,0.0,0.0,0.0,0.0,0.0,0.0,0.0,0.0,0.0,0.0,0.0,0.0,0.0,0.0,0.0,0.0,0.0,0.0,0.0,3.25
2012-09-14,0.0,0.0,0.0,0.0,0.0,0.0,0.0,0.0,0.0,0.0,0.0,0.0,0.0,0.0,0.0,0.0,0.0,0.0,0.0,0.0,0.0,0.0,0.0,0.0,0.0,0.0,0.0,0.0,0.0,0.0,0.0,0.0,0.0,0.0,0.0,0.0,0.0,3.3
2012-09-17,0.0,0.0,0.0,0.0,0.0,0.0,0.0,0.0,0.0,0.0,0.0,0.0,0.0,0.0,0.0,0.0,0.0,0.0,0.0,0.0,0.0,0.0,0.0,0.0,0.0,0.0,0.0,0.0,0.0,0.0,0.0,0.0,0.0,0.0,0.0,0.0,0.0,3.22
2012-09-18,0.0,0.0,0.0,0.0,0.0,0.0,0.0,0.0,0.0,0.0,0.0,0.0,0.0,0.0,0.0,0.0,0.0,0.0,0.0,0.0,0.0,0.0,0.0,0.0,0.0,0.0,0.0,0.0,0.0,0.0,0.0,0.0,0.0,0.0,0.0,0.0,0.0,3.15
2012-09-19,0.0,0.0,0.0,0.0,0.0,0.0,0.0,0.0,0.0,0.0,0.0,0.0,0.0,0.0,0.0,0.0,0.0,0.0,0.0,0.0,0.0,0.0,0.0,0.0,0.0,0.0,0.0,0.0,0.0,0.0,0.0,0.0,0.0,0.0,0.0,0.0,0.0,3.2
2012-09-20,0.0,0.0,0.0,0.0,0.0,0.0,0.0,0.0,0.0,0.0,0.0,0.0,0.0,0.0,0.0,0.0,0.0,0.0,0.0,0.0,0.0,0.0,0.0,0.0,0.0,0.0,0.0,0.0,0.0,0.0,0.0,0.0,0.0,0.0,0.0,0.0,0.0,3.2
2012-09-21,0.0,0.0,0.0,0.0,0.0,0.0,0.0,0.0,0.0,0.0,0.0,0.0,0.0,0.0,0.0,0.0,0.0,0.0,0.0,0.0,0.0,0.0,0.0,0.0,0.0,0.0,0.0,0.0,0.0,0.0,0.0,0.0,0.0,0.0,0.0,0.0,0.0,3.2
2012-09-24,0.0,0.0,0.0,0.0,0.0,0.0,0.0,0.0,0.0,0.0,0.0,0.0,0.0,0.0,0.0,0.0,0.0,0.0,0.0,0.0,0.0,0.0,0.0,0.0,0.0,0.0,0.0,0.0,0.0,0.0,0.0,0.0,0.0,0.0,0.0,0.0,0.0,3.2
2012-09-25,0.0,0.0,0.0,0.0,0.0,0.0,0.0,0.0,0.0,0.0,0.0,0.0,0.0,0.0,0.0,0.0,0.0,0.0,0.0,0.0,0.0,0.0,0.0,0.0,0.0,0.0,0.0,0.0,0.0,0.0,0.0,0.0,0.0,0.0,0.0,0.0,0.0,3.2
2012-09-26,0.0,0.0,0.0,0.0,0.0,0.0,0.0,0.0,0.0,0.0,0.0,0.0,0.0,0.0,0.0,0.0,0.0,0.0,0.0,0.0,0.0,0.0,0.0,0.0,0.0,0.0,0.0,0.0,0.0,0.0,0.0,0.0,0.0,0.0,0.0,0.0,0.0,3.15
2012-09-27,0.0,0.0,0.0,0.0,0.0,0.0,0.0,0.0,0.0,0.0,0.0,0.0,0.0,0.0,0.0,0.0,0.0,0.0,0.0,0.0,0.0,0.0,0.0,0.0,0.0,0.0,0.0,0.0,0.0,0.0,0.0,0.0,0.0,0.0,0.0,0.0,0.0,3.15
2012-09-28,0.0,0.0,0.0,0.0,0.0,0.0,0.0,0.0,0.0,0.0,0.0,0.0,0.0,0.0,0.0,0.0,0.0,0.0,0.0,0.0,0.0,0.0,0.0,0.0,0.0,0.0,0.0,0.0,0.0,0.0,0.0,0.0,0.0,0.0,0.0,0.0,0.0,3.15
2012-10-01,0.0,0.0,0.0,0.0,0.0,0.0,0.0,0.0,0.0,0.0,0.0,0.0,0.0,0.0,0.0,0.0,0.0,0.0,0.0,0.0,0.0,0.0,0.0,0.0,0.0,0.0,0.0,0.0,0.0,0.0,0.0,0.0,0.0,0.0,0.0,0.0,0.0,3.1
2012-10-02,0.0,0.0,0.0,0.0,0.0,0.0,0.0,0.0,0.0,0.0,0.0,0.0,0.0,0.0,0.0,0.0,0.0,0.0,0.0,0.0,0.0,0.0,0.0,0.0,0.0,0.0,0.0,0.0,0.0,0.0,0.0,0.0,0.0,0.0,0.0,0.0,0.0,3.06
2012-10-03,0.0,0.0,0.0,0.0,0.0,0.0,0.0,0.0,0.0,0.0,0.0,0.0,0.0,0.0,0.0,0.0,0.0,0.0,0.0,0.0,0.0,0.0,0.0,0.0,0.0,0.0,0.0,0.0,0.0,0.0,0.0,0.0,0.0,0.0,0.0,0.0,0.0,3.05
2012-10-04,0.0,0.0,0.0,0.0,0.0,0.0,0.0,0.0,0.0,0.0,0.0,0.0,0.0,0.0,0.0,0.0,0.0,0.0,0.0,0.0,0.0,0.0,0.0,0.0,0.0,0.0,0.0,0.0,0.0,0.0,0.0,0.0,0.0,0.0,0.0,0.0,0.0,3.06
2012-10-05,0.0,0.0,0.0,0.0,0.0,0.0,0.0,0.0,0.0,0.0,0.0,0.0,0.0,0.0,0.0,0.0,0.0,0.0,0.0,0.0,0.0,0.0,0.0,0.0,0.0,0.0,0.0,0.0,0.0,0.0,0.0,0.0,0.0,0.0,0.0,0.0,0.0,3.07
2012-10-08,0.0,0.0,0.0,0.0,0.0,0.0,0.0,0.0,0.0,0.0,0.0,0.0,0.0,0.0,0.0,0.0,0.0,0.0,0.0,0.0,0.0,0.0,0.0,0.0,0.0,0.0,0.0,0.0,0.0,0.0,0.0,0.0,0.0,0.0,0.0,0.0,0.0,3.06
2012-10-09,0.0,0.0,0.0,0.0,0.0,0.0,0.0,0.0,0.0,0.0,0.0,0.0,0.0,0.0,0.0,0.0,0.0,0.0,0.0,0.0,0.0,0.0,0.0,0.0,0.0,0.0,0.0,0.0,0.0,0.0,0.0,0.0,0.0,0.0,0.0,0.0,0.0,3.06
2012-10-10,0.0,0.0,0.0,0.0,0.0,0.0,0.0,0.0,0.0,0.0,0.0,0.0,0.0,0.0,0.0,0.0,0.0,0.0,0.0,0.0,0.0,0.0,0.0,0.0,0.0,0.0,0.0,0.0,0.0,0.0,0.0,0.0,0.0,0.0,0.0,0.0,0.0,3.01
2012-10-11,0.0,0.0,0.0,0.0,0.0,0.0,0.0,0.0,0.0,0.0,0.0,0.0,0.0,0.0,0.0,0.0,0.0,0.0,0.0,0.0,0.0,0.0,0.0,0.0,0.0,0.0,0.0,0.0,0.0,0.0,0.0,0.0,0.0,0.0,0.0,0.0,0.0,3.0
2012-10-12,0.0,0.0,0.0,0.0,0.0,0.0,0.0,0.0,0.0,0.0,0.0,0.0,0.0,0.0,0.0,0.0,0.0,0.0,0.0,0.0,0.0,0.0,0.0,0.0,0.0,0.0,0.0,0.0,0.0,0.0,0.0,0.0,0.0,0.0,0.0,0.0,0.0,3.0
2012-10-15,0.0,0.0,0.0,0.0,0.0,0.0,0.0,0.0,0.0,0.0,0.0,0.0,0.0,0.0,0.0,0.0,0.0,0.0,0.0,0.0,0.0,0.0,0.0,0.0,0.0,0.0,0.0,0.0,0.0,0.0,0.0,0.0,0.0,0.0,0.0,0.0,0.0,3.0
2012-10-16,0.0,0.0,0.0,0.0,0.0,0.0,0.0,0.0,0.0,0.0,0.0,0.0,0.0,0.0,0.0,0.0,0.0,0.0,0.0,0.0,0.0,0.0,0.0,0.0,0.0,0.0,0.0,0.0,0.0,0.0,0.0,0.0,0.0,0.0,0.0,0.0,0.0,2.95
2012-10-17,0.0,0.0,0.0,0.0,0.0,0.0,0.0,0.0,0.0,0.0,0.0,0.0,0.0,0.0,0.0,0.0,0.0,0.0,0.0,0.0,0.0,0.0,0.0,0.0,0.0,0.0,0.0,0.0,0.0,0.0,0.0,0.0,0.0,0.0,0.0,0.0,0.0,3.0
2012-10-18,0.0,0.0,0.0,0.0,0.0,0.0,0.0,0.0,0.0,0.0,0.0,0.0,0.0,0.0,0.0,0.0,0.0,0.0,0.0,0.0,0.0,0.0,0.0,0.0,0.0,0.0,0.0,0.0,0.0,0.0,0.0,0.0,0.0,0.0,0.0,0.0,0.0,3.0
2012-10-19,0.0,0.0,0.0,0.0,0.0,0.0,0.0,0.0,0.0,0.0,0.0,0.0,0.0,0.0,0.0,0.0,0.0,0.0,0.0,0.0,0.0,0.0,0.0,0.0,0.0,0.0,0.0,0.0,0.0,0.0,0.0,0.0,0.0,0.0,0.0,0.0,0.0,2.95
2012-10-22,0.0,0.0,0.0,0.0,0.0,0.0,0.0,0.0,0.0,0.0,0.0,0.0,0.0,0.0,0.0,0.0,0.0,0.0,0.0,0.0,0.0,0.0,0.0,0.0,0.0,0.0,0.0,0.0,0.0,0.0,0.0,0.0,0.0,0.0,0.0,0.0,0.0,2.95
2012-10-23,0.0,0.0,0.0,0.0,0.0,0.0,0.0,0.0,0.0,0.0,0.0,0.0,0.0,0.0,0.0,0.0,0.0,0.0,0.0,0.0,0.0,0.0,0.0,0.0,0.0,0.0,0.0,0.0,0.0,0.0,0.0,0.0,0.0,0.0,0.0,0.0,0.0,2.95
2012-10-24,0.0,0.0,0.0,0.0,0.0,0.0,0.0,0.0,0.0,0.0,0.0,0.0,0.0,0.0,0.0,0.0,0.0,0.0,0.0,0.0,0.0,0.0,0.0,0.0,0.0,0.0,0.0,0.0,0.0,0.0,0.0,0.0,0.0,0.0,0.0,0.0,0.0,2.93
2012-10-25,0.0,0.0,0.0,0.0,0.0,0.0,0.0,0.0,0.0,0.0,0.0,0.0,0.0,0.0,0.0,0.0,0.0,0.0,0.0,0.0,0.0,0.0,0.0,0.0,0.0,0.0,0.0,0.0,0.0,0.0,0.0,0.0,0.0,0.0,0.0,0.0,0.0,2.8
2012-10-26,0.0,0.0,0.0,0.0,0.0,0.0,0.0,0.0,0.0,0.0,0.0,0.0,0.0,0.0,0.0,0.0,0.0,0.0,0.0,0.0,0.0,0.0,0.0,0.0,0.0,0.0,0.0,0.0,0.0,0.0,0.0,0.0,0.0,0.0,0.0,0.0,0.0,2.95
2012-10-29,0.0,0.0,0.0,0.0,0.0,0.0,0.0,0.0,0.0,0.0,0.0,0.0,0.0,0.0,0.0,0.0,0.0,0.0,0.0,0.0,0.0,0.0,0.0,0.0,0.0,0.0,0.0,0.0,0.0,0.0,0.0,0.0,0.0,0.0,0.0,0.0,0.0,2.95
2012-10-30,0.0,0.0,0.0,0.0,0.0,0.0,0.0,0.0,0.0,0.0,0.0,0.0,0.0,0.0,0.0,0.0,0.0,0.0,0.0,0.0,0.0,0.0,0.0,0.0,0.0,0.0,0.0,0.0,0.0,0.0,0.0,0.0,0.0,0.0,0.0,0.0,0.0,2.95
2012-10-31,0.0,0.0,0.0,0.0,0.0,0.0,0.0,0.0,0.0,0.0,0.0,0.0,0.0,0.0,0.0,0.0,0.0,0.0,0.0,0.0,0.0,0.0,0.0,0.0,0.0,0.0,0.0,0.0,0.0,0.0,0.0,0.0,0.0,0.0,0.0,0.0,0.0,2.87
2012-11-01,0.0,0.0,0.0,0.0,0.0,0.0,0.0,0.0,0.0,0.0,0.0,0.0,0.0,0.0,0.0,0.0,0.0,0.0,0.0,0.0,0.0,0.0,0.0,0.0,0.0,0.0,0.0,0.0,0.0,0.0,0.0,0.0,0.0,0.0,0.0,0.0,0.0,2.87
2012-11-02,0.0,0.0,0.0,0.0,0.0,0.0,0.0,0.0,0.0,0.0,0.0,0.0,0.0,0.0,0.0,0.0,0.0,0.0,0.0,0.0,0.0,0.0,0.0,0.0,0.0,0.0,0.0,0.0,0.0,0.0,0.0,0.0,0.0,0.0,0.0,0.0,0.0,2.95
2012-11-05,0.0,0.0,0.0,0.0,0.0,0.0,0.0,0.0,0.0,0.0,0.0,0.0,0.0,0.0,0.0,0.0,0.0,0.0,0.0,0.0,0.0,0.0,0.0,0.0,0.0,0.0,0.0,0.0,0.0,0.0,0.0,0.0,0.0,0.0,0.0,0.0,0.0,2.84
2012-11-06,0.0,0.0,0.0,0.0,0.0,0.0,0.0,0.0,0.0,0.0,0.0,0.0,0.0,0.0,0.0,0.0,0.0,0.0,0.0,0.0,0.0,0.0,0.0,0.0,0.0,0.0,0.0,0.0,0.0,0.0,0.0,0.0,0.0,0.0,0.0,0.0,0.0,2.75
2012-11-07,0.0,0.0,0.0,0.0,0.0,0.0,0.0,0.0,0.0,0.0,0.0,0.0,0.0,0.0,0.0,0.0,0.0,0.0,0.0,0.0,0.0,0.0,0.0,0.0,0.0,0.0,0.0,0.0,0.0,0.0,0.0,0.0,0.0,0.0,0.0,0.0,0.0,2.7
2012-11-08,0.0,0.0,0.0,0.0,0.0,0.0,0.0,0.0,0.0,0.0,0.0,0.0,0.0,0.0,0.0,0.0,0.0,0.0,0.0,0.0,0.0,0.0,0.0,0.0,0.0,0.0,0.0,0.0,0.0,0.0,0.0,0.0,0.0,0.0,0.0,0.0,0.0,2.66
2012-11-09,0.0,0.0,0.0,0.0,0.0,0.0,0.0,0.0,0.0,0.0,0.0,0.0,0.0,0.0,0.0,0.0,0.0,0.0,0.0,0.0,0.0,0.0,0.0,0.0,0.0,0.0,0.0,0.0,0.0,0.0,0.0,0.0,0.0,0.0,0.0,0.0,0.0,2.66
2012-11-12,0.0,0.0,0.0,0.0,0.0,0.0,0.0,0.0,0.0,0.0,0.0,0.0,0.0,0.0,0.0,0.0,0.0,0.0,0.0,0.0,0.0,0.0,0.0,0.0,0.0,0.0,0.0,0.0,0.0,0.0,0.0,0.0,0.0,0.0,0.0,0.0,0.0,2.66
2012-11-13,0.0,0.0,0.0,0.0,0.0,0.0,0.0,0.0,0.0,0.0,0.0,0.0,0.0,0.0,0.0,0.0,0.0,0.0,0.0,0.0,0.0,0.0,0.0,0.0,0.0,0.0,0.0,0.0,0.0,0.0,0.0,0.0,0.0,0.0,0.0,0.0,0.0,2.66
2012-11-14,0.0,0.0,0.0,0.0,0.0,0.0,0.0,0.0,0.0,0.0,0.0,0.0,0.0,0.0,0.0,0.0,0.0,0.0,0.0,0.0,0.0,0.0,0.0,0.0,0.0,0.0,0.0,0.0,0.0,0.0,0.0,0.0,0.0,0.0,0.0,0.0,0.0,2.76
2012-11-15,0.0,0.0,0.0,0.0,0.0,0.0,0.0,0.0,0.0,0.0,0.0,0.0,0.0,0.0,0.0,0.0,0.0,0.0,0.0,0.0,0.0,0.0,0.0,0.0,0.0,0.0,0.0,0.0,0.0,0.0,0.0,0.0,0.0,0.0,0.0,0.0,0.0,3.05
2012-11-16,0.0,0.0,0.0,0.0,0.0,0.0,0.0,0.0,0.0,0.0,0.0,0.0,0.0,0.0,0.0,0.0,0.0,0.0,0.0,0.0,0.0,0.0,0.0,0.0,0.0,0.0,0.0,0.0,0.0,0.0,0.0,0.0,0.0,0.0,0.0,0.0,0.0,3.0
2012-11-19,0.0,0.0,0.0,0.0,0.0,0.0,0.0,0.0,0.0,0.0,0.0,0.0,0.0,0.0,0.0,0.0,0.0,0.0,0.0,0.0,0.0,0.0,0.0,0.0,0.0,0.0,0.0,0.0,0.0,0.0,0.0,0.0,0.0,0.0,0.0,0.0,0.0,3.15
2012-11-20,0.0,0.0,0.0,0.0,0.0,0.0,0.0,0.0,0.0,0.0,0.0,0.0,0.0,0.0,0.0,0.0,0.0,0.0,0.0,0.0,0.0,0.0,0.0,0.0,0.0,0.0,0.0,0.0,0.0,0.0,0.0,0.0,0.0,0.0,0.0,0.0,0.0,3.16
2012-11-21,0.0,0.0,0.0,0.0,0.0,0.0,0.0,0.0,0.0,0.0,0.0,0.0,0.0,0.0,0.0,0.0,0.0,0.0,0.0,0.0,0.0,0.0,0.0,0.0,0.0,0.0,0.0,0.0,0.0,0.0,0.0,0.0,0.0,0.0,0.0,0.0,0.0,3.15
2012-11-22,0.0,0.0,0.0,0.0,0.0,0.0,0.0,0.0,0.0,0.0,0.0,0.0,0.0,0.0,0.0,0.0,0.0,0.0,0.0,0.0,0.0,0.0,0.0,0.0,0.0,0.0,0.0,0.0,0.0,0.0,0.0,0.0,0.0,0.0,0.0,0.0,0.0,3.05
2012-11-23,0.0,0.0,0.0,0.0,0.0,0.0,0.0,0.0,0.0,0.0,0.0,0.0,0.0,0.0,0.0,0.0,0.0,0.0,0.0,0.0,0.0,0.0,0.0,0.0,0.0,0.0,0.0,0.0,0.0,0.0,0.0,0.0,0.0,0.0,0.0,0.0,0.0,3.1
2012-11-26,0.0,0.0,0.0,0.0,0.0,0.0,0.0,0.0,0.0,0.0,0.0,0.0,0.0,0.0,0.0,0.0,0.0,0.0,0.0,0.0,0.0,0.0,0.0,0.0,0.0,0.0,0.0,0.0,0.0,0.0,0.0,0.0,0.0,0.0,0.0,0.0,0.0,3.01
2012-11-27,0.0,0.0,0.0,0.0,0.0,0.0,0.0,0.0,0.0,0.0,0.0,0.0,0.0,0.0,0.0,0.0,0.0,0.0,0.0,0.0,0.0,0.0,0.0,0.0,0.0,0.0,0.0,0.0,0.0,0.0,0.0,0.0,0.0,0.0,0.0,0.0,0.0,3.01
2012-11-28,0.0,0.0,0.0,0.0,0.0,0.0,0.0,0.0,0.0,0.0,0.0,0.0,0.0,0.0,0.0,0.0,0.0,0.0,0.0,0.0,0.0,0.0,0.0,0.0,0.0,0.0,0.0,0.0,0.0,0.0,0.0,0.0,0.0,0.0,0.0,0.0,0.0,3.01
2012-11-29,0.0,0.0,0.0,0.0,0.0,0.0,0.0,0.0,0.0,0.0,0.0,0.0,0.0,0.0,0.0,0.0,0.0,0.0,0.0,0.0,0.0,0.0,0.0,0.0,0.0,0.0,0.0,0.0,0.0,0.0,0.0,0.0,0.0,0.0,0.0,0.0,0.0,3.05
2012-11-30,0.0,0.0,0.0,0.0,0.0,0.0,0.0,0.0,0.0,0.0,0.0,0.0,0.0,0.0,0.0,0.0,0.0,0.0,0.0,0.0,0.0,0.0,0.0,0.0,0.0,0.0,0.0,0.0,0.0,0.0,0.0,0.0,0.0,0.0,0.0,0.0,0.0,3.03
2012-12-03,0.0,0.0,0.0,0.0,0.0,0.0,0.0,0.0,0.0,0.0,0.0,0.0,0.0,0.0,0.0,0.0,0.0,0.0,0.0,0.0,0.0,0.0,0.0,0.0,0.0,0.0,0.0,0.0,0.0,0.0,0.0,0.0,0.0,0.0,0.0,0.0,0.0,3.05
2012-12-04,0.0,0.0,0.0,0.0,0.0,0.0,0.0,0.0,0.0,0.0,0.0,0.0,0.0,0.0,0.0,0.0,0.0,0.0,0.0,0.0,0.0,0.0,0.0,0.0,0.0,0.0,0.0,0.0,0.0,0.0,0.0,0.0,0.0,0.0,0.0,0.0,0.0,3.03
2012-12-05,0.0,0.0,0.0,0.0,0.0,0.0,0.0,0.0,0.0,0.0,0.0,0.0,0.0,0.0,0.0,0.0,0.0,0.0,0.0,0.0,0.0,0.0,0.0,0.0,0.0,0.0,0.0,0.0,0.0,0.0,0.0,0.0,0.0,0.0,0.0,0.0,0.0,3.1
2012-12-06,0.0,0.0,0.0,0.0,0.0,0.0,0.0,0.0,0.0,0.0,0.0,0.0,0.0,0.0,0.0,0.0,0.0,0.0,0.0,0.0,0.0,0.0,0.0,0.0,0.0,0.0,0.0,0.0,0.0,0.0,0.0,0.0,0.0,0.0,0.0,0.0,0.0,3.1
2012-12-07,0.0,0.0,0.0,0.0,0.0,0.0,0.0,0.0,0.0,0.0,0.0,0.0,0.0,0.0,0.0,0.0,0.0,0.0,0.0,0.0,0.0,0.0,0.0,0.0,0.0,0.0,0.0,0.0,0.0,0.0,0.0,0.0,0.0,0.0,0.0,0.0,0.0,3.18
2012-12-10,0.0,0.0,0.0,0.0,0.0,0.0,0.0,0.0,0.0,0.0,0.0,0.0,0.0,0.0,0.0,0.0,0.0,0.0,0.0,0.0,0.0,0.0,0.0,0.0,0.0,0.0,0.0,0.0,0.0,0.0,0.0,0.0,0.0,0.0,0.0,0.0,0.0,3.19
2012-12-11,0.0,0.0,0.0,0.0,0.0,0.0,0.0,0.0,0.0,0.0,0.0,0.0,0.0,0.0,0.0,0.0,0.0,0.0,0.0,0.0,0.0,0.0,0.0,0.0,0.0,0.0,0.0,0.0,0.0,0.0,0.0,0.0,0.0,0.0,0.0,0.0,0.0,3.19
2012-12-12,0.0,0.0,0.0,0.0,0.0,0.0,0.0,0.0,0.0,0.0,0.0,0.0,0.0,0.0,0.0,0.0,0.0,0.0,0.0,0.0,0.0,0.0,0.0,0.0,0.0,0.0,0.0,0.0,0.0,0.0,0.0,0.0,0.0,0.0,0.0,0.0,0.0,3.22
2012-12-13,0.0,0.0,0.0,0.0,0.0,0.0,0.0,0.0,0.0,0.0,0.0,0.0,0.0,0.0,0.0,0.0,0.0,0.0,0.0,0.0,0.0,0.0,0.0,0.0,0.0,0.0,0.0,0.0,0.0,0.0,0.0,0.0,0.0,0.0,0.0,0.0,0.0,3.15
2012-12-14,0.0,0.0,0.0,0.0,0.0,0.0,0.0,0.0,0.0,0.0,0.0,0.0,0.0,0.0,0.0,0.0,0.0,0.0,0.0,0.0,0.0,0.0,0.0,0.0,0.0,0.0,0.0,0.0,0.0,0.0,0.0,0.0,0.0,0.0,0.0,0.0,0.0,3.1
2012-12-17,0.0,0.0,0.0,0.0,0.0,0.0,0.0,0.0,0.0,0.0,0.0,0.0,0.0,0.0,0.0,0.0,0.0,0.0,0.0,0.0,0.0,0.0,0.0,0.0,0.0,0.0,0.0,0.0,0.0,0.0,0.0,0.0,0.0,0.0,0.0,0.0,0.0,3.01
2012-12-18,0.0,0.0,0.0,0.0,0.0,0.0,0.0,0.0,0.0,0.0,0.0,0.0,0.0,0.0,0.0,0.0,0.0,0.0,0.0,0.0,0.0,0.0,0.0,0.0,0.0,0.0,0.0,0.0,0.0,0.0,0.0,0.0,0.0,0.0,0.0,0.0,0.0,3.1
2012-12-19,0.0,0.0,0.0,0.0,0.0,0.0,0.0,0.0,0.0,0.0,0.0,0.0,0.0,0.0,0.0,0.0,0.0,0.0,0.0,0.0,0.0,0.0,0.0,0.0,0.0,0.0,0.0,0.0,0.0,0.0,0.0,0.0,0.0,0.0,0.0,0.0,0.0,3.01
2012-12-20,0.0,0.0,0.0,0.0,0.0,0.0,0.0,0.0,0.0,0.0,0.0,0.0,0.0,0.0,0.0,0.0,0.0,0.0,0.0,0.0,0.0,0.0,0.0,0.0,0.0,0.0,0.0,0.0,0.0,0.0,0.0,0.0,0.0,0.0,0.0,0.0,0.0,3.01
2012-12-21,0.0,0.0,0.0,0.0,0.0,0.0,0.0,0.0,0.0,0.0,0.0,0.0,0.0,0.0,0.0,0.0,0.0,0.0,0.0,0.0,0.0,0.0,0.0,0.0,0.0,0.0,0.0,0.0,0.0,0.0,0.0,0.0,0.0,0.0,0.0,0.0,0.0,2.9
2012-12-24,0.0,0.0,0.0,0.0,0.0,0.0,0.0,0.0,0.0,0.0,0.0,0.0,0.0,0.0,0.0,0.0,0.0,0.0,0.0,0.0,0.0,0.0,0.0,0.0,0.0,0.0,0.0,0.0,0.0,0.0,0.0,0.0,0.0,0.0,0.0,0.0,0.0,2.86
2012-12-27,0.0,0.0,0.0,0.0,0.0,0.0,0.0,0.0,0.0,0.0,0.0,0.0,0.0,0.0,0.0,0.0,0.0,0.0,0.0,0.0,0.0,0.0,0.0,0.0,0.0,0.0,0.0,0.0,0.0,0.0,0.0,0.0,0.0,0.0,0.0,0.0,0.0,2.92
2012-12-28,0.0,0.0,0.0,0.0,0.0,0.0,0.0,0.0,0.0,0.0,0.0,0.0,0.0,0.0,0.0,0.0,0.0,0.0,0.0,0.0,0.0,0.0,0.0,0.0,0.0,0.0,0.0,0.0,0.0,0.0,0.0,0.0,0.0,0.0,0.0,0.0,0.0,2.85
2012-12-31,0.0,0.0,0.0,0.0,0.0,0.0,0.0,0.0,0.0,0.0,0.0,0.0,0.0,0.0,0.0,0.0,0.0,0.0,0.0,0.0,0.0,0.0,0.0,0.0,0.0,0.0,0.0,0.0,0.0,0.0,0.0,0.0,0.0,0.0,0.0,0.0,0.0,3.0
2013-01-02,0.0,0.0,0.0,0.0,0.0,0.0,0.0,0.0,0.0,0.0,0.0,0.0,0.0,0.0,0.0,0.0,0.0,0.0,0.0,0.0,0.0,0.0,0.0,0.0,0.0,0.0,0.0,0.0,0.0,0.0,0.0,0.0,0.0,0.0,0.0,0.0,0.0,3.0
2013-01-03,0.0,0.0,0.0,0.0,0.0,0.0,0.0,0.0,0.0,0.0,0.0,0.0,0.0,0.0,0.0,0.0,0.0,0.0,0.0,0.0,0.0,0.0,0.0,0.0,0.0,0.0,0.0,0.0,0.0,0.0,0.0,0.0,0.0,0.0,0.0,0.0,0.0,3.05
2013-01-04,0.0,0.0,0.0,0.0,0.0,0.0,0.0,0.0,0.0,0.0,0.0,0.0,0.0,0.0,0.0,0.0,0.0,0.0,0.0,0.0,0.0,0.0,0.0,0.0,0.0,0.0,0.0,0.0,0.0,0.0,0.0,0.0,0.0,0.0,0.0,0.0,0.0,3.05
2013-01-07,0.0,0.0,0.0,0.0,0.0,0.0,0.0,0.0,0.0,0.0,0.0,0.0,0.0,0.0,0.0,0.0,0.0,0.0,0.0,0.0,0.0,0.0,0.0,0.0,0.0,0.0,0.0,0.0,0.0,0.0,0.0,0.0,0.0,0.0,0.0,0.0,0.0,3.07
2013-01-08,0.0,0.0,0.0,0.0,0.0,0.0,0.0,0.0,0.0,0.0,0.0,0.0,0.0,0.0,0.0,0.0,0.0,0.0,0.0,0.0,0.0,0.0,0.0,0.0,0.0,0.0,0.0,0.0,0.0,0.0,0.0,0.0,0.0,0.0,0.0,0.0,0.0,3.0
2013-01-09,0.0,0.0,0.0,0.0,0.0,0.0,0.0,0.0,0.0,0.0,0.0,0.0,0.0,0.0,0.0,0.0,0.0,0.0,0.0,0.0,0.0,0.0,0.0,0.0,0.0,0.0,0.0,0.0,0.0,0.0,0.0,0.0,0.0,0.0,0.0,0.0,0.0,3.25
2013-01-10,0.0,0.0,0.0,0.0,0.0,0.0,0.0,0.0,0.0,0.0,0.0,0.0,0.0,0.0,0.0,0.0,0.0,0.0,0.0,0.0,0.0,0.0,0.0,0.0,0.0,0.0,0.0,0.0,0.0,0.0,0.0,0.0,0.0,0.0,0.0,0.0,0.0,3.2
2013-01-11,0.0,0.0,0.0,0.0,0.0,0.0,0.0,0.0,0.0,0.0,0.0,0.0,0.0,0.0,0.0,0.0,0.0,0.0,0.0,0.0,0.0,0.0,0.0,0.0,0.0,0.0,0.0,0.0,0.0,0.0,0.0,0.0,0.0,0.0,0.0,0.0,0.0,3.2
2013-01-14,0.0,0.0,0.0,0.0,0.0,0.0,0.0,0.0,0.0,0.0,0.0,0.0,0.0,0.0,0.0,0.0,0.0,0.0,0.0,0.0,0.0,0.0,0.0,0.0,0.0,0.0,0.0,0.0,0.0,0.0,0.0,0.0,0.0,0.0,0.0,0.0,0.0,3.2
2013-01-15,0.0,0.0,0.0,0.0,0.0,0.0,0.0,0.0,0.0,0.0,0.0,0.0,0.0,0.0,0.0,0.0,0.0,0.0,0.0,0.0,0.0,0.0,0.0,0.0,0.0,0.0,0.0,0.0,0.0,0.0,0.0,0.0,0.0,0.0,0.0,0.0,0.0,3.15
2013-01-16,0.0,0.0,0.0,0.0,0.0,0.0,0.0,0.0,0.0,0.0,0.0,0.0,0.0,0.0,0.0,0.0,0.0,0.0,0.0,0.0,0.0,0.0,0.0,0.0,0.0,0.0,0.0,0.0,0.0,0.0,0.0,0.0,0.0,0.0,0.0,0.0,0.0,3.15
2013-01-17,0.0,0.0,0.0,0.0,0.0,0.0,0.0,0.0,0.0,0.0,0.0,0.0,0.0,0.0,0.0,0.0,0.0,0.0,0.0,0.0,0.0,0.0,0.0,0.0,0.0,0.0,0.0,0.0,0.0,0.0,0.0,0.0,0.0,0.0,0.0,0.0,0.0,3.13
2013-01-18,0.0,0.0,0.0,0.0,0.0,0.0,0.0,0.0,0.0,0.0,0.0,0.0,0.0,0.0,0.0,0.0,0.0,0.0,0.0,0.0,0.0,0.0,0.0,0.0,0.0,0.0,0.0,0.0,0.0,0.0,0.0,0.0,0.0,0.0,0.0,0.0,0.0,3.13
2013-01-21,0.0,0.0,0.0,0.0,0.0,0.0,0.0,0.0,0.0,0.0,0.0,0.0,0.0,0.0,0.0,0.0,0.0,0.0,0.0,0.0,0.0,0.0,0.0,0.0,0.0,0.0,0.0,0.0,0.0,0.0,0.0,0.0,0.0,0.0,0.0,0.0,0.0,3.13
2013-01-22,0.0,0.0,0.0,0.0,0.0,0.0,0.0,0.0,0.0,0.0,0.0,0.0,0.0,0.0,0.0,0.0,0.0,0.0,0.0,0.0,0.0,0.0,0.0,0.0,0.0,0.0,0.0,0.0,0.0,0.0,0.0,0.0,0.0,0.0,0.0,0.0,0.0,3.13
2013-01-23,0.0,0.0,0.0,0.0,0.0,0.0,0.0,0.0,0.0,0.0,0.0,0.0,0.0,0.0,0.0,0.0,0.0,0.0,0.0,0.0,0.0,0.0,0.0,0.0,0.0,0.0,0.0,0.0,0.0,0.0,0.0,0.0,0.0,0.0,0.0,0.0,0.0,3.33
2013-01-24,0.0,0.0,0.0,0.0,0.0,0.0,0.0,0.0,0.0,0.0,0.0,0.0,0.0,0.0,0.0,0.0,0.0,0.0,0.0,0.0,0.0,0.0,0.0,0.0,0.0,0.0,0.0,0.0,0.0,0.0,0.0,0.0,0.0,0.0,0.0,0.0,0.0,3.33
2013-01-25,0.0,0.0,0.0,0.0,0.0,0.0,0.0,0.0,0.0,0.0,0.0,0.0,0.0,0.0,0.0,0.0,0.0,0.0,0.0,0.0,0.0,0.0,0.0,0.0,0.0,0.0,0.0,0.0,0.0,0.0,0.0,0.0,0.0,0.0,0.0,0.0,0.0,3.33
2013-01-28,0.0,0.0,0.0,0.0,0.0,0.0,0.0,0.0,0.0,0.0,0.0,0.0,0.0,0.0,0.0,0.0,0.0,0.0,0.0,0.0,0.0,0.0,0.0,0.0,0.0,0.0,0.0,0.0,0.0,0.0,0.0,0.0,0.0,0.0,0.0,0.0,0.0,3.2
2013-01-29,0.0,0.0,0.0,0.0,0.0,0.0,0.0,0.0,0.0,0.0,0.0,0.0,0.0,0.0,0.0,0.0,0.0,0.0,0.0,0.0,0.0,0.0,0.0,0.0,0.0,0.0,0.0,0.0,0.0,0.0,0.0,0.0,0.0,0.0,0.0,0.0,0.0,3.2
2013-01-30,0.0,0.0,0.0,0.0,0.0,0.0,0.0,0.0,0.0,0.0,0.0,0.0,0.0,0.0,0.0,0.0,0.0,0.0,0.0,0.0,0.0,0.0,0.0,0.0,0.0,0.0,0.0,0.0,0.0,0.0,0.0,0.0,0.0,0.0,0.0,0.0,0.0,3.5
2013-01-31,0.0,0.0,0.0,0.0,0.0,0.0,0.0,0.0,0.0,0.0,0.0,0.0,0.0,0.0,0.0,0.0,0.0,0.0,0.0,0.0,0.0,0.0,0.0,0.0,0.0,0.0,0.0,0.0,0.0,0.0,0.0,0.0,0.0,0.0,0.0,0.0,0.0,3.4
2013-02-01,0.0,0.0,0.0,0.0,0.0,0.0,0.0,0.0,0.0,0.0,0.0,0.0,0.0,0.0,0.0,0.0,0.0,0.0,0.0,0.0,0.0,0.0,0.0,0.0,0.0,0.0,0.0,0.0,0.0,0.0,0.0,0.0,0.0,0.0,0.0,0.0,0.0,3.5
2013-02-04,0.0,0.0,0.0,0.0,0.0,0.0,0.0,0.0,0.0,0.0,0.0,0.0,0.0,0.0,0.0,0.0,0.0,0.0,0.0,0.0,0.0,0.0,0.0,0.0,0.0,0.0,0.0,0.0,0.0,0.0,0.0,0.0,0.0,0.0,0.0,0.0,0.0,3.5
2013-02-05,0.0,0.0,0.0,0.0,0.0,0.0,0.0,0.0,0.0,0.0,0.0,0.0,0.0,0.0,0.0,0.0,0.0,0.0,0.0,0.0,0.0,0.0,0.0,0.0,0.0,0.0,0.0,0.0,0.0,0.0,0.0,0.0,0.0,0.0,0.0,0.0,0.0,3.5
2013-02-06,0.0,0.0,0.0,0.0,0.0,0.0,0.0,0.0,0.0,0.0,0.0,0.0,0.0,0.0,0.0,0.0,0.0,0.0,0.0,0.0,0.0,0.0,0.0,0.0,0.0,0.0,0.0,0.0,0.0,0.0,0.0,0.0,0.0,0.0,0.0,0.0,0.0,3.5
2013-02-07,0.0,0.0,0.0,0.0,0.0,0.0,0.0,0.0,0.0,0.0,0.0,0.0,0.0,0.0,0.0,0.0,0.0,0.0,0.0,0.0,0.0,0.0,0.0,0.0,0.0,0.0,0.0,0.0,0.0,0.0,0.0,0.0,0.0,0.0,0.0,0.0,0.0,3.4
2013-02-08,0.0,0.0,0.0,0.0,0.0,0.0,0.0,0.0,0.0,0.0,0.0,0.0,0.0,0.0,0.0,0.0,0.0,0.0,0.0,0.0,0.0,0.0,0.0,0.0,0.0,0.0,0.0,0.0,0.0,0.0,0.0,0.0,0.0,0.0,0.0,0.0,0.0,3.35
2013-02-11,0.0,0.0,0.0,0.0,0.0,0.0,0.0,0.0,0.0,0.0,0.0,0.0,0.0,0.0,0.0,0.0,0.0,0.0,0.0,0.0,0.0,0.0,0.0,0.0,0.0,0.0,0.0,0.0,0.0,0.0,0.0,0.0,0.0,0.0,0.0,0.0,0.0,3.25
2013-02-12,0.0,0.0,0.0,0.0,0.0,0.0,0.0,0.0,0.0,0.0,0.0,0.0,0.0,0.0,0.0,0.0,0.0,0.0,0.0,0.0,0.0,0.0,0.0,0.0,0.0,0.0,0.0,0.0,0.0,0.0,0.0,0.0,0.0,0.0,0.0,0.0,0.0,3.26
2013-02-13,0.0,0.0,0.0,0.0,0.0,0.0,0.0,0.0,0.0,0.0,0.0,0.0,0.0,0.0,0.0,0.0,0.0,0.0,0.0,0.0,0.0,0.0,0.0,0.0,0.0,0.0,0.0,0.0,0.0,0.0,0.0,0.0,0.0,0.0,0.0,0.0,0.0,3.2
2013-02-14,0.0,0.0,0.0,0.0,0.0,0.0,0.0,0.0,0.0,0.0,0.0,0.0,0.0,0.0,0.0,0.0,0.0,0.0,0.0,0.0,0.0,0.0,0.0,0.0,0.0,0.0,0.0,0.0,0.0,0.0,0.0,0.0,0.0,0.0,0.0,0.0,0.0,3.1
2013-02-15,0.0,0.0,0.0,0.0,0.0,0.0,0.0,0.0,0.0,0.0,0.0,0.0,0.0,0.0,0.0,0.0,0.0,0.0,0.0,0.0,0.0,0.0,0.0,0.0,0.0,0.0,0.0,0.0,0.0,0.0,0.0,0.0,0.0,0.0,0.0,0.0,0.0,3.1
2013-02-18,0.0,0.0,0.0,0.0,0.0,0.0,0.0,0.0,0.0,0.0,0.0,0.0,0.0,0.0,0.0,0.0,0.0,0.0,0.0,0.0,0.0,0.0,0.0,0.0,0.0,0.0,0.0,0.0,0.0,0.0,0.0,0.0,0.0,0.0,0.0,0.0,0.0,3.06
2013-02-19,0.0,0.0,0.0,0.0,0.0,0.0,0.0,0.0,0.0,0.0,0.0,0.0,0.0,0.0,0.0,0.0,0.0,0.0,0.0,0.0,0.0,0.0,0.0,0.0,0.0,0.0,0.0,0.0,0.0,0.0,0.0,0.0,0.0,0.0,0.0,0.0,0.0,3.06
2013-02-20,0.0,0.0,0.0,0.0,0.0,0.0,0.0,0.0,0.0,0.0,0.0,0.0,0.0,0.0,0.0,0.0,0.0,0.0,0.0,0.0,0.0,0.0,0.0,0.0,0.0,0.0,0.0,0.0,0.0,0.0,0.0,0.0,0.0,0.0,0.0,0.0,0.0,3.1
2013-02-21,0.0,0.0,0.0,0.0,0.0,0.0,0.0,0.0,0.0,0.0,0.0,0.0,0.0,0.0,0.0,0.0,0.0,0.0,0.0,0.0,0.0,0.0,0.0,0.0,0.0,0.0,0.0,0.0,0.0,0.0,0.0,0.0,0.0,0.0,0.0,0.0,0.0,3.01
2013-02-22,0.0,0.0,0.0,0.0,0.0,0.0,0.0,0.0,0.0,0.0,0.0,0.0,0.0,0.0,0.0,0.0,0.0,0.0,0.0,0.0,0.0,0.0,0.0,0.0,0.0,0.0,0.0,0.0,0.0,0.0,0.0,0.0,0.0,0.0,0.0,0.0,0.0,3.01
2013-02-25,0.0,0.0,0.0,0.0,0.0,0.0,0.0,0.0,0.0,0.0,0.0,0.0,0.0,0.0,0.0,0.0,0.0,0.0,0.0,0.0,0.0,0.0,0.0,0.0,0.0,0.0,0.0,0.0,0.0,0.0,0.0,0.0,0.0,0.0,0.0,0.0,0.0,3.0
2013-02-26,0.0,0.0,0.0,0.0,0.0,0.0,0.0,0.0,0.0,0.0,0.0,0.0,0.0,0.0,0.0,0.0,0.0,0.0,0.0,0.0,0.0,0.0,0.0,0.0,0.0,0.0,0.0,0.0,0.0,0.0,0.0,0.0,0.0,0.0,0.0,0.0,0.0,2.93
2013-02-27,0.0,0.0,0.0,0.0,0.0,0.0,0.0,0.0,0.0,0.0,0.0,0.0,0.0,0.0,0.0,0.0,0.0,0.0,0.0,0.0,0.0,0.0,0.0,0.0,0.0,0.0,0.0,0.0,0.0,0.0,0.0,0.0,0.0,0.0,0.0,0.0,0.0,2.93
2013-02-28,0.0,0.0,0.0,0.0,0.0,0.0,0.0,0.0,0.0,0.0,0.0,0.0,0.0,0.0,0.0,0.0,0.0,0.0,0.0,0.0,0.0,0.0,0.0,0.0,0.0,0.0,0.0,0.0,0.0,0.0,0.0,0.0,0.0,0.0,0.0,0.0,0.0,2.93
2013-03-01,0.0,0.0,0.0,0.0,0.0,0.0,0.0,0.0,0.0,0.0,0.0,0.0,0.0,0.0,0.0,0.0,0.0,0.0,0.0,0.0,0.0,0.0,0.0,0.0,0.0,0.0,0.0,0.0,0.0,0.0,0.0,0.0,0.0,0.0,0.0,0.0,0.0,2.99
2013-03-04,0.0,0.0,0.0,0.0,0.0,0.0,0.0,0.0,0.0,0.0,0.0,0.0,0.0,0.0,0.0,0.0,0.0,0.0,0.0,0.0,0.0,0.0,0.0,0.0,0.0,0.0,0.0,0.0,0.0,0.0,0.0,0.0,0.0,0.0,0.0,0.0,0.0,2.91
2013-03-05,0.0,0.0,0.0,0.0,0.0,0.0,0.0,0.0,0.0,0.0,0.0,0.0,0.0,0.0,0.0,0.0,0.0,0.0,0.0,0.0,0.0,0.0,0.0,0.0,0.0,0.0,0.0,0.0,0.0,0.0,0.0,0.0,0.0,0.0,0.0,0.0,0.0,2.9
2013-03-06,0.0,0.0,0.0,0.0,0.0,0.0,0.0,0.0,0.0,0.0,0.0,0.0,0.0,0.0,0.0,0.0,0.0,0.0,0.0,0.0,0.0,0.0,0.0,0.0,0.0,0.0,0.0,0.0,0.0,0.0,0.0,0.0,0.0,0.0,0.0,0.0,0.0,3.0
2013-03-07,0.0,0.0,0.0,0.0,0.0,0.0,0.0,0.0,0.0,0.0,0.0,0.0,0.0,0.0,0.0,0.0,0.0,0.0,0.0,0.0,0.0,0.0,0.0,0.0,0.0,0.0,0.0,0.0,0.0,0.0,0.0,0.0,0.0,0.0,0.0,0.0,0.0,3.25
2013-03-08,0.0,0.0,0.0,0.0,0.0,0.0,0.0,0.0,0.0,0.0,0.0,0.0,0.0,0.0,0.0,0.0,0.0,0.0,0.0,0.0,0.0,0.0,0.0,0.0,0.0,0.0,0.0,0.0,0.0,0.0,0.0,0.0,0.0,0.0,0.0,0.0,0.0,3.25
2013-03-11,0.0,0.0,0.0,0.0,0.0,0.0,0.0,0.0,0.0,0.0,0.0,0.0,0.0,0.0,0.0,0.0,0.0,0.0,0.0,0.0,0.0,0.0,0.0,0.0,0.0,0.0,0.0,0.0,0.0,0.0,0.0,0.0,0.0,0.0,0.0,0.0,0.0,3.29
2013-03-12,0.0,0.0,0.0,0.0,0.0,0.0,0.0,0.0,0.0,0.0,0.0,0.0,0.0,0.0,0.0,0.0,0.0,0.0,0.0,0.0,0.0,0.0,0.0,0.0,0.0,0.0,0.0,0.0,0.0,0.0,0.0,0.0,0.0,0.0,0.0,0.0,0.0,3.3
2013-03-13,0.0,0.0,0.0,0.0,0.0,0.0,0.0,0.0,0.0,0.0,0.0,0.0,0.0,0.0,0.0,0.0,0.0,0.0,0.0,0.0,0.0,0.0,0.0,0.0,0.0,0.0,0.0,0.0,0.0,0.0,0.0,0.0,0.0,0.0,0.0,0.0,0.0,3.3
2013-03-14,0.0,0.0,0.0,0.0,0.0,0.0,0.0,0.0,0.0,0.0,0.0,0.0,0.0,0.0,0.0,0.0,0.0,0.0,0.0,0.0,0.0,0.0,0.0,0.0,0.0,0.0,0.0,0.0,0.0,0.0,0.0,0.0,0.0,0.0,0.0,0.0,0.0,3.3
2013-03-15,0.0,0.0,0.0,0.0,0.0,0.0,0.0,0.0,0.0,0.0,0.0,0.0,0.0,0.0,0.0,0.0,0.0,0.0,0.0,0.0,0.0,0.0,0.0,0.0,0.0,0.0,0.0,0.0,0.0,0.0,0.0,0.0,0.0,0.0,0.0,0.0,0.0,3.3
2013-03-18,0.0,0.0,0.0,0.0,0.0,0.0,0.0,0.0,0.0,0.0,0.0,0.0,0.0,0.0,0.0,0.0,0.0,0.0,0.0,0.0,0.0,0.0,0.0,0.0,0.0,0.0,0.0,0.0,0.0,0.0,0.0,0.0,0.0,0.0,0.0,0.0,0.0,3.45
2013-03-19,0.0,0.0,0.0,0.0,0.0,0.0,0.0,0.0,0.0,0.0,0.0,0.0,0.0,0.0,0.0,0.0,0.0,0.0,0.0,0.0,0.0,0.0,0.0,0.0,0.0,0.0,0.0,0.0,0.0,0.0,0.0,0.0,0.0,0.0,0.0,0.0,0.0,3.35
2013-03-20,0.0,0.0,0.0,0.0,0.0,0.0,0.0,0.0,0.0,0.0,0.0,0.0,0.0,0.0,0.0,0.0,0.0,0.0,0.0,0.0,0.0,0.0,0.0,0.0,0.0,0.0,0.0,0.0,0.0,0.0,0.0,0.0,0.0,0.0,0.0,0.0,0.0,3.3
2013-03-21,0.0,0.0,0.0,0.0,0.0,0.0,0.0,0.0,0.0,0.0,0.0,0.0,0.0,0.0,0.0,0.0,0.0,0.0,0.0,0.0,0.0,0.0,0.0,0.0,0.0,0.0,0.0,0.0,0.0,0.0,0.0,0.0,0.0,0.0,0.0,0.0,0.0,3.3
2013-03-22,0.0,0.0,0.0,0.0,0.0,0.0,0.0,0.0,0.0,0.0,0.0,0.0,0.0,0.0,0.0,0.0,0.0,0.0,0.0,0.0,0.0,0.0,0.0,0.0,0.0,0.0,0.0,0.0,0.0,0.0,0.0,0.0,0.0,0.0,0.0,0.0,0.0,3.3
2013-03-25,0.0,0.0,0.0,0.0,0.0,0.0,0.0,0.0,0.0,0.0,0.0,0.0,0.0,0.0,0.0,0.0,0.0,0.0,0.0,0.0,0.0,0.0,0.0,0.0,0.0,0.0,0.0,0.0,0.0,0.0,0.0,0.0,0.0,0.0,0.0,0.0,0.0,3.25
2013-03-26,0.0,0.0,0.0,0.0,0.0,0.0,0.0,0.0,0.0,0.0,0.0,0.0,0.0,0.0,0.0,0.0,0.0,0.0,0.0,0.0,0.0,0.0,0.0,0.0,0.0,0.0,0.0,0.0,0.0,0.0,0.0,0.0,0.0,0.0,0.0,0.0,0.0,3.2
2013-03-27,0.0,0.0,0.0,0.0,0.0,0.0,0.0,0.0,0.0,0.0,0.0,0.0,0.0,0.0,0.0,0.0,0.0,0.0,0.0,0.0,0.0,0.0,0.0,0.0,0.0,0.0,0.0,0.0,0.0,0.0,0.0,0.0,0.0,0.0,0.0,0.0,0.0,3.1
2013-03-28,0.0,0.0,0.0,0.0,0.0,0.0,0.0,0.0,0.0,0.0,0.0,0.0,0.0,0.0,0.0,0.0,0.0,0.0,0.0,0.0,0.0,0.0,0.0,0.0,0.0,0.0,0.0,0.0,0.0,0.0,0.0,0.0,0.0,0.0,0.0,0.0,0.0,3.15
2013-04-02,0.0,0.0,0.0,0.0,0.0,0.0,0.0,0.0,0.0,0.0,0.0,0.0,0.0,0.0,0.0,0.0,0.0,0.0,0.0,0.0,0.0,0.0,0.0,0.0,0.0,0.0,0.0,0.0,0.0,0.0,0.0,0.0,0.0,0.0,0.0,0.0,0.0,3.25
2013-04-03,0.0,0.0,0.0,0.0,0.0,0.0,0.0,0.0,0.0,0.0,0.0,0.0,0.0,0.0,0.0,0.0,0.0,0.0,0.0,0.0,0.0,0.0,0.0,0.0,0.0,0.0,0.0,0.0,0.0,0.0,0.0,0.0,0.0,0.0,0.0,0.0,0.0,3.15
2013-04-04,0.0,0.0,0.0,0.0,0.0,0.0,0.0,0.0,0.0,0.0,0.0,0.0,0.0,0.0,0.0,0.0,0.0,0.0,0.0,0.0,0.0,0.0,0.0,0.0,0.0,0.0,0.0,0.0,0.0,0.0,0.0,0.0,0.0,0.0,0.0,0.0,0.0,3.28
2013-04-05,0.0,0.0,0.0,0.0,0.0,0.0,0.0,0.0,0.0,0.0,0.0,0.0,0.0,0.0,0.0,0.0,0.0,0.0,0.0,0.0,0.0,0.0,0.0,0.0,0.0,0.0,0.0,0.0,0.0,0.0,0.0,0.0,0.0,0.0,0.0,0.0,0.0,3.15
2013-04-08,0.0,0.0,0.0,0.0,0.0,0.0,0.0,0.0,0.0,0.0,0.0,0.0,0.0,0.0,0.0,0.0,0.0,0.0,0.0,0.0,0.0,0.0,0.0,0.0,0.0,0.0,0.0,0.0,0.0,0.0,0.0,0.0,0.0,0.0,0.0,0.0,0.0,3.1
2013-04-09,0.0,0.0,0.0,0.0,0.0,0.0,0.0,0.0,0.0,0.0,0.0,0.0,0.0,0.0,0.0,0.0,0.0,0.0,0.0,0.0,0.0,0.0,0.0,0.0,0.0,0.0,0.0,0.0,0.0,0.0,0.0,0.0,0.0,0.0,0.0,0.0,0.0,3.1
2013-04-10,0.0,0.0,0.0,0.0,0.0,0.0,0.0,0.0,0.0,0.0,0.0,0.0,0.0,0.0,0.0,0.0,0.0,0.0,0.0,0.0,0.0,0.0,0.0,0.0,0.0,0.0,0.0,0.0,0.0,0.0,0.0,0.0,0.0,0.0,0.0,0.0,0.0,3.1
2013-04-11,0.0,0.0,0.0,0.0,0.0,0.0,0.0,0.0,0.0,0.0,0.0,0.0,0.0,0.0,0.0,0.0,0.0,0.0,0.0,0.0,0.0,0.0,0.0,0.0,0.0,0.0,0.0,0.0,0.0,0.0,0.0,0.0,0.0,0.0,0.0,0.0,0.0,3.1
2013-04-12,0.0,0.0,0.0,0.0,0.0,0.0,0.0,0.0,0.0,0.0,0.0,0.0,0.0,0.0,0.0,0.0,0.0,0.0,0.0,0.0,0.0,0.0,0.0,0.0,0.0,0.0,0.0,0.0,0.0,0.0,0.0,0.0,0.0,0.0,0.0,0.0,0.0,3.15
2013-04-15,0.0,0.0,0.0,0.0,0.0,0.0,0.0,0.0,0.0,0.0,0.0,0.0,0.0,0.0,0.0,0.0,0.0,0.0,0.0,0.0,0.0,0.0,0.0,0.0,0.0,0.0,0.0,0.0,0.0,0.0,0.0,0.0,0.0,0.0,0.0,0.0,0.0,3.1
2013-04-16,0.0,0.0,0.0,0.0,0.0,0.0,0.0,0.0,0.0,0.0,0.0,0.0,0.0,0.0,0.0,0.0,0.0,0.0,0.0,0.0,0.0,0.0,0.0,0.0,0.0,0.0,0.0,0.0,0.0,0.0,0.0,0.0,0.0,0.0,0.0,0.0,0.0,3.05
2013-04-17,0.0,0.0,0.0,0.0,0.0,0.0,0.0,0.0,0.0,0.0,0.0,0.0,0.0,0.0,0.0,0.0,0.0,0.0,0.0,0.0,0.0,0.0,0.0,0.0,0.0,0.0,0.0,0.0,0.0,0.0,0.0,0.0,0.0,0.0,0.0,0.0,0.0,3.05
2013-04-18,0.0,0.0,0.0,0.0,0.0,0.0,0.0,0.0,0.0,0.0,0.0,0.0,0.0,0.0,0.0,0.0,0.0,0.0,0.0,0.0,0.0,0.0,0.0,0.0,0.0,0.0,0.0,0.0,0.0,0.0,0.0,0.0,0.0,0.0,0.0,0.0,0.0,3.09
2013-04-19,0.0,0.0,0.0,0.0,0.0,0.0,0.0,0.0,0.0,0.0,0.0,0.0,0.0,0.0,0.0,0.0,0.0,0.0,0.0,0.0,0.0,0.0,0.0,0.0,0.0,0.0,0.0,0.0,0.0,0.0,0.0,0.0,0.0,0.0,0.0,0.0,0.0,3.09
2013-04-22,0.0,0.0,0.0,0.0,0.0,0.0,0.0,0.0,0.0,0.0,0.0,0.0,0.0,0.0,0.0,0.0,0.0,0.0,0.0,0.0,0.0,0.0,0.0,0.0,0.0,0.0,0.0,0.0,0.0,0.0,0.0,0.0,0.0,0.0,0.0,0.0,0.0,3.0
2013-04-23,0.0,0.0,0.0,0.0,0.0,0.0,0.0,0.0,0.0,0.0,0.0,0.0,0.0,0.0,0.0,0.0,0.0,0.0,0.0,0.0,0.0,0.0,0.0,0.0,0.0,0.0,0.0,0.0,0.0,0.0,0.0,0.0,0.0,0.0,0.0,0.0,0.0,3.0
2013-04-24,0.0,0.0,0.0,0.0,0.0,0.0,0.0,0.0,0.0,0.0,0.0,0.0,0.0,0.0,0.0,0.0,0.0,0.0,0.0,0.0,0.0,0.0,0.0,0.0,0.0,0.0,0.0,0.0,0.0,0.0,0.0,0.0,0.0,0.0,0.0,0.0,0.0,3.0
2013-04-25,0.0,0.0,0.0,0.0,0.0,0.0,0.0,0.0,0.0,0.0,0.0,0.0,0.0,0.0,0.0,0.0,0.0,0.0,0.0,0.0,0.0,0.0,0.0,0.0,0.0,0.0,0.0,0.0,0.0,0.0,0.0,0.0,0.0,0.0,0.0,0.0,0.0,3.01
2013-04-26,0.0,0.0,0.0,0.0,0.0,0.0,0.0,0.0,0.0,0.0,0.0,0.0,0.0,0.0,0.0,0.0,0.0,0.0,0.0,0.0,0.0,0.0,0.0,0.0,0.0,0.0,0.0,0.0,0.0,0.0,0.0,0.0,0.0,0.0,0.0,0.0,0.0,3.66
2013-04-29,0.0,0.0,0.0,0.0,0.0,0.0,0.0,0.0,0.0,0.0,0.0,0.0,0.0,0.0,0.0,0.0,0.0,0.0,0.0,0.0,0.0,0.0,0.0,0.0,0.0,0.0,0.0,0.0,0.0,0.0,0.0,0.0,0.0,0.0,0.0,0.0,0.0,3.8
2013-04-30,0.0,0.0,0.0,0.0,0.0,0.0,0.0,0.0,0.0,0.0,0.0,0.0,0.0,0.0,0.0,0.0,0.0,0.0,0.0,0.0,0.0,0.0,0.0,0.0,0.0,0.0,0.0,0.0,0.0,0.0,0.0,0.0,0.0,0.0,0.0,0.0,0.0,3.87
2013-05-02,0.0,0.0,0.0,0.0,0.0,0.0,0.0,0.0,0.0,0.0,0.0,0.0,0.0,0.0,0.0,0.0,0.0,0.0,0.0,0.0,0.0,0.0,0.0,0.0,0.0,0.0,0.0,0.0,0.0,0.0,0.0,0.0,0.0,0.0,0.0,0.0,0.0,3.87
2013-05-03,0.0,0.0,0.0,0.0,0.0,0.0,0.0,0.0,0.0,0.0,0.0,0.0,0.0,0.0,0.0,0.0,0.0,0.0,0.0,0.0,0.0,0.0,0.0,0.0,0.0,0.0,0.0,0.0,0.0,0.0,0.0,0.0,0.0,0.0,0.0,0.0,0.0,3.85
2013-05-06,0.0,0.0,0.0,0.0,0.0,0.0,0.0,0.0,0.0,0.0,0.0,0.0,0.0,0.0,0.0,0.0,0.0,0.0,0.0,0.0,0.0,0.0,0.0,0.0,0.0,0.0,0.0,0.0,0.0,0.0,0.0,0.0,0.0,0.0,0.0,0.0,0.0,3.81
2013-05-07,0.0,0.0,0.0,0.0,0.0,0.0,0.0,0.0,0.0,0.0,0.0,0.0,0.0,0.0,0.0,0.0,0.0,0.0,0.0,0.0,0.0,0.0,0.0,0.0,0.0,0.0,0.0,0.0,0.0,0.0,0.0,0.0,0.0,0.0,0.0,0.0,0.0,3.8
2013-05-08,0.0,0.0,0.0,0.0,0.0,0.0,0.0,0.0,0.0,0.0,0.0,0.0,0.0,0.0,0.0,0.0,0.0,0.0,0.0,0.0,0.0,0.0,0.0,0.0,0.0,0.0,0.0,0.0,0.0,0.0,0.0,0.0,0.0,0.0,0.0,0.0,0.0,3.75
2013-05-09,0.0,0.0,0.0,0.0,0.0,0.0,0.0,0.0,0.0,0.0,0.0,0.0,0.0,0.0,0.0,0.0,0.0,0.0,0.0,0.0,0.0,0.0,0.0,0.0,0.0,0.0,0.0,0.0,0.0,0.0,0.0,0.0,0.0,0.0,0.0,0.0,0.0,3.75
2013-05-10,0.0,0.0,0.0,0.0,0.0,0.0,0.0,0.0,0.0,0.0,0.0,0.0,0.0,0.0,0.0,0.0,0.0,0.0,0.0,0.0,0.0,0.0,0.0,0.0,0.0,0.0,0.0,0.0,0.0,0.0,0.0,0.0,0.0,0.0,0.0,0.0,0.0,3.85
2013-05-13,0.0,0.0,0.0,0.0,0.0,0.0,0.0,0.0,0.0,0.0,0.0,0.0,0.0,0.0,0.0,0.0,0.0,0.0,0.0,0.0,0.0,0.0,0.0,0.0,0.0,0.0,0.0,0.0,0.0,0.0,0.0,0.0,0.0,0.0,0.0,0.0,0.0,3.8
2013-05-14,0.0,0.0,0.0,0.0,0.0,0.0,0.0,0.0,0.0,0.0,0.0,0.0,0.0,0.0,0.0,0.0,0.0,0.0,0.0,0.0,0.0,0.0,0.0,0.0,0.0,0.0,0.0,0.0,0.0,0.0,0.0,0.0,0.0,0.0,0.0,0.0,0.0,3.82
2013-05-15,0.0,0.0,0.0,0.0,0.0,0.0,0.0,0.0,0.0,0.0,0.0,0.0,0.0,0.0,0.0,0.0,0.0,0.0,0.0,0.0,0.0,0.0,0.0,0.0,0.0,0.0,0.0,0.0,0.0,0.0,0.0,0.0,0.0,0.0,0.0,0.0,0.0,4.0
2013-05-16,0.0,0.0,0.0,0.0,0.0,0.0,0.0,0.0,0.0,0.0,0.0,0.0,0.0,0.0,0.0,0.0,0.0,0.0,0.0,0.0,0.0,0.0,0.0,0.0,0.0,0.0,0.0,0.0,0.0,0.0,0.0,0.0,0.0,0.0,0.0,0.0,0.0,4.0
2013-05-17,0.0,0.0,0.0,0.0,0.0,0.0,0.0,0.0,0.0,0.0,0.0,0.0,0.0,0.0,0.0,0.0,0.0,0.0,0.0,0.0,0.0,0.0,0.0,0.0,0.0,0.0,0.0,0.0,0.0,0.0,0.0,0.0,0.0,0.0,0.0,0.0,0.0,4.2
2013-05-20,0.0,0.0,0.0,0.0,0.0,0.0,0.0,0.0,0.0,0.0,0.0,0.0,0.0,0.0,0.0,0.0,0.0,0.0,0.0,0.0,0.0,0.0,0.0,0.0,0.0,0.0,0.0,0.0,0.0,0.0,0.0,0.0,0.0,0.0,0.0,0.0,0.0,4.98
2013-05-21,0.0,0.0,0.0,0.0,0.0,0.0,0.0,0.0,0.0,0.0,0.0,0.0,0.0,0.0,0.0,0.0,0.0,0.0,0.0,0.0,0.0,0.0,0.0,0.0,0.0,0.0,0.0,0.0,0.0,0.0,0.0,0.0,0.0,0.0,0.0,0.0,0.0,4.97
2013-05-22,0.0,0.0,0.0,0.0,0.0,0.0,0.0,0.0,0.0,0.0,0.0,0.0,0.0,0.0,0.0,0.0,0.0,0.0,0.0,0.0,0.0,0.0,0.0,0.0,0.0,0.0,0.0,0.0,0.0,0.0,0.0,0.0,0.0,0.0,0.0,0.0,0.0,5.34
2013-05-23,0.0,0.0,0.0,0.0,0.0,0.0,0.0,0.0,0.0,0.0,0.0,0.0,0.0,0.0,0.0,0.0,0.0,0.0,0.0,0.0,0.0,0.0,0.0,0.0,0.0,0.0,0.0,0.0,0.0,0.0,0.0,0.0,0.0,0.0,0.0,0.0,0.0,5.34
2013-05-24,0.0,0.0,0.0,0.0,0.0,0.0,0.0,0.0,0.0,0.0,0.0,0.0,0.0,0.0,0.0,0.0,0.0,0.0,0.0,0.0,0.0,0.0,0.0,0.0,0.0,0.0,0.0,0.0,0.0,0.0,0.0,0.0,0.0,0.0,0.0,0.0,0.0,4.85
2013-05-27,0.0,0.0,0.0,0.0,0.0,0.0,0.0,0.0,0.0,0.0,0.0,0.0,0.0,0.0,0.0,0.0,0.0,0.0,0.0,0.0,0.0,0.0,0.0,0.0,0.0,0.0,0.0,0.0,0.0,0.0,0.0,0.0,0.0,0.0,0.0,0.0,0.0,4.68
2013-05-28,0.0,0.0,0.0,0.0,0.0,0.0,0.0,0.0,0.0,0.0,0.0,0.0,0.0,0.0,0.0,0.0,0.0,0.0,0.0,0.0,0.0,0.0,0.0,0.0,0.0,0.0,0.0,0.0,0.0,0.0,0.0,0.0,0.0,0.0,0.0,0.0,0.0,4.95
2013-05-29,0.0,0.0,0.0,0.0,0.0,0.0,0.0,0.0,0.0,0.0,0.0,0.0,0.0,0.0,0.0,0.0,0.0,0.0,0.0,0.0,0.0,0.0,0.0,0.0,0.0,0.0,0.0,0.0,0.0,0.0,0.0,0.0,0.0,0.0,0.0,0.0,0.0,4.94
2013-05-30,0.0,0.0,0.0,0.0,0.0,0.0,0.0,0.0,0.0,0.0,0.0,0.0,0.0,0.0,0.0,0.0,0.0,0.0,0.0,0.0,0.0,0.0,0.0,0.0,0.0,0.0,0.0,0.0,0.0,0.0,0.0,0.0,0.0,0.0,0.0,0.0,0.0,5.0
2013-05-31,0.0,0.0,0.0,0.0,0.0,0.0,0.0,0.0,0.0,0.0,0.0,0.0,0.0,0.0,0.0,0.0,0.0,0.0,0.0,0.0,0.0,0.0,0.0,0.0,0.0,0.0,0.0,0.0,0.0,0.0,0.0,0.0,0.0,0.0,0.0,0.0,0.0,5.05
2013-06-03,0.0,0.0,0.0,0.0,0.0,0.0,0.0,0.0,0.0,0.0,0.0,0.0,0.0,0.0,0.0,0.0,0.0,0.0,0.0,0.0,0.0,0.0,0.0,0.0,0.0,0.0,0.0,0.0,0.0,999.0,4881.43,0.01,0.0,0.0,0.0,0.0,0.0,5.0
2013-06-04,0.0,0.0,0.0,0.0,0.0,0.0,0.0,0.0,0.0,0.0,0.0,0.0,0.0,0.0,0.0,0.0,0.0,0.0,0.0,0.0,0.0,0.0,0.0,0.0,0.0,0.0,0.0,0.0,0.0,999.0,4881.43,0.01,0.0,0.0,0.0,0.0,0.0,5.0
2013-06-05,0.0,0.0,0.0,0.0,0.0,0.0,0.0,0.0,0.0,0.0,0.0,0.0,0.0,0.0,0.0,0.0,0.0,0.0,0.0,0.0,0.0,0.0,0.0,0.0,0.0,0.0,0.0,0.0,0.0,999.0,4881.43,0.01,0.0,0.0,0.0,0.0,0.0,5.0
2013-06-06,0.0,0.0,0.0,0.0,0.0,0.0,0.0,0.0,0.0,0.0,0.0,0.0,0.0,0.0,0.0,0.0,0.0,0.0,0.0,0.0,0.0,0.0,0.0,0.0,0.0,0.0,0.0,0.0,0.0,999.0,4881.43,0.0,0.0,0.0,0.0,0.0,0.0,5.0
2013-06-07,0.0,0.0,0.0,0.0,0.0,0.0,0.0,0.0,0.0,0.0,0.0,0.0,0.0,0.0,0.0,0.0,0.0,0.0,0.0,0.0,0.0,0.0,0.0,0.0,0.0,0.0,0.0,0.0,0.0,999.0,4881.43,0.01,0.0,0.0,0.0,0.0,0.0,5.0
2013-06-10,0.0,0.0,0.0,0.0,0.0,0.0,0.0,0.0,0.0,0.0,0.0,0.0,0.0,0.0,0.0,0.0,0.0,0.0,0.0,0.0,0.0,0.0,0.0,0.0,0.0,0.0,0.0,0.0,0.0,999.0,4881.43,0.01,0.0,0.0,0.0,0.0,0.0,5.0
2013-06-11,0.0,0.0,0.0,0.0,0.0,0.0,0.0,0.0,0.0,0.0,0.0,0.0,0.0,0.0,0.0,0.0,0.0,0.0,0.0,0.0,0.0,0.0,0.0,0.0,0.0,0.0,0.0,0.0,0.0,999.0,4871.66,0.01,0.0,0.0,0.0,0.0,0.0,4.99
2013-06-12,0.0,0.0,0.0,0.0,0.0,0.0,0.0,0.0,0.0,0.0,0.0,0.0,0.0,0.0,0.0,0.0,0.0,0.0,0.0,0.0,0.0,0.0,0.0,0.0,0.0,0.0,0.0,0.0,0.0,999.0,4832.61,0.01,0.0,0.0,0.0,0.0,0.0,4.95
2013-06-13,0.0,0.0,0.0,0.0,0.0,0.0,0.0,0.0,0.0,0.0,0.0,0.0,0.0,0.0,0.0,0.0,0.0,0.0,0.0,0.0,0.0,0.0,0.0,0.0,0.0,0.0,0.0,0.0,0.0,999.0,4744.75,0.0,0.0,0.0,0.0,0.0,0.0,4.86
2013-06-14,0.0,0.0,0.0,0.0,0.0,0.0,0.0,0.0,0.0,0.0,0.0,0.0,0.0,0.0,0.0,0.0,0.0,0.0,0.0,0.0,0.0,0.0,0.0,0.0,0.0,0.0,0.0,0.0,0.0,999.0,4637.35,0.0,0.0,0.0,0.0,0.0,0.0,4.75
2013-06-17,0.0,0.0,0.0,0.0,0.0,0.0,0.0,0.0,0.0,0.0,0.0,0.0,0.0,0.0,0.0,0.0,0.0,0.0,0.0,0.0,0.0,0.0,0.0,0.0,0.0,0.0,0.0,0.0,0.0,999.0,4295.65,0.0,0.0,0.0,0.0,0.0,0.0,4.4
2013-06-18,0.0,0.0,0.0,0.0,0.0,0.0,0.0,0.0,0.0,0.0,0.0,0.0,0.0,0.0,0.0,0.0,0.0,0.0,0.0,0.0,0.0,0.0,0.0,0.0,0.0,0.0,0.0,0.0,0.0,999.0,4295.65,0.0,0.0,0.0,0.0,0.0,0.0,4.4
2013-06-19,0.0,0.0,0.0,0.0,0.0,0.0,0.0,0.0,0.0,0.0,0.0,0.0,0.0,0.0,0.0,0.0,0.0,0.0,0.0,0.0,0.0,0.0,0.0,0.0,0.0,0.0,0.0,0.0,0.0,999.0,4256.6,0.0,0.0,0.0,0.0,0.0,0.0,4.36
2013-06-20,0.0,0.0,0.0,0.0,0.0,0.0,0.0,0.0,0.0,0.0,0.0,0.0,0.0,0.0,0.0,0.0,0.0,0.0,0.0,0.0,0.0,0.0,0.0,0.0,0.0,0.0,0.0,0.0,0.0,999.0,4334.71,0.0,0.0,0.0,0.0,0.0,0.0,4.44
2013-06-21,0.0,0.0,0.0,0.0,0.0,0.0,0.0,0.0,0.0,0.0,0.0,0.0,0.0,0.0,0.0,0.0,0.0,0.0,0.0,0.0,0.0,0.0,0.0,0.0,0.0,0.0,0.0,0.0,0.0,999.0,4471.39,0.0,0.0,0.0,0.0,0.0,0.0,4.58
2013-06-24,0.0,0.0,0.0,0.0,0.0,0.0,0.0,0.0,0.0,0.0,0.0,0.0,0.0,0.0,0.0,0.0,0.0,0.0,0.0,0.0,0.0,0.0,0.0,0.0,0.0,0.0,0.0,0.0,0.0,999.0,4442.1,0.0,0.0,0.0,0.0,0.0,0.0,4.55
2013-06-25,0.0,0.0,0.0,0.0,0.0,0.0,0.0,0.0,0.0,0.0,0.0,0.0,0.0,0.0,0.0,0.0,0.0,0.0,0.0,0.0,0.0,0.0,0.0,0.0,0.0,0.0,0.0,0.0,0.0,999.0,4217.55,0.0,0.0,0.0,0.0,0.0,0.0,4.32
2013-06-26,0.0,0.0,0.0,0.0,0.0,0.0,0.0,0.0,0.0,0.0,0.0,0.0,0.0,0.0,0.0,0.0,0.0,0.0,0.0,0.0,0.0,0.0,0.0,0.0,0.0,0.0,0.0,0.0,0.0,999.0,4217.55,0.0,0.0,0.0,0.0,0.0,0.0,4.32
2013-06-27,0.0,0.0,0.0,0.0,0.0,0.0,0.0,0.0,0.0,0.0,0.0,0.0,0.0,0.0,0.0,0.0,0.0,0.0,0.0,0.0,0.0,0.0,0.0,0.0,0.0,0.0,0.0,0.0,0.0,999.0,4198.03,0.0,0.0,0.0,0.0,0.0,0.0,4.3
2013-06-28,0.0,0.0,0.0,0.0,0.0,0.0,0.0,0.0,0.0,0.0,0.0,0.0,0.0,0.0,0.0,0.0,0.0,0.0,0.0,0.0,0.0,0.0,0.0,0.0,0.0,0.0,0.0,0.0,0.0,999.0,4295.65,0.0,0.0,0.0,0.0,0.0,0.0,4.4
2013-07-01,0.0,0.0,0.0,0.0,0.0,0.0,0.0,0.0,0.0,0.0,0.0,0.0,0.0,0.0,0.0,0.0,0.0,0.0,0.0,0.0,0.0,0.0,0.0,0.0,0.0,0.0,0.0,0.0,0.0,999.0,4295.65,0.0,0.0,0.0,0.0,0.0,0.0,4.4
2013-07-02,0.0,0.0,0.0,0.0,0.0,0.0,0.0,0.0,0.0,0.0,0.0,0.0,0.0,0.0,0.0,0.0,0.0,0.0,0.0,0.0,0.0,0.0,0.0,0.0,0.0,0.0,0.0,0.0,0.0,999.0,4295.65,0.0,0.0,0.0,0.0,0.0,0.0,4.4
2013-07-03,0.0,0.0,0.0,0.0,0.0,0.0,0.0,0.0,0.0,0.0,0.0,0.0,0.0,0.0,0.0,0.0,0.0,0.0,0.0,0.0,0.0,0.0,0.0,0.0,0.0,0.0,0.0,0.0,0.0,999.0,4295.65,0.0,0.0,0.0,0.0,0.0,0.0,4.4
2013-07-04,0.0,0.0,0.0,0.0,0.0,0.0,0.0,0.0,0.0,0.0,0.0,0.0,0.0,0.0,0.0,0.0,0.0,0.0,0.0,0.0,0.0,0.0,0.0,0.0,0.0,0.0,0.0,0.0,0.0,999.0,4344.47,0.0,0.0,0.0,0.0,0.0,0.0,4.45
2013-07-05,0.0,0.0,0.0,0.0,0.0,0.0,0.0,0.0,0.0,0.0,0.0,0.0,0.0,0.0,0.0,0.0,0.0,0.0,0.0,0.0,0.0,0.0,0.0,0.0,0.0,0.0,0.0,0.0,0.0,999.0,4344.47,0.0,0.0,0.0,0.0,0.0,0.0,4.45
2013-07-08,0.0,0.0,0.0,0.0,0.0,0.0,0.0,0.0,0.0,0.0,0.0,0.0,0.0,0.0,0.0,0.0,0.0,0.0,0.0,0.0,0.0,0.0,0.0,0.0,0.0,0.0,0.0,0.0,0.0,999.0,4344.47,0.0,0.0,0.0,0.0,0.0,0.0,4.45
2013-07-09,0.0,0.0,0.0,0.0,0.0,0.0,0.0,0.0,0.0,0.0,0.0,0.0,0.0,0.0,0.0,0.0,0.0,0.0,0.0,0.0,0.0,0.0,0.0,0.0,0.0,0.0,0.0,0.0,0.0,999.0,4207.79,0.0,0.0,0.0,0.0,0.0,0.0,4.31
2013-07-10,0.0,0.0,0.0,0.0,0.0,0.0,0.0,0.0,0.0,0.0,0.0,0.0,0.0,0.0,0.0,0.0,0.0,0.0,0.0,0.0,0.0,0.0,0.0,0.0,0.0,0.0,0.0,0.0,0.0,999.0,4198.03,0.0,0.0,0.0,0.0,0.0,0.0,4.3
2013-07-11,0.0,0.0,0.0,0.0,0.0,0.0,0.0,0.0,0.0,0.0,0.0,0.0,0.0,0.0,0.0,0.0,0.0,0.0,0.0,0.0,0.0,0.0,0.0,0.0,0.0,0.0,0.0,0.0,0.0,999.0,4198.03,0.0,0.0,0.0,0.0,0.0,0.0,4.3
2013-07-12,0.0,0.0,0.0,0.0,0.0,0.0,0.0,0.0,0.0,0.0,0.0,0.0,0.0,0.0,0.0,0.0,0.0,0.0,0.0,0.0,0.0,0.0,0.0,0.0,0.0,0.0,0.0,0.0,0.0,999.0,4198.03,0.0,0.0,0.0,0.0,0.0,0.0,4.3
2013-07-15,0.0,0.0,0.0,0.0,0.0,0.0,0.0,0.0,0.0,0.0,0.0,0.0,0.0,0.0,0.0,0.0,0.0,0.0,0.0,0.0,0.0,0.0,0.0,0.0,0.0,0.0,0.0,0.0,0.0,999.0,4119.92,0.0,0.0,0.0,0.0,0.0,0.0,4.22
2013-07-16,0.0,0.0,0.0,0.0,0.0,0.0,0.0,0.0,0.0,0.0,0.0,0.0,0.0,0.0,0.0,0.0,0.0,0.0,0.0,0.0,0.0,0.0,0.0,0.0,0.0,0.0,0.0,0.0,0.0,999.0,4198.03,0.0,0.0,0.0,0.0,0.0,0.0,4.3
2013-07-17,0.0,0.0,0.0,0.0,0.0,0.0,0.0,0.0,0.0,0.0,0.0,0.0,0.0,0.0,0.0,0.0,0.0,0.0,0.0,0.0,0.0,0.0,0.0,0.0,0.0,0.0,0.0,0.0,0.0,999.0,4246.84,0.0,0.0,0.0,0.0,0.0,0.0,4.35
2013-07-18,0.0,0.0,0.0,0.0,0.0,0.0,0.0,0.0,0.0,0.0,0.0,0.0,0.0,0.0,0.0,0.0,0.0,0.0,0.0,0.0,0.0,0.0,0.0,0.0,0.0,0.0,0.0,0.0,0.0,999.0,4246.84,0.0,0.0,0.0,0.0,0.0,0.0,4.35
2013-07-19,0.0,0.0,0.0,0.0,0.0,0.0,0.0,0.0,0.0,0.0,0.0,0.0,0.0,0.0,0.0,0.0,0.0,0.0,0.0,0.0,0.0,0.0,0.0,0.0,0.0,0.0,0.0,0.0,0.0,999.0,4295.65,0.0,0.0,0.0,0.0,0.0,0.0,4.4
2013-07-22,0.0,0.0,0.0,0.0,0.0,0.0,0.0,0.0,0.0,0.0,0.0,0.0,0.0,0.0,0.0,0.0,0.0,0.0,0.0,0.0,0.0,0.0,0.0,0.0,0.0,0.0,0.0,0.0,0.0,999.0,4295.65,0.0,0.0,0.0,0.0,0.0,0.0,4.4
2013-07-23,0.0,0.0,0.0,0.0,0.0,0.0,0.0,0.0,0.0,0.0,0.0,0.0,0.0,0.0,0.0,0.0,0.0,0.0,0.0,0.0,0.0,0.0,0.0,0.0,0.0,0.0,0.0,0.0,0.0,999.0,4295.65,0.0,0.0,0.0,0.0,0.0,0.0,4.4
2013-07-24,0.0,0.0,0.0,0.0,0.0,0.0,0.0,0.0,0.0,0.0,0.0,0.0,0.0,0.0,0.0,0.0,0.0,0.0,0.0,0.0,0.0,0.0,0.0,0.0,0.0,0.0,0.0,0.0,0.0,999.0,4266.37,0.0,0.0,0.0,0.0,0.0,0.0,4.37
2013-07-25,0.0,0.0,0.0,0.0,0.0,0.0,0.0,0.0,0.0,0.0,0.0,0.0,0.0,0.0,0.0,0.0,0.0,0.0,0.0,0.0,0.0,0.0,0.0,0.0,0.0,0.0,0.0,0.0,0.0,999.0,4207.79,0.0,0.0,0.0,0.0,0.0,0.0,4.31
2013-07-26,0.0,0.0,0.0,0.0,0.0,0.0,0.0,0.0,0.0,0.0,0.0,0.0,0.0,0.0,0.0,0.0,0.0,0.0,0.0,0.0,0.0,0.0,0.0,0.0,0.0,0.0,0.0,0.0,0.0,999.0,4324.94,0.0,0.0,0.0,0.0,0.0,0.0,4.43
2013-07-29,0.0,0.0,0.0,0.0,0.0,0.0,0.0,0.0,0.0,0.0,0.0,0.0,0.0,0.0,0.0,0.0,0.0,0.0,0.0,0.0,0.0,0.0,0.0,0.0,0.0,0.0,0.0,0.0,0.0,999.0,4324.94,0.0,0.0,0.0,0.0,0.0,0.0,4.43
2013-07-30,0.0,0.0,0.0,0.0,0.0,0.0,0.0,0.0,0.0,0.0,0.0,0.0,0.0,0.0,0.0,0.0,0.0,0.0,0.0,0.0,0.0,0.0,0.0,0.0,0.0,0.0,0.0,0.0,0.0,999.0,4442.1,0.0,0.0,0.0,0.0,0.0,0.0,4.55
2013-07-31,0.0,0.0,0.0,0.0,0.0,0.0,0.0,0.0,0.0,0.0,0.0,0.0,0.0,0.0,0.0,0.0,0.0,0.0,0.0,0.0,0.0,0.0,0.0,0.0,0.0,0.0,0.0,0.0,0.0,999.0,4354.23,0.0,0.0,0.0,0.0,0.0,0.0,4.46
2013-08-01,0.0,0.0,0.0,0.0,0.0,0.0,0.0,0.0,0.0,0.0,0.0,0.0,0.0,0.0,0.0,0.0,0.0,0.0,0.0,0.0,0.0,0.0,0.0,0.0,0.0,0.0,0.0,0.0,0.0,999.0,4295.65,0.0,0.0,0.0,0.0,0.0,0.0,4.4
2013-08-02,0.0,0.0,0.0,0.0,0.0,0.0,0.0,0.0,0.0,0.0,0.0,0.0,0.0,0.0,0.0,0.0,0.0,0.0,0.0,0.0,0.0,0.0,0.0,0.0,0.0,0.0,0.0,0.0,0.0,999.0,4490.91,0.0,0.0,0.0,0.0,0.0,0.0,4.6
2013-08-05,0.0,0.0,0.0,0.0,0.0,0.0,0.0,0.0,0.0,0.0,0.0,0.0,0.0,0.0,0.0,0.0,0.0,0.0,0.0,0.0,0.0,0.0,0.0,0.0,0.0,0.0,0.0,0.0,0.0,999.0,4490.91,0.0,0.0,0.0,0.0,0.0,0.0,4.6
2013-08-06,0.0,0.0,0.0,0.0,0.0,0.0,0.0,0.0,0.0,0.0,0.0,0.0,0.0,0.0,0.0,0.0,0.0,0.0,0.0,0.0,0.0,0.0,0.0,0.0,0.0,0.0,0.0,0.0,0.0,999.0,4393.28,0.0,0.0,0.0,0.0,0.0,0.0,4.5
2013-08-07,0.0,0.0,0.0,0.0,0.0,0.0,0.0,0.0,0.0,0.0,0.0,0.0,0.0,0.0,0.0,0.0,0.0,0.0,0.0,0.0,0.0,0.0,0.0,0.0,0.0,0.0,0.0,0.0,0.0,999.0,4344.47,0.0,0.0,0.0,0.0,0.0,0.0,4.45
2013-08-08,0.0,0.0,0.0,0.0,0.0,0.0,0.0,0.0,0.0,0.0,0.0,0.0,0.0,0.0,0.0,0.0,0.0,0.0,0.0,0.0,0.0,0.0,0.0,0.0,0.0,0.0,0.0,0.0,0.0,999.0,4276.13,0.0,0.0,0.0,0.0,0.0,0.0,4.38
2013-08-09,0.0,0.0,0.0,0.0,0.0,0.0,0.0,0.0,0.0,0.0,0.0,0.0,0.0,0.0,0.0,0.0,0.0,0.0,0.0,0.0,0.0,0.0,0.0,0.0,0.0,0.0,0.0,0.0,0.0,999.0,4393.28,0.0,0.0,0.0,0.0,0.0,0.0,4.5
2013-08-12,0.0,0.0,0.0,0.0,0.0,0.0,0.0,0.0,0.0,0.0,0.0,0.0,0.0,0.0,0.0,0.0,0.0,0.0,0.0,0.0,0.0,0.0,0.0,0.0,0.0,0.0,0.0,0.0,0.0,999.0,4393.28,0.0,0.0,0.0,0.0,0.0,0.0,4.5
2013-08-13,0.0,0.0,0.0,0.0,0.0,0.0,0.0,0.0,0.0,0.0,0.0,0.0,0.0,0.0,0.0,0.0,0.0,0.0,0.0,0.0,0.0,0.0,0.0,0.0,0.0,0.0,0.0,0.0,0.0,999.0,4442.1,0.0,0.0,0.0,0.0,0.0,0.0,4.55
2013-08-14,0.0,0.0,0.0,0.0,0.0,0.0,0.0,0.0,0.0,0.0,0.0,0.0,0.0,0.0,0.0,0.0,0.0,0.0,0.0,0.0,0.0,0.0,0.0,0.0,0.0,0.0,0.0,0.0,0.0,999.0,4393.28,0.0,0.0,0.0,0.0,0.0,0.0,4.5
2013-08-15,0.0,0.0,0.0,0.0,0.0,0.0,0.0,0.0,0.0,0.0,0.0,0.0,0.0,0.0,0.0,0.0,0.0,0.0,0.0,0.0,0.0,0.0,0.0,0.0,0.0,0.0,0.0,0.0,0.0,999.0,4344.47,0.0,0.0,0.0,0.0,0.0,0.0,4.45
2013-08-16,0.0,0.0,0.0,0.0,0.0,0.0,0.0,0.0,0.0,0.0,0.0,0.0,0.0,0.0,0.0,0.0,0.0,0.0,0.0,0.0,0.0,0.0,0.0,0.0,0.0,0.0,0.0,0.0,0.0,999.0,4344.47,0.0,0.0,0.0,0.0,0.0,0.0,4.45
2013-08-19,0.0,0.0,0.0,0.0,0.0,0.0,0.0,0.0,0.0,0.0,0.0,0.0,0.0,0.0,0.0,0.0,0.0,0.0,0.0,0.0,0.0,0.0,0.0,0.0,0.0,0.0,0.0,0.0,0.0,999.0,4393.28,0.0,0.0,0.0,0.0,0.0,0.0,4.5
2013-08-20,0.0,0.0,0.0,0.0,0.0,0.0,0.0,0.0,0.0,0.0,0.0,0.0,0.0,0.0,0.0,0.0,0.0,0.0,0.0,0.0,0.0,0.0,0.0,0.0,0.0,0.0,0.0,0.0,0.0,999.0,4344.47,0.0,0.0,0.0,0.0,0.0,0.0,4.45
2013-08-21,0.0,0.0,0.0,0.0,0.0,0.0,0.0,0.0,0.0,0.0,0.0,0.0,0.0,0.0,0.0,0.0,0.0,0.0,0.0,0.0,0.0,0.0,0.0,0.0,0.0,0.0,0.0,0.0,0.0,999.0,4305.42,0.0,0.0,0.0,0.0,0.0,0.0,4.41
2013-08-22,0.0,0.0,0.0,0.0,0.0,0.0,0.0,0.0,0.0,0.0,0.0,0.0,0.0,0.0,0.0,0.0,0.0,0.0,0.0,0.0,0.0,0.0,0.0,0.0,0.0,0.0,0.0,0.0,0.0,999.0,4305.42,0.0,0.0,0.0,0.0,0.0,0.0,4.41
2013-08-23,0.0,0.0,0.0,0.0,0.0,0.0,0.0,0.0,0.0,0.0,0.0,0.0,0.0,0.0,0.0,0.0,0.0,0.0,0.0,0.0,0.0,0.0,0.0,0.0,0.0,0.0,0.0,0.0,0.0,999.0,4295.65,0.0,0.0,0.0,0.0,0.0,0.0,4.4
2013-08-26,0.0,0.0,0.0,0.0,0.0,0.0,0.0,0.0,0.0,0.0,0.0,0.0,0.0,0.0,0.0,0.0,0.0,0.0,0.0,0.0,0.0,0.0,0.0,0.0,0.0,0.0,0.0,0.0,0.0,999.0,4295.65,0.0,0.0,0.0,0.0,0.0,0.0,4.4
2013-08-27,0.0,0.0,0.0,0.0,0.0,0.0,0.0,0.0,0.0,0.0,0.0,0.0,0.0,0.0,0.0,0.0,0.0,0.0,0.0,0.0,0.0,0.0,0.0,0.0,0.0,0.0,0.0,0.0,0.0,999.0,4149.21,0.0,0.0,0.0,0.0,0.0,0.0,4.25
2013-08-28,0.0,0.0,0.0,0.0,0.0,0.0,0.0,0.0,0.0,0.0,0.0,0.0,0.0,0.0,0.0,0.0,0.0,0.0,0.0,0.0,0.0,0.0,0.0,0.0,0.0,0.0,0.0,0.0,0.0,999.0,4100.4,0.0,0.0,0.0,0.0,0.0,0.0,4.2
2013-08-29,0.0,0.0,0.0,0.0,0.0,0.0,0.0,0.0,0.0,0.0,0.0,0.0,0.0,0.0,0.0,0.0,0.0,0.0,0.0,0.0,0.0,0.0,0.0,0.0,0.0,0.0,0.0,0.0,0.0,999.0,4110.16,0.0,0.0,0.0,0.0,0.0,0.0,4.21
2013-08-30,0.0,0.0,0.0,0.0,0.0,0.0,0.0,0.0,0.0,0.0,0.0,0.0,0.0,0.0,0.0,0.0,0.0,0.0,0.0,0.0,0.0,0.0,0.0,0.0,0.0,0.0,0.0,0.0,0.0,999.0,4100.4,0.0,0.0,0.0,0.0,0.0,0.0,4.2
2013-09-02,0.0,0.0,0.0,0.0,0.0,0.0,0.0,0.0,0.0,0.0,0.0,0.0,0.0,0.0,0.0,0.0,0.0,0.0,0.0,0.0,0.0,0.0,0.0,0.0,0.0,0.0,0.0,0.0,0.0,999.0,4100.4,0.0,0.0,0.0,0.0,0.0,0.0,4.2
2013-09-03,0.0,0.0,0.0,0.0,0.0,0.0,0.0,0.0,0.0,0.0,0.0,0.0,0.0,0.0,0.0,0.0,0.0,0.0,0.0,0.0,0.0,0.0,0.0,0.0,0.0,0.0,0.0,0.0,0.0,999.0,4246.84,0.0,0.0,0.0,0.0,0.0,0.0,4.35
2013-09-04,0.0,0.0,0.0,0.0,0.0,0.0,0.0,0.0,0.0,0.0,0.0,0.0,0.0,0.0,0.0,0.0,0.0,0.0,0.0,0.0,0.0,0.0,0.0,0.0,0.0,0.0,0.0,0.0,0.0,999.0,4373.76,0.0,0.0,0.0,0.0,0.0,0.0,4.48
2013-09-05,0.0,0.0,0.0,0.0,0.0,0.0,0.0,0.0,0.0,0.0,0.0,0.0,0.0,0.0,0.0,0.0,0.0,0.0,0.0,0.0,0.0,0.0,0.0,0.0,0.0,0.0,0.0,0.0,0.0,999.0,4393.28,0.0,0.0,0.0,0.0,0.0,0.0,4.5
2013-09-06,0.0,0.0,0.0,0.0,0.0,0.0,0.0,0.0,0.0,0.0,0.0,0.0,0.0,0.0,0.0,0.0,0.0,0.0,0.0,0.0,0.0,0.0,0.0,0.0,0.0,0.0,0.0,0.0,0.0,999.0,4344.47,0.0,0.0,0.0,0.0,0.0,0.0,4.45
2013-09-09,0.0,0.0,0.0,0.0,0.0,0.0,0.0,0.0,0.0,0.0,0.0,0.0,0.0,0.0,0.0,0.0,0.0,0.0,0.0,0.0,0.0,0.0,0.0,0.0,0.0,0.0,0.0,0.0,0.0,999.0,4051.58,0.0,0.0,0.0,0.0,0.0,0.0,4.15
2013-09-10,0.0,0.0,0.0,0.0,0.0,0.0,0.0,0.0,0.0,0.0,0.0,0.0,0.0,0.0,0.0,0.0,0.0,0.0,0.0,0.0,0.0,0.0,0.0,0.0,0.0,0.0,0.0,0.0,0.0,999.0,4100.4,0.0,0.0,0.0,0.0,0.0,0.0,4.2
2013-09-11,0.0,0.0,0.0,0.0,0.0,0.0,0.0,0.0,0.0,0.0,0.0,0.0,0.0,0.0,0.0,0.0,0.0,0.0,0.0,0.0,0.0,0.0,0.0,0.0,0.0,0.0,0.0,0.0,0.0,999.0,4012.53,0.0,0.0,0.0,0.0,0.0,0.0,4.11
2013-09-12,0.0,0.0,0.0,0.0,0.0,0.0,0.0,0.0,0.0,0.0,0.0,0.0,0.0,0.0,0.0,0.0,0.0,0.0,0.0,0.0,0.0,0.0,0.0,0.0,0.0,0.0,0.0,0.0,0.0,999.0,4012.53,0.0,0.0,0.0,0.0,0.0,0.0,4.11
2013-09-13,0.0,0.0,0.0,0.0,0.0,0.0,0.0,0.0,0.0,0.0,0.0,0.0,0.0,0.0,0.0,0.0,0.0,0.0,0.0,0.0,0.0,0.0,0.0,0.0,0.0,0.0,0.0,0.0,0.0,999.0,4051.58,0.0,0.0,0.0,0.0,0.0,0.0,4.15
2013-09-16,0.0,0.0,0.0,0.0,0.0,0.0,0.0,0.0,0.0,0.0,0.0,0.0,0.0,0.0,0.0,0.0,0.0,0.0,0.0,0.0,0.0,0.0,0.0,0.0,0.0,0.0,0.0,0.0,0.0,999.0,3924.67,0.0,0.0,0.0,0.0,0.0,0.0,4.02
2013-09-17,0.0,0.0,0.0,0.0,0.0,0.0,0.0,0.0,0.0,0.0,0.0,0.0,0.0,0.0,0.0,0.0,0.0,0.0,0.0,0.0,0.0,0.0,0.0,0.0,0.0,0.0,0.0,0.0,0.0,999.0,3856.33,0.0,0.0,0.0,0.0,0.0,0.0,3.95
2013-09-18,0.0,0.0,0.0,0.0,0.0,0.0,0.0,0.0,0.0,0.0,0.0,0.0,0.0,0.0,0.0,0.0,0.0,0.0,0.0,0.0,0.0,0.0,0.0,0.0,0.0,0.0,0.0,0.0,0.0,999.0,3856.33,0.0,0.0,0.0,0.0,0.0,0.0,3.95
2013-09-19,0.0,0.0,0.0,0.0,0.0,0.0,0.0,0.0,0.0,0.0,0.0,0.0,0.0,0.0,0.0,0.0,0.0,0.0,0.0,0.0,0.0,0.0,0.0,0.0,0.0,0.0,0.0,0.0,0.0,999.0,3807.51,0.0,0.0,0.0,0.0,0.0,0.0,3.9
2013-09-20,0.0,0.0,0.0,0.0,0.0,0.0,0.0,0.0,0.0,0.0,0.0,0.0,0.0,0.0,0.0,0.0,0.0,0.0,0.0,0.0,0.0,0.0,0.0,0.0,0.0,0.0,0.0,0.0,0.0,999.0,3807.51,0.0,0.0,0.0,0.0,0.0,0.0,3.9
2013-09-23,0.0,0.0,0.0,0.0,0.0,0.0,0.0,0.0,0.0,0.0,0.0,0.0,0.0,0.0,0.0,0.0,0.0,0.0,0.0,0.0,0.0,0.0,0.0,0.0,0.0,0.0,0.0,0.0,0.0,999.0,3758.7,0.0,0.0,0.0,0.0,0.0,0.0,3.85
2013-09-24,0.0,0.0,0.0,0.0,0.0,0.0,0.0,0.0,0.0,0.0,0.0,0.0,0.0,0.0,0.0,0.0,0.0,0.0,0.0,0.0,0.0,0.0,0.0,0.0,0.0,0.0,0.0,0.0,0.0,999.0,3807.51,0.0,0.0,0.0,0.0,0.0,0.0,3.9
2013-09-25,0.0,0.0,0.0,0.0,0.0,0.0,0.0,0.0,0.0,0.0,0.0,0.0,0.0,0.0,0.0,0.0,0.0,0.0,0.0,0.0,0.0,0.0,0.0,0.0,0.0,0.0,0.0,0.0,0.0,999.0,3700.12,0.0,0.0,0.0,0.0,0.0,0.0,3.79
2013-09-26,0.0,0.0,0.0,0.0,0.0,0.0,0.0,0.0,0.0,0.0,0.0,0.0,0.0,0.0,0.0,0.0,0.0,0.0,0.0,0.0,0.0,0.0,0.0,0.0,0.0,0.0,0.0,0.0,0.0,999.0,3709.88,0.0,0.0,0.0,0.0,0.0,0.0,3.8
2013-09-27,0.0,0.0,0.0,0.0,0.0,0.0,0.0,0.0,0.0,0.0,0.0,0.0,0.0,0.0,0.0,0.0,0.0,0.0,0.0,0.0,0.0,0.0,0.0,0.0,0.0,0.0,0.0,0.0,0.0,999.0,3709.88,0.0,0.0,0.0,0.0,0.0,0.0,3.8
2013-09-30,0.0,0.0,0.0,0.0,0.0,0.0,0.0,0.0,0.0,0.0,0.0,0.0,0.0,0.0,0.0,0.0,0.0,0.0,0.0,0.0,0.0,0.0,0.0,0.0,0.0,0.0,0.0,0.0,0.0,999.0,3719.65,0.0,0.0,0.0,0.0,0.0,0.0,3.81
2013-10-01,0.0,0.0,0.0,0.0,0.0,0.0,0.0,0.0,0.0,0.0,0.0,0.0,0.0,0.0,0.0,0.0,0.0,0.0,0.0,0.0,0.0,0.0,0.0,0.0,0.0,0.0,0.0,0.0,0.0,999.0,3807.51,0.0,0.0,0.0,0.0,0.0,0.0,3.9
2013-10-02,0.0,0.0,0.0,0.0,0.0,0.0,0.0,0.0,0.0,0.0,0.0,0.0,0.0,0.0,0.0,0.0,0.0,0.0,0.0,0.0,0.0,0.0,0.0,0.0,0.0,0.0,0.0,0.0,0.0,999.0,3797.75,0.0,0.0,0.0,0.0,0.0,0.0,3.89
2013-10-03,0.0,0.0,0.0,0.0,0.0,0.0,0.0,0.0,0.0,0.0,0.0,0.0,0.0,0.0,0.0,0.0,0.0,0.0,0.0,0.0,0.0,0.0,0.0,0.0,0.0,0.0,0.0,0.0,0.0,999.0,3797.75,0.0,0.0,0.0,0.0,0.0,0.0,3.89
2013-10-04,0.0,0.0,0.0,0.0,0.0,0.0,0.0,0.0,0.0,0.0,0.0,0.0,0.0,0.0,0.0,0.0,0.0,0.0,0.0,0.0,0.0,0.0,0.0,0.0,0.0,0.0,0.0,0.0,0.0,999.0,3690.36,0.0,0.0,0.0,0.0,0.0,0.0,3.78
2013-10-07,0.0,0.0,0.0,0.0,0.0,0.0,0.0,0.0,0.0,0.0,0.0,0.0,0.0,0.0,0.0,0.0,0.0,0.0,0.0,0.0,0.0,0.0,0.0,0.0,0.0,0.0,0.0,0.0,0.0,999.0,3709.88,0.0,0.0,0.0,0.0,0.0,0.0,3.8
2013-10-08,0.0,0.0,0.0,0.0,0.0,0.0,0.0,0.0,0.0,0.0,0.0,0.0,0.0,0.0,0.0,0.0,0.0,0.0,0.0,0.0,0.0,0.0,0.0,0.0,0.0,0.0,0.0,0.0,0.0,999.0,3709.88,0.0,0.0,0.0,0.0,0.0,0.0,3.8
2013-10-09,0.0,0.0,0.0,0.0,0.0,0.0,0.0,0.0,0.0,0.0,0.0,0.0,0.0,0.0,0.0,0.0,0.0,0.0,0.0,0.0,0.0,0.0,0.0,0.0,0.0,0.0,0.0,0.0,0.0,999.0,3661.07,0.0,0.0,0.0,0.0,0.0,0.0,3.75
2013-10-10,0.0,0.0,0.0,0.0,0.0,0.0,0.0,0.0,0.0,0.0,0.0,0.0,0.0,0.0,0.0,0.0,0.0,0.0,0.0,0.0,0.0,0.0,0.0,0.0,0.0,0.0,0.0,0.0,0.0,999.0,3622.02,0.0,0.0,0.0,0.0,0.0,0.0,3.71
2013-10-11,0.0,0.0,0.0,0.0,0.0,0.0,0.0,0.0,0.0,0.0,0.0,0.0,0.0,0.0,0.0,0.0,0.0,0.0,0.0,0.0,0.0,0.0,0.0,0.0,0.0,0.0,0.0,0.0,0.0,999.0,3602.49,0.0,0.0,0.0,0.0,0.0,0.0,3.69
2013-10-14,0.0,0.0,0.0,0.0,0.0,0.0,0.0,0.0,0.0,0.0,0.0,0.0,0.0,0.0,0.0,0.0,0.0,0.0,0.0,0.0,0.0,0.0,0.0,0.0,0.0,0.0,0.0,0.0,0.0,999.0,3465.81,0.0,0.0,0.0,0.0,0.0,0.0,3.55
2013-10-15,0.0,0.0,0.0,0.0,0.0,0.0,0.0,0.0,0.0,0.0,0.0,0.0,0.0,0.0,0.0,0.0,0.0,0.0,0.0,0.0,0.0,0.0,0.0,0.0,0.0,0.0,0.0,0.0,0.0,999.0,3417.0,0.0,0.0,0.0,0.0,0.0,0.0,3.5
2013-10-16,0.0,0.0,0.0,0.0,0.0,0.0,0.0,0.0,0.0,0.0,0.0,0.0,0.0,0.0,0.0,0.0,0.0,0.0,0.0,0.0,0.0,0.0,0.0,0.0,0.0,0.0,0.0,0.0,0.0,999.0,3377.95,0.0,0.0,0.0,0.0,0.0,0.0,3.46
2013-10-17,0.0,0.0,0.0,0.0,0.0,0.0,0.0,0.0,0.0,0.0,0.0,0.0,0.0,0.0,0.0,0.0,0.0,0.0,0.0,0.0,0.0,0.0,0.0,0.0,0.0,0.0,0.0,0.0,0.0,999.0,3514.63,0.0,0.0,0.0,0.0,0.0,0.0,3.6
2013-10-18,0.0,0.0,0.0,0.0,0.0,0.0,0.0,0.0,0.0,0.0,0.0,0.0,0.0,0.0,0.0,0.0,0.0,0.0,0.0,0.0,0.0,0.0,0.0,0.0,0.0,0.0,0.0,0.0,0.0,999.0,3661.07,0.0,0.0,0.0,0.0,0.0,0.0,3.75
2013-10-21,0.0,0.0,0.0,0.0,0.0,0.0,0.0,0.0,0.0,0.0,0.0,0.0,0.0,0.0,0.0,0.0,0.0,0.0,0.0,0.0,0.0,0.0,0.0,0.0,0.0,0.0,0.0,0.0,0.0,999.0,3709.88,0.0,0.0,0.0,0.0,0.0,0.0,3.8
2013-10-22,0.0,0.0,0.0,0.0,0.0,0.0,0.0,0.0,0.0,0.0,0.0,0.0,0.0,0.0,0.0,0.0,0.0,0.0,0.0,0.0,0.0,0.0,0.0,0.0,0.0,0.0,0.0,0.0,0.0,999.0,3612.26,0.0,0.0,0.0,0.0,0.0,0.0,3.7
2013-10-23,0.0,0.0,0.0,0.0,0.0,0.0,0.0,0.0,0.0,0.0,0.0,0.0,0.0,0.0,0.0,0.0,0.0,0.0,0.0,0.0,0.0,0.0,0.0,0.0,0.0,0.0,0.0,0.0,0.0,999.0,3709.88,0.0,0.0,0.0,0.0,0.0,0.0,3.8
2013-10-24,0.0,0.0,0.0,0.0,0.0,0.0,0.0,0.0,0.0,0.0,0.0,0.0,0.0,0.0,0.0,0.0,0.0,0.0,0.0,0.0,0.0,0.0,0.0,0.0,0.0,0.0,0.0,0.0,0.0,999.0,3661.07,0.0,0.0,0.0,0.0,0.0,0.0,3.75
2013-10-25,0.0,0.0,0.0,0.0,0.0,0.0,0.0,0.0,0.0,0.0,0.0,0.0,0.0,0.0,0.0,0.0,0.0,0.0,0.0,0.0,0.0,0.0,0.0,0.0,0.0,0.0,0.0,0.0,0.0,999.0,3690.36,0.0,0.0,0.0,0.0,0.0,0.0,3.78
2013-10-28,0.0,0.0,0.0,0.0,0.0,0.0,0.0,0.0,0.0,0.0,0.0,0.0,0.0,0.0,0.0,0.0,0.0,0.0,0.0,0.0,0.0,0.0,0.0,0.0,0.0,0.0,0.0,0.0,0.0,999.0,3680.59,0.0,0.0,0.0,0.0,0.0,0.0,3.77
2013-10-29,0.0,0.0,0.0,0.0,0.0,0.0,0.0,0.0,0.0,0.0,0.0,0.0,0.0,0.0,0.0,0.0,0.0,0.0,0.0,0.0,0.0,0.0,0.0,0.0,0.0,0.0,0.0,0.0,0.0,999.0,3680.59,0.0,0.0,0.0,0.0,0.0,0.0,3.77
2013-10-30,0.0,0.0,0.0,0.0,0.0,0.0,0.0,0.0,0.0,0.0,0.0,0.0,0.0,0.0,0.0,0.0,0.0,0.0,0.0,0.0,0.0,0.0,0.0,0.0,0.0,0.0,0.0,0.0,0.0,999.0,3709.88,0.0,0.0,0.0,0.0,0.0,0.0,3.8
2013-10-31,0.0,0.0,0.0,0.0,0.0,0.0,0.0,0.0,0.0,0.0,0.0,0.0,0.0,0.0,0.0,0.0,0.0,0.0,0.0,0.0,0.0,0.0,0.0,0.0,0.0,0.0,0.0,0.0,0.0,999.0,3748.93,0.0,0.0,0.0,0.0,0.0,0.0,3.84
2013-11-01,0.0,0.0,0.0,0.0,0.0,0.0,0.0,0.0,0.0,0.0,0.0,0.0,0.0,0.0,0.0,0.0,0.0,0.0,0.0,0.0,0.0,0.0,0.0,0.0,0.0,0.0,0.0,0.0,0.0,999.0,3797.75,0.0,0.0,0.0,0.0,0.0,0.0,3.89
2013-11-04,0.0,0.0,0.0,0.0,0.0,0.0,0.0,0.0,0.0,0.0,0.0,0.0,0.0,0.0,0.0,0.0,0.0,0.0,0.0,0.0,0.0,0.0,0.0,0.0,0.0,0.0,0.0,0.0,0.0,999.0,3807.51,0.0,0.0,0.0,0.0,0.0,0.0,3.9
2013-11-05,0.0,0.0,0.0,0.0,0.0,0.0,0.0,0.0,0.0,0.0,0.0,0.0,0.0,0.0,0.0,0.0,0.0,0.0,0.0,0.0,0.0,0.0,0.0,0.0,0.0,0.0,0.0,0.0,0.0,999.0,3758.7,0.0,0.0,0.0,0.0,0.0,0.0,3.85
2013-11-06,0.0,0.0,0.0,0.0,0.0,0.0,0.0,0.0,0.0,0.0,0.0,0.0,0.0,0.0,0.0,0.0,0.0,0.0,0.0,0.0,0.0,0.0,0.0,0.0,0.0,0.0,0.0,0.0,0.0,999.0,3661.07,0.0,0.0,0.0,0.0,0.0,0.0,3.75
2013-11-07,0.0,0.0,0.0,0.0,0.0,0.0,0.0,0.0,0.0,0.0,0.0,0.0,0.0,0.0,0.0,0.0,0.0,0.0,0.0,0.0,0.0,0.0,0.0,0.0,0.0,0.0,0.0,0.0,0.0,999.0,3709.88,0.0,0.0,0.0,0.0,0.0,0.0,3.8
2013-11-08,0.0,0.0,0.0,0.0,0.0,0.0,0.0,0.0,0.0,0.0,0.0,0.0,0.0,0.0,0.0,0.0,0.0,0.0,0.0,0.0,0.0,0.0,0.0,0.0,0.0,0.0,0.0,0.0,0.0,999.0,3709.88,0.0,0.0,0.0,0.0,0.0,0.0,3.8
2013-11-11,0.0,0.0,0.0,0.0,0.0,0.0,0.0,0.0,0.0,0.0,0.0,0.0,0.0,0.0,0.0,0.0,0.0,0.0,0.0,0.0,0.0,0.0,0.0,0.0,0.0,0.0,0.0,0.0,0.0,999.0,3895.38,0.0,0.0,0.0,0.0,0.0,0.0,3.99
2013-11-12,0.0,0.0,0.0,0.0,0.0,0.0,0.0,0.0,0.0,0.0,0.0,0.0,0.0,0.0,0.0,0.0,0.0,0.0,0.0,0.0,0.0,0.0,0.0,0.0,0.0,0.0,0.0,0.0,0.0,999.0,3895.38,0.0,0.0,0.0,0.0,0.0,0.0,3.99
2013-11-13,0.0,0.0,0.0,0.0,0.0,0.0,0.0,0.0,0.0,0.0,0.0,0.0,0.0,0.0,0.0,0.0,0.0,0.0,0.0,0.0,0.0,0.0,0.0,0.0,0.0,0.0,0.0,0.0,0.0,999.0,3905.14,0.0,0.0,0.0,0.0,0.0,0.0,4.0
2013-11-14,0.0,0.0,0.0,0.0,0.0,0.0,0.0,0.0,0.0,0.0,0.0,0.0,0.0,0.0,0.0,0.0,0.0,0.0,0.0,0.0,0.0,0.0,0.0,0.0,0.0,0.0,0.0,0.0,0.0,999.0,3905.14,0.0,0.0,0.0,0.0,0.0,0.0,4.0
2013-11-15,0.0,0.0,0.0,0.0,0.0,0.0,0.0,0.0,0.0,0.0,0.0,0.0,0.0,0.0,0.0,0.0,0.0,0.0,0.0,0.0,0.0,0.0,0.0,0.0,0.0,0.0,0.0,0.0,0.0,999.0,3846.56,0.0,0.0,0.0,0.0,0.0,0.0,3.94
2013-11-18,0.0,0.0,0.0,0.0,0.0,0.0,0.0,0.0,0.0,0.0,0.0,0.0,0.0,0.0,0.0,0.0,0.0,0.0,0.0,0.0,0.0,0.0,0.0,0.0,0.0,0.0,0.0,0.0,0.0,999.0,3543.92,0.0,0.0,0.0,0.0,0.0,0.0,3.63
2013-11-19,0.0,0.0,0.0,0.0,0.0,0.0,0.0,0.0,0.0,0.0,0.0,0.0,0.0,0.0,0.0,0.0,0.0,0.0,0.0,0.0,0.0,0.0,0.0,0.0,0.0,0.0,0.0,0.0,0.0,999.0,3612.26,0.0,0.0,0.0,0.0,0.0,0.0,3.7
2013-11-20,0.0,0.0,0.0,0.0,0.0,0.0,0.0,0.0,0.0,0.0,0.0,0.0,0.0,0.0,0.0,0.0,0.0,0.0,0.0,0.0,0.0,0.0,0.0,0.0,0.0,0.0,0.0,0.0,0.0,999.0,3651.31,0.0,0.0,0.0,0.0,0.0,0.0,3.74
2013-11-21,0.0,0.0,0.0,0.0,0.0,0.0,0.0,0.0,0.0,0.0,0.0,0.0,0.0,0.0,0.0,0.0,0.0,0.0,0.0,0.0,0.0,0.0,0.0,0.0,0.0,0.0,0.0,0.0,0.0,999.0,3651.31,0.0,0.0,0.0,0.0,0.0,0.0,3.74
2013-11-22,0.0,0.0,0.0,0.0,0.0,0.0,0.0,0.0,0.0,0.0,0.0,0.0,0.0,0.0,0.0,0.0,0.0,0.0,0.0,0.0,0.0,0.0,0.0,0.0,0.0,0.0,0.0,0.0,0.0,999.0,3729.41,0.0,0.0,0.0,0.0,0.0,0.0,3.82
2013-11-25,0.0,0.0,0.0,0.0,0.0,0.0,0.0,0.0,0.0,0.0,0.0,0.0,0.0,0.0,0.0,0.0,0.0,0.0,0.0,0.0,0.0,0.0,0.0,0.0,0.0,0.0,0.0,0.0,0.0,999.0,3651.31,0.0,0.0,0.0,0.0,0.0,0.0,3.74
2013-11-26,0.0,0.0,0.0,0.0,0.0,0.0,0.0,0.0,0.0,0.0,0.0,0.0,0.0,0.0,0.0,0.0,0.0,0.0,0.0,0.0,0.0,0.0,0.0,0.0,0.0,0.0,0.0,0.0,0.0,999.0,3651.31,0.0,0.0,0.0,0.0,0.0,0.0,3.74
2013-11-27,0.0,0.0,0.0,0.0,0.0,0.0,0.0,0.0,0.0,0.0,0.0,0.0,0.0,0.0,0.0,0.0,0.0,0.0,0.0,0.0,0.0,0.0,0.0,0.0,0.0,0.0,0.0,0.0,0.0,999.0,3612.26,0.0,0.0,0.0,0.0,0.0,0.0,3.7
2013-11-28,0.0,0.0,0.0,0.0,0.0,0.0,0.0,0.0,0.0,0.0,0.0,0.0,0.0,0.0,0.0,0.0,0.0,0.0,0.0,0.0,0.0,0.0,0.0,0.0,0.0,0.0,0.0,0.0,0.0,999.0,3612.26,0.0,0.0,0.0,0.0,0.0,0.0,3.7
2013-11-29,0.0,0.0,0.0,0.0,0.0,0.0,0.0,0.0,0.0,0.0,0.0,0.0,0.0,0.0,0.0,0.0,0.0,0.0,0.0,0.0,0.0,0.0,0.0,0.0,0.0,0.0,0.0,0.0,0.0,999.0,3553.68,0.0,0.0,0.0,0.0,0.0,0.0,3.64
2013-12-02,0.0,0.0,0.0,0.0,0.0,0.0,0.0,0.0,0.0,0.0,0.0,0.0,0.0,0.0,0.0,0.0,0.0,0.0,0.0,0.0,0.0,0.0,0.0,0.0,0.0,0.0,0.0,0.0,0.0,999.0,3807.51,0.0,0.0,0.0,0.0,0.0,0.0,3.9
2013-12-03,0.0,0.0,0.0,0.0,0.0,0.0,0.0,0.0,0.0,0.0,0.0,0.0,0.0,0.0,0.0,0.0,0.0,0.0,0.0,0.0,0.0,0.0,0.0,0.0,0.0,0.0,0.0,0.0,0.0,999.0,3612.26,0.0,0.0,0.0,0.0,0.0,0.0,3.7
2013-12-04,0.0,0.0,0.0,0.0,0.0,0.0,0.0,0.0,0.0,0.0,0.0,0.0,0.0,0.0,0.0,0.0,0.0,0.0,0.0,0.0,0.0,0.0,0.0,0.0,0.0,0.0,0.0,0.0,0.0,999.0,3612.26,0.0,0.0,0.0,0.0,0.0,0.0,3.7
2013-12-05,0.0,0.0,0.0,0.0,0.0,0.0,0.0,0.0,0.0,0.0,0.0,0.0,0.0,0.0,0.0,0.0,0.0,0.0,0.0,0.0,0.0,0.0,0.0,0.0,0.0,0.0,0.0,0.0,0.0,999.0,3534.15,0.0,0.0,0.0,0.0,0.0,0.0,3.62
2013-12-06,0.0,0.0,0.0,0.0,0.0,0.0,0.0,0.0,0.0,0.0,0.0,0.0,0.0,0.0,0.0,0.0,0.0,0.0,0.0,0.0,0.0,0.0,0.0,0.0,0.0,0.0,0.0,0.0,0.0,999.0,3563.44,0.0,0.0,0.0,0.0,0.0,0.0,3.65
2013-12-09,0.0,0.0,0.0,0.0,0.0,0.0,0.0,0.0,0.0,0.0,0.0,0.0,0.0,0.0,0.0,0.0,0.0,0.0,0.0,0.0,0.0,0.0,0.0,0.0,0.0,0.0,0.0,0.0,0.0,999.0,3543.92,0.0,0.0,0.0,0.0,0.0,0.0,3.63
2013-12-10,0.0,0.0,0.0,0.0,0.0,0.0,0.0,0.0,0.0,0.0,0.0,0.0,0.0,0.0,0.0,0.0,0.0,0.0,0.0,0.0,0.0,0.0,0.0,0.0,0.0,0.0,0.0,0.0,0.0,999.0,3553.68,0.0,0.0,0.0,0.0,0.0,0.0,3.64
2013-12-11,0.0,0.0,0.0,0.0,0.0,0.0,0.0,0.0,0.0,0.0,0.0,0.0,0.0,0.0,0.0,0.0,0.0,0.0,0.0,0.0,0.0,0.0,0.0,0.0,0.0,0.0,0.0,0.0,0.0,999.0,3553.68,0.0,0.0,0.0,0.0,0.0,0.0,3.64
2013-12-12,0.0,0.0,0.0,0.0,0.0,0.0,0.0,0.0,0.0,0.0,0.0,0.0,0.0,0.0,0.0,0.0,0.0,0.0,0.0,0.0,0.0,0.0,0.0,0.0,0.0,0.0,0.0,0.0,0.0,999.0,3602.49,0.0,0.0,0.0,0.0,0.0,0.0,3.69
2013-12-13,0.0,0.0,0.0,0.0,0.0,0.0,0.0,0.0,0.0,0.0,0.0,0.0,0.0,0.0,0.0,0.0,0.0,0.0,0.0,0.0,0.0,0.0,0.0,0.0,0.0,0.0,0.0,0.0,0.0,999.0,3641.54,0.0,0.0,0.0,0.0,0.0,0.0,3.73
2013-12-16,0.0,0.0,0.0,0.0,0.0,0.0,0.0,0.0,0.0,0.0,0.0,0.0,0.0,0.0,0.0,0.0,0.0,0.0,0.0,0.0,0.0,0.0,0.0,0.0,0.0,0.0,0.0,0.0,0.0,999.0,3563.44,0.0,0.0,0.0,0.0,0.0,0.0,3.65
2013-12-17,0.0,0.0,0.0,0.0,0.0,0.0,0.0,0.0,0.0,0.0,0.0,0.0,0.0,0.0,0.0,0.0,0.0,0.0,0.0,0.0,0.0,0.0,0.0,0.0,0.0,0.0,0.0,0.0,0.0,999.0,3885.61,0.0,0.0,0.0,0.0,0.0,0.0,3.98
2013-12-18,0.0,0.0,0.0,0.0,0.0,0.0,0.0,0.0,0.0,0.0,0.0,0.0,0.0,0.0,0.0,0.0,0.0,0.0,0.0,0.0,0.0,0.0,0.0,0.0,0.0,0.0,0.0,0.0,0.0,999.0,3563.44,0.0,0.0,0.0,0.0,0.0,0.0,3.65
2013-12-19,0.0,0.0,0.0,0.0,0.0,0.0,0.0,0.0,0.0,0.0,0.0,0.0,0.0,0.0,0.0,0.0,0.0,0.0,0.0,0.0,0.0,0.0,0.0,0.0,0.0,0.0,0.0,0.0,0.0,999.0,3563.44,0.0,0.0,0.0,0.0,0.0,0.0,3.65
2013-12-20,0.0,0.0,0.0,0.0,0.0,0.0,0.0,0.0,0.0,0.0,0.0,0.0,0.0,0.0,0.0,0.0,0.0,0.0,0.0,0.0,0.0,0.0,0.0,0.0,0.0,0.0,0.0,0.0,0.0,999.0,3563.44,0.0,0.0,0.0,0.0,0.0,0.0,3.65
2013-12-23,0.0,0.0,0.0,0.0,0.0,0.0,0.0,0.0,0.0,0.0,0.0,0.0,0.0,0.0,0.0,0.0,0.0,0.0,0.0,0.0,0.0,0.0,0.0,0.0,0.0,0.0,0.0,0.0,0.0,999.0,3524.39,0.0,0.0,0.0,0.0,0.0,0.0,3.61
2013-12-24,0.0,0.0,0.0,0.0,0.0,0.0,0.0,0.0,0.0,0.0,0.0,0.0,0.0,0.0,0.0,0.0,0.0,0.0,0.0,0.0,0.0,0.0,0.0,0.0,0.0,0.0,0.0,0.0,0.0,999.0,3524.39,0.0,0.0,0.0,0.0,0.0,0.0,3.61
2013-12-25,0.0,0.0,0.0,0.0,0.0,0.0,0.0,0.0,0.0,0.0,0.0,0.0,0.0,0.0,0.0,0.0,0.0,0.0,0.0,0.0,0.0,0.0,0.0,0.0,0.0,0.0,0.0,0.0,0.0,999.0,3524.39,0.0,0.0,0.0,0.0,0.0,0.0,0.0
2013-12-26,0.0,0.0,0.0,0.0,0.0,0.0,0.0,0.0,0.0,0.0,0.0,0.0,0.0,0.0,0.0,0.0,0.0,0.0,0.0,0.0,0.0,0.0,0.0,0.0,0.0,0.0,0.0,0.0,0.0,999.0,3524.39,0.0,0.0,0.0,0.0,0.0,0.0,0.0
2013-12-27,0.0,0.0,0.0,0.0,0.0,0.0,0.0,0.0,0.0,0.0,0.0,0.0,0.0,0.0,0.0,0.0,0.0,0.0,0.0,0.0,0.0,0.0,0.0,0.0,0.0,0.0,0.0,0.0,0.0,999.0,3524.39,0.0,0.0,0.0,0.0,0.0,0.0,3.61
2013-12-30,0.0,0.0,0.0,0.0,0.0,0.0,0.0,0.0,0.0,0.0,0.0,0.0,0.0,0.0,0.0,0.0,0.0,0.0,0.0,0.0,0.0,0.0,0.0,0.0,0.0,0.0,0.0,0.0,0.0,999.0,3270.56,0.0,0.0,0.0,0.0,0.0,0.0,3.35
2013-12-31,0.0,0.0,0.0,0.0,0.0,0.0,0.0,0.0,0.0,0.0,0.0,0.0,0.0,0.0,0.0,0.0,0.0,0.0,0.0,0.0,0.0,0.0,0.0,0.0,0.0,0.0,0.0,0.0,0.0,999.0,3514.63,0.0,0.0,0.0,0.0,0.0,0.0,3.6
2014-01-01,0.0,0.0,0.0,0.0,0.0,0.0,0.0,0.0,0.0,0.0,0.0,0.0,0.0,0.0,0.0,0.0,0.0,0.0,0.0,0.0,0.0,0.0,0.0,0.0,0.0,0.0,0.0,0.0,0.0,999.0,3514.63,0.0,0.0,0.0,0.0,0.0,0.0,0.0
2014-01-02,0.0,0.0,0.0,0.0,0.0,0.0,0.0,0.0,0.0,0.0,0.0,0.0,0.0,0.0,0.0,0.0,0.0,0.0,0.0,0.0,0.0,0.0,0.0,0.0,0.0,0.0,0.0,0.0,0.0,999.0,3563.44,0.0,0.0,0.0,0.0,0.0,0.0,3.65
2014-01-03,0.0,0.0,0.0,0.0,0.0,0.0,0.0,0.0,0.0,0.0,0.0,0.0,0.0,0.0,0.0,0.0,0.0,0.0,0.0,0.0,0.0,0.0,0.0,0.0,0.0,0.0,0.0,0.0,0.0,999.0,3465.81,0.0,0.0,0.0,0.0,0.0,0.0,3.55
2014-01-06,0.0,0.0,0.0,0.0,0.0,0.0,0.0,0.0,0.0,0.0,0.0,0.0,0.0,0.0,0.0,0.0,0.0,0.0,0.0,0.0,0.0,0.0,0.0,0.0,0.0,0.0,0.0,0.0,0.0,999.0,3524.39,0.0,0.0,0.0,0.0,0.0,0.0,3.61
2014-01-07,8000.0,29005.15,0.43,5.53,0.43,0.03,0.0,29005.15,0.0,8000.0,0.0,0.0,0.0,0.0,8000.0,0.0,0.0,0.0,0.0,0.0,0.0,0.0,0.03,0.0,0.0,0.0,0.0,0.0,0.0,0.0,0.0,0.0,0.0,0.0,1.0,100.0,8.008,3.71
2014-01-08,8000.0,29005.15,0.43,5.51,0.43,0.03,0.0,29005.15,0.0,8000.0,0.0,0.0,0.0,0.0,0.0,0.0,0.0,0.0,0.0,0.0,0.0,0.0,0.0,0.0,0.0,0.0,0.0,0.0,0.0,0.0,0.0,0.0,0.0,0.0,1.0,100.0,8.008,3.71
2014-01-09,8000.0,28536.06,0.43,5.73,0.43,0.03,0.0,28536.06,0.0,8000.0,0.0,0.0,0.0,0.0,0.0,0.0,0.0,0.0,0.0,0.0,0.0,0.0,0.0,0.0,0.0,0.0,0.0,0.0,0.0,0.0,0.0,0.0,0.0,0.0,1.0,100.0,8.008,3.65
2014-01-10,8000.0,28536.06,0.43,5.77,0.43,0.03,0.0,28536.06,0.0,8000.0,0.0,0.0,0.0,0.0,0.0,0.0,0.0,0.0,0.0,0.0,0.0,0.0,0.0,0.0,0.0,0.0,0.0,0.0,0.0,0.0,0.0,0.0,0.0,0.0,1.0,100.0,8.008,3.65
2014-01-13,8000.0,28066.98,0.43,5.63,0.43,0.03,0.0,28066.98,0.0,8000.0,0.0,0.0,0.0,0.0,0.0,0.0,0.0,0.0,0.0,0.0,0.0,0.0,0.0,0.0,0.0,0.0,0.0,0.0,0.0,0.0,0.0,0.0,0.0,0.0,1.0,100.0,8.008,3.59
2014-01-14,8000.0,28379.7,0.43,5.37,0.43,0.03,0.0,28379.7,0.0,8000.0,0.0,0.0,0.0,0.0,0.0,0.0,0.0,0.0,0.0,0.0,0.0,0.0,0.0,0.0,0.0,0.0,0.0,0.0,0.0,0.0,0.0,0.0,0.0,0.0,1.0,100.0,8.008,3.63
2014-01-15,8000.0,28536.06,0.43,5.07,0.43,0.03,0.0,28536.06,0.0,8000.0,0.0,0.0,0.0,0.0,0.0,0.0,0.0,0.0,0.0,0.0,0.0,0.0,0.0,0.0,0.0,0.0,0.0,0.0,0.0,0.0,0.0,0.0,0.0,0.0,1.0,100.0,8.008,3.65
2014-01-16,8000.0,28536.06,0.43,5.26,0.43,0.03,0.0,28536.06,0.0,8000.0,0.0,0.0,0.0,0.0,0.0,0.0,0.0,0.0,0.0,0.0,0.0,0.0,0.0,0.0,0.0,0.0,0.0,0.0,0.0,0.0,0.0,0.0,0.0,0.0,1.0,100.0,8.008,3.65
2014-01-17,8000.0,28536.06,0.43,5.72,0.43,0.03,0.0,28536.06,0.0,8000.0,0.0,0.0,0.0,0.0,0.0,0.0,0.0,0.0,0.0,0.0,0.0,0.0,0.0,0.0,0.0,0.0,0.0,0.0,0.0,0.0,0.0,0.0,0.0,0.0,1.0,100.0,8.008,3.65
2014-01-20,8000.0,28145.16,0.43,5.78,0.43,0.03,0.0,28145.16,0.0,8000.0,0.0,0.0,0.0,0.0,0.0,0.0,0.0,0.0,0.0,0.0,0.0,0.0,0.0,0.0,0.0,0.0,0.0,0.0,0.0,0.0,0.0,0.0,0.0,0.0,1.0,100.0,8.008,3.6
2014-01-21,8000.0,27988.8,0.43,5.95,0.43,0.03,0.0,27988.8,0.0,8000.0,0.0,0.0,0.0,0.0,0.0,0.0,0.0,0.0,0.0,0.0,0.0,0.0,0.0,0.0,0.0,0.0,0.0,0.0,0.0,0.0,0.0,0.0,0.0,0.0,1.0,100.0,8.008,3.58
2014-01-22,8000.0,27363.35,0.43,6.13,0.43,0.03,0.0,27363.35,0.0,8000.0,0.0,0.0,0.0,0.0,0.0,0.0,0.0,0.0,0.0,0.0,0.0,0.0,0.0,0.0,0.0,0.0,0.0,0.0,0.0,0.0,0.0,0.0,0.0,0.0,1.0,100.0,8.008,3.5
2014-01-23,8000.0,27676.07,0.43,6.23,0.43,0.03,0.0,27676.07,0.0,8000.0,0.0,0.0,0.0,0.0,0.0,0.0,0.0,0.0,0.0,0.0,0.0,0.0,0.0,0.0,0.0,0.0,0.0,0.0,0.0,0.0,0.0,0.0,0.0,0.0,1.0,100.0,8.008,3.54
2014-01-24,8000.0,28457.88,0.43,5.97,0.43,0.03,0.0,28457.88,0.0,8000.0,0.0,0.0,0.0,0.0,0.0,0.0,0.0,0.0,0.0,0.0,0.0,0.0,0.0,0.0,0.0,0.0,0.0,0.0,0.0,0.0,0.0,0.0,0.0,0.0,1.0,100.0,8.008,3.64
2014-01-27,8000.0,28692.42,0.43,5.77,0.43,0.03,0.0,28692.42,0.0,8000.0,0.0,0.0,0.0,0.0,0.0,0.0,0.0,0.0,0.0,0.0,0.0,0.0,0.0,0.0,0.0,0.0,0.0,0.0,0.0,0.0,0.0,0.0,0.0,0.0,1.0,100.0,8.008,3.67
2014-01-28,8000.0,28223.34,0.43,5.19,0.43,0.03,0.0,28223.34,0.0,8000.0,0.0,0.0,0.0,0.0,0.0,0.0,0.0,0.0,0.0,0.0,0.0,0.0,0.0,0.0,0.0,0.0,0.0,0.0,0.0,0.0,0.0,0.0,0.0,0.0,1.0,100.0,8.008,3.61
2014-01-29,8000.0,27050.62,0.43,5.23,0.43,0.03,0.0,27050.62,0.0,8000.0,0.0,0.0,0.0,0.0,0.0,0.0,0.0,0.0,0.0,0.0,0.0,0.0,0.0,0.0,0.0,0.0,0.0,0.0,0.0,0.0,0.0,0.0,0.0,0.0,1.0,100.0,8.008,3.46
2014-01-30,8000.0,27363.35,0.43,4.89,0.43,0.03,0.0,27363.35,0.0,8000.0,0.0,0.0,0.0,0.0,0.0,0.0,0.0,0.0,0.0,0.0,0.0,0.0,0.0,0.0,0.0,0.0,0.0,0.0,0.0,0.0,0.0,0.0,0.0,0.0,1.0,100.0,8.008,3.5
2014-01-31,8000.0,27363.35,0.43,4.89,0.43,0.03,0.0,27363.35,0.0,8000.0,0.0,0.0,0.0,0.0,0.0,0.0,0.0,0.0,0.0,0.0,0.0,0.0,0.0,0.0,0.0,0.0,0.0,0.0,0.0,0.0,0.0,0.0,0.0,0.0,1.0,100.0,8.008,3.5
2014-02-03,8000.0,27206.99,0.43,4.93,0.43,0.03,0.0,27206.99,0.0,8000.0,0.0,0.0,0.0,0.0,0.0,0.0,0.0,0.0,0.0,0.0,0.0,0.0,0.0,0.0,0.0,0.0,0.0,0.0,0.0,0.0,0.0,0.0,0.0,0.0,1.0,100.0,8.008,3.48
2014-02-04,8000.0,27206.99,0.43,5.02,0.43,0.03,0.0,27206.99,0.0,8000.0,0.0,0.0,0.0,0.0,0.0,0.0,0.0,0.0,0.0,0.0,0.0,0.0,0.0,0.0,0.0,0.0,0.0,0.0,0.0,0.0,0.0,0.0,0.0,0.0,1.0,100.0,8.008,3.48
2014-02-05,8000.0,27128.8,0.43,4.9,0.43,0.03,0.0,27128.8,0.0,8000.0,0.0,0.0,0.0,0.0,0.0,0.0,0.0,0.0,0.0,0.0,0.0,0.0,0.0,0.0,0.0,0.0,0.0,0.0,0.0,0.0,0.0,0.0,0.0,0.0,1.0,100.0,8.008,3.47
2014-02-06,8000.0,27128.8,0.43,5.0,0.43,0.03,0.0,27128.8,0.0,8000.0,0.0,0.0,0.0,0.0,0.0,0.0,0.0,0.0,0.0,0.0,0.0,0.0,0.0,0.0,0.0,0.0,0.0,0.0,0.0,0.0,0.0,0.0,0.0,0.0,1.0,100.0,8.008,3.47
2014-02-07,8000.0,27050.62,0.43,4.99,0.43,0.03,0.0,27050.62,0.0,8000.0,0.0,0.0,0.0,0.0,0.0,0.0,0.0,0.0,0.0,0.0,0.0,0.0,0.0,0.0,0.0,0.0,0.0,0.0,0.0,0.0,0.0,0.0,0.0,0.0,1.0,100.0,8.008,3.46
2014-02-10,8000.0,27285.17,0.43,4.91,0.43,0.03,0.0,27285.17,0.0,8000.0,0.0,0.0,0.0,0.0,0.0,0.0,0.0,0.0,0.0,0.0,0.0,0.0,0.0,0.0,0.0,0.0,0.0,0.0,0.0,0.0,0.0,0.0,0.0,0.0,1.0,100.0,8.008,3.49
2014-02-11,8000.0,27285.17,0.43,4.85,0.43,0.03,0.0,27285.17,0.0,8000.0,0.0,0.0,0.0,0.0,0.0,0.0,0.0,0.0,0.0,0.0,0.0,0.0,0.0,0.0,0.0,0.0,0.0,0.0,0.0,0.0,0.0,0.0,0.0,0.0,1.0,100.0,8.008,3.49
2014-02-12,8000.0,27363.35,0.43,6.91,0.43,0.03,0.0,27363.35,0.0,8000.0,0.0,0.0,0.0,0.0,0.0,0.0,0.0,0.0,0.0,0.0,0.0,0.0,0.0,0.0,0.0,0.0,0.0,0.0,0.0,0.0,0.0,0.0,0.0,0.0,1.0,100.0,8.008,3.5
2014-02-13,8000.0,27363.35,0.43,7.02,0.43,0.03,0.0,27363.35,0.0,8000.0,0.0,0.0,0.0,0.0,0.0,0.0,0.0,0.0,0.0,0.0,0.0,0.0,0.0,0.0,0.0,0.0,0.0,0.0,0.0,0.0,0.0,0.0,0.0,0.0,1.0,100.0,8.008,3.5
2014-02-14,8000.0,27285.17,0.43,6.96,0.43,0.03,0.0,27285.17,0.0,8000.0,0.0,0.0,0.0,0.0,0.0,0.0,0.0,0.0,0.0,0.0,0.0,0.0,0.0,0.0,0.0,0.0,0.0,0.0,0.0,0.0,0.0,0.0,0.0,0.0,1.0,100.0,8.008,3.49
2014-02-17,8000.0,26816.08,0.43,7.29,0.43,0.03,0.0,26816.08,0.0,8000.0,0.0,0.0,0.0,0.0,0.0,0.0,0.0,0.0,0.0,0.0,0.0,0.0,0.0,0.0,0.0,0.0,0.0,0.0,0.0,0.0,0.0,0.0,0.0,0.0,1.0,100.0,8.008,3.43
2014-02-18,8000.0,27128.8,0.43,7.7,0.43,0.03,0.0,27128.8,0.0,8000.0,0.0,0.0,0.0,0.0,0.0,0.0,0.0,0.0,0.0,0.0,0.0,0.0,0.0,0.0,0.0,0.0,0.0,0.0,0.0,0.0,0.0,0.0,0.0,0.0,1.0,100.0,8.008,3.47
2014-02-19,8000.0,27285.17,0.43,7.62,0.43,0.03,0.0,27285.17,0.0,8000.0,0.0,0.0,0.0,0.0,0.0,0.0,0.0,0.0,0.0,0.0,0.0,0.0,0.0,0.0,0.0,0.0,0.0,0.0,0.0,0.0,0.0,0.0,0.0,0.0,1.0,100.0,8.008,3.49
2014-02-20,8000.0,26972.44,0.43,7.55,0.43,0.03,0.0,26972.44,0.0,8000.0,0.0,0.0,0.0,0.0,0.0,0.0,0.0,0.0,0.0,0.0,0.0,0.0,0.0,0.0,0.0,0.0,0.0,0.0,0.0,0.0,0.0,0.0,0.0,0.0,1.0,100.0,8.008,3.45
2014-02-21,8000.0,27363.35,0.43,7.06,0.43,0.03,0.0,27363.35,0.0,8000.0,0.0,0.0,0.0,0.0,0.0,0.0,0.0,0.0,0.0,0.0,0.0,0.0,0.0,0.0,0.0,0.0,0.0,0.0,0.0,0.0,0.0,0.0,0.0,0.0,1.0,100.0,8.008,3.5
2014-02-24,8000.0,27363.35,0.43,6.6,0.43,0.03,0.0,27363.35,0.0,8000.0,0.0,0.0,0.0,0.0,0.0,0.0,0.0,0.0,0.0,0.0,0.0,0.0,0.0,0.0,0.0,0.0,0.0,0.0,0.0,0.0,0.0,0.0,0.0,0.0,1.0,100.0,8.008,3.5
2014-02-25,8000.0,26972.44,0.43,6.32,0.43,0.03,0.0,26972.44,0.0,8000.0,0.0,0.0,0.0,0.0,0.0,0.0,0.0,0.0,0.0,0.0,0.0,0.0,0.0,0.0,0.0,0.0,0.0,0.0,0.0,0.0,0.0,0.0,0.0,0.0,1.0,100.0,8.008,3.45
2014-02-26,8000.0,26737.9,0.43,6.5,0.43,0.03,0.0,26737.9,0.0,8000.0,0.0,0.0,0.0,0.0,0.0,0.0,0.0,0.0,0.0,0.0,0.0,0.0,0.0,0.0,0.0,0.0,0.0,0.0,0.0,0.0,0.0,0.0,0.0,0.0,1.0,100.0,8.008,3.42
2014-02-27,8000.0,26894.26,0.43,6.02,0.43,0.03,0.0,26894.26,0.0,8000.0,0.0,0.0,0.0,0.0,0.0,0.0,0.0,0.0,0.0,0.0,0.0,0.0,0.0,0.0,0.0,0.0,0.0,0.0,0.0,0.0,0.0,0.0,0.0,0.0,1.0,100.0,8.008,3.44
2014-02-28,8000.0,26737.9,0.43,5.88,0.43,0.03,0.0,26737.9,0.0,8000.0,0.0,0.0,0.0,0.0,0.0,0.0,0.0,0.0,0.0,0.0,0.0,0.0,0.0,0.0,0.0,0.0,0.0,0.0,0.0,0.0,0.0,0.0,0.0,0.0,1.0,100.0,8.008,3.42
2014-03-03,8000.0,26190.63,0.43,5.77,0.43,0.03,0.0,26190.63,0.0,8000.0,0.0,0.0,0.0,0.0,0.0,0.0,0.0,0.0,0.0,0.0,0.0,0.0,0.0,0.0,0.0,0.0,0.0,0.0,0.0,0.0,0.0,0.0,0.0,0.0,1.0,100.0,8.008,3.35
2014-03-04,8000.0,29005.15,0.43,5.46,0.43,0.03,0.0,29005.15,0.0,8000.0,0.0,0.0,0.0,0.0,0.0,0.0,0.0,0.0,0.0,0.0,0.0,0.0,0.0,0.0,0.0,0.0,0.0,0.0,0.0,0.0,0.0,0.0,0.0,0.0,1.0,100.0,8.008,3.71
2014-03-05,8000.0,29786.96,0.43,4.29,0.43,0.03,0.0,29786.96,0.0,8000.0,0.0,0.0,0.0,0.0,0.0,0.0,0.0,0.0,0.0,0.0,0.0,0.0,0.0,0.0,0.0,0.0,0.0,0.0,0.0,0.0,0.0,0.0,0.0,0.0,1.0,100.0,8.008,3.81
2014-03-06,8000.0,29708.78,0.43,3.76,0.43,0.03,0.0,29708.78,0.0,8000.0,0.0,0.0,0.0,0.0,0.0,0.0,0.0,0.0,0.0,0.0,0.0,0.0,0.0,0.0,0.0,0.0,0.0,0.0,0.0,0.0,0.0,0.0,0.0,0.0,1.0,100.0,8.008,3.8
2014-03-07,8000.0,29317.87,0.43,3.84,0.43,0.03,0.0,29317.87,0.0,8000.0,0.0,0.0,0.0,0.0,0.0,0.0,0.0,0.0,0.0,0.0,0.0,0.0,0.0,0.0,0.0,0.0,0.0,0.0,0.0,0.0,0.0,0.0,0.0,0.0,1.0,100.0,8.008,3.75
2014-03-10,8000.0,29317.87,0.43,3.95,0.43,0.03,0.0,29317.87,0.0,8000.0,0.0,0.0,0.0,0.0,0.0,0.0,0.0,0.0,0.0,0.0,0.0,0.0,0.0,0.0,0.0,0.0,0.0,0.0,0.0,0.0,0.0,0.0,0.0,0.0,1.0,100.0,8.008,3.75
2014-03-11,8000.0,29317.87,0.43,4.28,0.43,0.03,0.0,29317.87,0.0,8000.0,0.0,0.0,0.0,0.0,0.0,0.0,0.0,0.0,0.0,0.0,0.0,0.0,0.0,0.0,0.0,0.0,0.0,0.0,0.0,0.0,0.0,0.0,0.0,0.0,1.0,100.0,8.008,3.75
2014-03-12,8000.0,29083.33,0.43,4.29,0.43,0.03,0.0,29083.33,0.0,8000.0,0.0,0.0,0.0,0.0,0.0,0.0,0.0,0.0,0.0,0.0,0.0,0.0,0.0,0.0,0.0,0.0,0.0,0.0,0.0,0.0,0.0,0.0,0.0,0.0,1.0,100.0,8.008,3.72
2014-03-13,8000.0,28770.61,0.43,4.61,0.43,0.03,0.0,28770.61,0.0,8000.0,0.0,0.0,0.0,0.0,0.0,0.0,0.0,0.0,0.0,0.0,0.0,0.0,0.0,0.0,0.0,0.0,0.0,0.0,0.0,0.0,0.0,0.0,0.0,0.0,1.0,100.0,8.008,3.68
2014-03-14,8000.0,28223.34,0.43,4.6,0.43,0.03,0.0,28223.34,0.0,8000.0,0.0,0.0,0.0,0.0,0.0,0.0,0.0,0.0,0.0,0.0,0.0,0.0,0.0,0.0,0.0,0.0,0.0,0.0,0.0,0.0,0.0,0.0,0.0,0.0,1.0,100.0,8.008,3.61
2014-03-17,8000.0,28692.42,0.43,4.45,0.43,0.03,0.0,28692.42,0.0,8000.0,0.0,0.0,0.0,0.0,0.0,0.0,0.0,0.0,0.0,0.0,0.0,0.0,0.0,0.0,0.0,0.0,0.0,0.0,0.0,0.0,0.0,0.0,0.0,0.0,1.0,100.0,8.008,3.67
2014-03-18,8000.0,29005.15,0.43,4.45,0.43,0.03,0.0,29005.15,0.0,8000.0,0.0,0.0,0.0,0.0,0.0,0.0,0.0,0.0,0.0,0.0,0.0,0.0,0.0,0.0,0.0,0.0,0.0,0.0,0.0,0.0,0.0,0.0,0.0,0.0,1.0,100.0,8.008,3.71
2014-03-19,8000.0,29708.78,0.43,4.56,0.43,0.03,0.0,29708.78,0.0,8000.0,0.0,0.0,0.0,0.0,0.0,0.0,0.0,0.0,0.0,0.0,0.0,0.0,0.0,0.0,0.0,0.0,0.0,0.0,0.0,0.0,0.0,0.0,0.0,0.0,1.0,100.0,8.008,3.8
2014-03-20,8000.0,28145.16,0.43,4.51,0.43,0.03,0.0,28145.16,0.0,8000.0,0.0,0.0,0.0,0.0,0.0,0.0,0.0,0.0,0.0,0.0,0.0,0.0,0.0,0.0,0.0,0.0,0.0,0.0,0.0,0.0,0.0,0.0,0.0,0.0,1.0,100.0,8.008,3.6
2014-03-21,8000.0,27363.35,0.43,3.65,0.43,0.03,0.0,27363.35,0.0,8000.0,0.0,0.0,0.0,0.0,0.0,0.0,0.0,0.0,0.0,0.0,0.0,0.0,0.0,0.0,0.0,0.0,0.0,0.0,0.0,0.0,0.0,0.0,0.0,0.0,1.0,100.0,8.008,3.5
2014-03-24,8000.0,27597.89,0.43,3.15,0.43,0.03,0.0,27597.89,0.0,8000.0,0.0,0.0,0.0,0.0,0.0,0.0,0.0,0.0,0.0,0.0,0.0,0.0,0.0,0.0,0.0,0.0,0.0,0.0,0.0,0.0,0.0,0.0,0.0,0.0,1.0,100.0,8.008,3.53
2014-03-25,8000.0,26816.08,0.43,3.2,0.43,0.03,0.0,26816.08,0.0,8000.0,0.0,0.0,0.0,0.0,0.0,0.0,0.0,0.0,0.0,0.0,0.0,0.0,0.0,0.0,0.0,0.0,0.0,0.0,0.0,0.0,0.0,0.0,0.0,0.0,1.0,100.0,8.008,3.43
2014-03-26,8000.0,26972.44,0.43,3.25,0.43,0.03,0.0,26972.44,0.0,8000.0,0.0,0.0,0.0,0.0,0.0,0.0,0.0,0.0,0.0,0.0,0.0,0.0,0.0,0.0,0.0,0.0,0.0,0.0,0.0,0.0,0.0,0.0,0.0,0.0,1.0,100.0,8.008,3.45
2014-03-27,8000.0,27285.17,0.43,3.24,0.43,0.03,0.0,27285.17,0.0,8000.0,0.0,0.0,0.0,0.0,0.0,0.0,0.0,0.0,0.0,0.0,0.0,0.0,0.0,0.0,0.0,0.0,0.0,0.0,0.0,0.0,0.0,0.0,0.0,0.0,1.0,100.0,8.008,3.49
2014-03-28,8000.0,27597.89,0.43,3.26,0.43,0.03,0.0,27597.89,0.0,8000.0,0.0,0.0,0.0,0.0,0.0,0.0,0.0,0.0,0.0,0.0,0.0,0.0,0.0,0.0,0.0,0.0,0.0,0.0,0.0,0.0,0.0,0.0,0.0,0.0,1.0,100.0,8.008,3.53
2014-03-31,8000.0,27050.62,0.43,3.23,0.43,0.03,0.0,27050.62,0.0,8000.0,0.0,0.0,0.0,0.0,0.0,0.0,0.0,0.0,0.0,0.0,0.0,0.0,0.0,0.0,0.0,0.0,0.0,0.0,0.0,0.0,0.0,0.0,0.0,0.0,1.0,100.0,8.008,3.46
2014-04-01,8000.0,27050.62,0.43,3.22,0.43,0.03,0.0,27050.62,0.0,8000.0,0.0,0.0,0.0,0.0,0.0,0.0,0.0,0.0,0.0,0.0,0.0,0.0,0.0,0.0,0.0,0.0,0.0,0.0,0.0,0.0,0.0,0.0,0.0,0.0,1.0,100.0,8.008,3.46
2014-04-02,8000.0,28145.16,0.43,3.23,0.43,0.03,0.0,28145.16,0.0,8000.0,0.0,0.0,0.0,0.0,0.0,0.0,0.0,0.0,0.0,0.0,0.0,0.0,0.0,0.0,0.0,0.0,0.0,0.0,0.0,0.0,0.0,0.0,0.0,0.0,1.0,100.0,8.008,3.6
2014-04-03,8000.0,27441.53,0.43,3.19,0.43,0.03,0.0,27441.53,0.0,8000.0,0.0,0.0,0.0,0.0,0.0,0.0,0.0,0.0,0.0,0.0,0.0,0.0,0.0,0.0,0.0,0.0,0.0,0.0,0.0,0.0,0.0,0.0,0.0,0.0,1.0,100.0,8.008,3.51
2014-04-04,8000.0,27754.25,0.43,3.26,0.43,0.03,0.0,27754.25,0.0,8000.0,0.0,0.0,0.0,0.0,0.0,0.0,0.0,0.0,0.0,0.0,0.0,0.0,0.0,0.0,0.0,0.0,0.0,0.0,0.0,0.0,0.0,0.0,0.0,0.0,1.0,100.0,8.008,3.55
2014-04-07,8000.0,28145.16,0.43,3.41,0.43,0.03,0.0,28145.16,0.0,8000.0,0.0,0.0,0.0,0.0,0.0,0.0,0.0,0.0,0.0,0.0,0.0,0.0,0.0,0.0,0.0,0.0,0.0,0.0,0.0,0.0,0.0,0.0,0.0,0.0,1.0,100.0,8.008,3.6
2014-04-08,8000.0,27754.25,0.43,3.47,0.43,0.03,0.0,27754.25,0.0,8000.0,0.0,0.0,0.0,0.0,0.0,0.0,0.0,0.0,0.0,0.0,0.0,0.0,0.0,0.0,0.0,0.0,0.0,0.0,0.0,0.0,0.0,0.0,0.0,0.0,1.0,100.0,8.008,3.55
2014-04-09,8000.0,27754.25,0.43,3.55,0.43,0.03,0.0,27754.25,0.0,8000.0,0.0,0.0,0.0,0.0,0.0,0.0,0.0,0.0,0.0,0.0,0.0,0.0,0.0,0.0,0.0,0.0,0.0,0.0,0.0,0.0,0.0,0.0,0.0,0.0,1.0,100.0,8.008,3.55
2014-04-10,8000.0,27441.53,0.43,3.75,0.43,0.03,0.0,27441.53,0.0,8000.0,0.0,0.0,0.0,0.0,0.0,0.0,0.0,0.0,0.0,0.0,0.0,0.0,0.0,0.0,0.0,0.0,0.0,0.0,0.0,0.0,0.0,0.0,0.0,0.0,1.0,100.0,8.008,3.51
2014-04-11,8000.0,26659.72,0.43,3.81,0.43,0.03,0.0,26659.72,0.0,8000.0,0.0,0.0,0.0,0.0,0.0,0.0,0.0,0.0,0.0,0.0,0.0,0.0,0.0,0.0,0.0,0.0,0.0,0.0,0.0,0.0,0.0,0.0,0.0,0.0,1.0,100.0,8.008,3.41
2014-04-14,8000.0,26190.63,0.43,3.81,0.43,0.03,0.0,26190.63,0.0,8000.0,0.0,0.0,0.0,0.0,0.0,0.0,0.0,0.0,0.0,0.0,0.0,0.0,0.0,0.0,0.0,0.0,0.0,0.0,0.0,0.0,0.0,0.0,0.0,0.0,1.0,100.0,8.008,3.35
2014-04-15,8000.0,25956.09,0.43,3.91,0.43,0.03,0.0,25956.09,0.0,8000.0,0.0,0.0,0.0,0.0,0.0,0.0,0.0,0.0,0.0,0.0,0.0,0.0,0.0,0.0,0.0,0.0,0.0,0.0,0.0,0.0,0.0,0.0,0.0,0.0,1.0,100.0,8.008,3.32
2014-04-16,8000.0,26972.44,0.43,4.86,0.43,0.03,0.0,26972.44,0.0,8000.0,0.0,0.0,0.0,0.0,0.0,0.0,0.0,0.0,0.0,0.0,0.0,0.0,0.0,0.0,0.0,0.0,0.0,0.0,0.0,0.0,0.0,0.0,0.0,0.0,1.0,100.0,8.008,3.45
2014-04-17,8000.0,27363.35,0.43,5.68,0.43,0.03,0.0,27363.35,0.0,8000.0,0.0,0.0,0.0,0.0,0.0,0.0,0.0,0.0,0.0,0.0,0.0,0.0,0.0,0.0,0.0,0.0,0.0,0.0,0.0,0.0,0.0,0.0,0.0,0.0,1.0,100.0,8.008,3.5
2014-04-18,8000.0,27363.35,0.43,5.73,0.43,0.03,0.0,27363.35,0.0,8000.0,0.0,0.0,0.0,0.0,0.0,0.0,0.0,0.0,0.0,0.0,0.0,0.0,0.0,0.0,0.0,0.0,0.0,0.0,0.0,0.0,0.0,0.0,0.0,0.0,1.0,100.0,8.008,0.0
2014-04-21,8000.0,27363.35,0.43,5.73,0.43,0.03,0.0,27363.35,0.0,8000.0,0.0,0.0,0.0,0.0,0.0,0.0,0.0,0.0,0.0,0.0,0.0,0.0,0.0,0.0,0.0,0.0,0.0,0.0,0.0,0.0,0.0,0.0,0.0,0.0,1.0,100.0,8.008,0.0
2014-04-22,8000.0,28145.16,0.43,5.73,0.43,0.03,0.0,28145.16,0.0,8000.0,0.0,0.0,0.0,0.0,0.0,0.0,0.0,0.0,0.0,0.0,0.0,0.0,0.0,0.0,0.0,0.0,0.0,0.0,0.0,0.0,0.0,0.0,0.0,0.0,1.0,100.0,8.008,3.6
2014-04-23,8000.0,28145.16,0.43,5.37,0.43,0.03,0.0,28145.16,0.0,8000.0,0.0,0.0,0.0,0.0,0.0,0.0,0.0,0.0,0.0,0.0,0.0,0.0,0.0,0.0,0.0,0.0,0.0,0.0,0.0,0.0,0.0,0.0,0.0,0.0,1.0,100.0,8.008,3.6
2014-04-24,8000.0,27519.71,0.43,5.26,0.43,0.03,0.0,27519.71,0.0,8000.0,0.0,0.0,0.0,0.0,0.0,0.0,0.0,0.0,0.0,0.0,0.0,0.0,0.0,0.0,0.0,0.0,0.0,0.0,0.0,0.0,0.0,0.0,0.0,0.0,1.0,100.0,8.008,3.52
2014-04-25,8000.0,28145.16,0.43,5.12,0.43,0.03,0.0,28145.16,0.0,8000.0,0.0,0.0,0.0,0.0,0.0,0.0,0.0,0.0,0.0,0.0,0.0,0.0,0.0,0.0,0.0,0.0,0.0,0.0,0.0,0.0,0.0,0.0,0.0,0.0,1.0,100.0,8.008,3.6
2014-04-28,8000.0,28145.16,0.43,5.13,0.43,0.03,0.0,28145.16,0.0,8000.0,0.0,0.0,0.0,0.0,0.0,0.0,0.0,0.0,0.0,0.0,0.0,0.0,0.0,0.0,0.0,0.0,0.0,0.0,0.0,0.0,0.0,0.0,0.0,0.0,1.0,100.0,8.008,3.6
2014-04-29,8000.0,27363.35,0.43,5.02,0.43,0.03,0.0,27363.35,0.0,8000.0,0.0,0.0,0.0,0.0,0.0,0.0,0.0,0.0,0.0,0.0,0.0,0.0,0.0,0.0,0.0,0.0,0.0,0.0,0.0,0.0,0.0,0.0,0.0,0.0,1.0,100.0,8.008,3.5
2014-04-30,8000.0,26972.44,0.43,5.08,0.43,0.03,0.0,26972.44,0.0,8000.0,0.0,0.0,0.0,0.0,0.0,0.0,0.0,0.0,0.0,0.0,0.0,0.0,0.0,0.0,0.0,0.0,0.0,0.0,0.0,0.0,0.0,0.0,0.0,0.0,1.0,100.0,8.008,3.45
2014-05-01,8000.0,26972.44,0.43,5.05,0.43,0.03,0.0,26972.44,0.0,8000.0,0.0,0.0,0.0,0.0,0.0,0.0,0.0,0.0,0.0,0.0,0.0,0.0,0.0,0.0,0.0,0.0,0.0,0.0,0.0,0.0,0.0,0.0,0.0,0.0,1.0,100.0,8.008,0.0
2014-05-02,8000.0,27128.8,0.43,5.05,0.43,0.03,0.0,27128.8,0.0,8000.0,0.0,0.0,0.0,0.0,0.0,0.0,0.0,0.0,0.0,0.0,0.0,0.0,0.0,0.0,0.0,0.0,0.0,0.0,0.0,0.0,0.0,0.0,0.0,0.0,1.0,100.0,8.008,3.47
2014-05-05,8000.0,26972.44,0.43,5.07,0.43,0.03,0.0,26972.44,0.0,8000.0,0.0,0.0,0.0,0.0,0.0,0.0,0.0,0.0,0.0,0.0,0.0,0.0,0.0,0.0,0.0,0.0,0.0,0.0,0.0,0.0,0.0,0.0,0.0,0.0,1.0,100.0,8.008,3.45
2014-05-06,8000.0,26346.99,0.43,5.05,0.43,0.03,0.0,26346.99,0.0,8000.0,0.0,0.0,0.0,0.0,0.0,0.0,0.0,0.0,0.0,0.0,0.0,0.0,0.0,0.0,0.0,0.0,0.0,0.0,0.0,0.0,0.0,0.0,0.0,0.0,1.0,100.0,8.008,3.37
2014-05-07,8000.0,26972.44,0.43,6.86,0.43,0.03,0.0,26972.44,0.0,8000.0,0.0,0.0,0.0,0.0,0.0,0.0,0.0,0.0,0.0,0.0,0.0,0.0,0.0,0.0,0.0,0.0,0.0,0.0,0.0,0.0,0.0,0.0,0.0,0.0,1.0,100.0,8.008,3.45
2014-05-08,8000.0,26659.72,0.43,9.92,0.43,0.03,0.0,26659.72,0.0,8000.0,0.0,0.0,0.0,0.0,0.0,0.0,0.0,0.0,0.0,0.0,0.0,0.0,0.0,0.0,0.0,0.0,0.0,0.0,0.0,0.0,0.0,0.0,0.0,0.0,1.0,100.0,8.008,3.41
2014-05-09,8000.0,26659.72,0.43,10.01,0.43,0.03,0.0,26659.72,0.0,8000.0,0.0,0.0,0.0,0.0,0.0,0.0,0.0,0.0,0.0,0.0,0.0,0.0,0.0,0.0,0.0,0.0,0.0,0.0,0.0,0.0,0.0,0.0,0.0,0.0,1.0,100.0,8.008,3.41
2014-05-12,8000.0,26503.36,0.43,9.73,0.43,0.03,0.0,26503.36,0.0,8000.0,0.0,0.0,0.0,0.0,0.0,0.0,0.0,0.0,0.0,0.0,0.0,0.0,0.0,0.0,0.0,0.0,0.0,0.0,0.0,0.0,0.0,0.0,0.0,0.0,1.0,100.0,8.008,3.39
2014-05-13,8000.0,26972.44,0.43,9.86,0.43,0.03,0.0,26972.44,0.0,8000.0,0.0,0.0,0.0,0.0,0.0,0.0,0.0,0.0,0.0,0.0,0.0,0.0,0.0,0.0,0.0,0.0,0.0,0.0,0.0,0.0,0.0,0.0,0.0,0.0,1.0,100.0,8.008,3.45
2014-05-14,8000.0,27363.35,0.43,9.78,0.43,0.03,0.0,27363.35,0.0,8000.0,0.0,0.0,0.0,0.0,0.0,0.0,0.0,0.0,0.0,0.0,0.0,0.0,0.0,0.0,0.0,0.0,0.0,0.0,0.0,0.0,0.0,0.0,0.0,0.0,1.0,100.0,8.008,3.5
2014-05-15,8000.0,27363.35,0.43,9.89,0.43,0.03,0.0,27363.35,0.0,8000.0,0.0,0.0,0.0,0.0,0.0,0.0,0.0,0.0,0.0,0.0,0.0,0.0,0.0,0.0,0.0,0.0,0.0,0.0,0.0,0.0,0.0,0.0,0.0,0.0,1.0,100.0,8.008,3.5
2014-05-16,8000.0,26972.44,0.43,8.86,0.43,0.03,0.0,26972.44,0.0,8000.0,0.0,0.0,0.0,0.0,0.0,0.0,0.0,0.0,0.0,0.0,0.0,0.0,0.0,0.0,0.0,0.0,0.0,0.0,0.0,0.0,0.0,0.0,0.0,0.0,1.0,100.0,8.008,3.45
2014-05-19,8000.0,27441.53,0.43,8.59,0.43,0.03,0.0,27441.53,0.0,8000.0,0.0,0.0,0.0,0.0,0.0,0.0,0.0,0.0,0.0,0.0,0.0,0.0,0.0,0.0,0.0,0.0,0.0,0.0,0.0,0.0,0.0,0.0,0.0,0.0,1.0,100.0,8.008,3.51
2014-05-20,8000.0,27128.8,0.43,8.78,0.43,0.03,0.0,27128.8,0.0,8000.0,0.0,0.0,0.0,0.0,0.0,0.0,0.0,0.0,0.0,0.0,0.0,0.0,0.0,0.0,0.0,0.0,0.0,0.0,0.0,0.0,0.0,0.0,0.0,0.0,1.0,100.0,8.008,3.47
2014-05-21,8000.0,26190.63,0.43,8.99,0.43,0.03,0.0,26190.63,0.0,8000.0,0.0,0.0,0.0,0.0,0.0,0.0,0.0,0.0,0.0,0.0,0.0,0.0,0.0,0.0,0.0,0.0,0.0,0.0,0.0,0.0,0.0,0.0,0.0,0.0,1.0,100.0,8.008,3.35
2014-05-22,8000.0,26346.99,0.43,8.8,0.43,0.03,0.0,26346.99,0.0,8000.0,0.0,0.0,0.0,0.0,0.0,0.0,0.0,0.0,0.0,0.0,0.0,0.0,0.0,0.0,0.0,0.0,0.0,0.0,0.0,0.0,0.0,0.0,0.0,0.0,1.0,100.0,8.008,3.37
2014-05-23,8000.0,25330.64,0.43,9.54,0.43,0.03,0.0,25330.64,0.0,8000.0,0.0,0.0,0.0,0.0,0.0,0.0,0.0,0.0,0.0,0.0,0.0,0.0,0.0,0.0,0.0,0.0,0.0,0.0,0.0,0.0,0.0,0.0,0.0,0.0,1.0,100.0,8.008,3.24
2014-05-26,8000.0,25017.92,0.43,4.25,0.43,0.03,0.0,25017.92,0.0,8000.0,0.0,0.0,0.0,0.0,0.0,0.0,0.0,0.0,0.0,0.0,0.0,0.0,0.0,0.0,0.0,0.0,0.0,0.0,0.0,0.0,0.0,0.0,0.0,0.0,1.0,100.0,8.008,3.2
2014-05-27,8000.0,24627.01,0.43,4.13,0.43,0.03,0.0,24627.01,0.0,8000.0,0.0,0.0,0.0,0.0,0.0,0.0,0.0,0.0,0.0,0.0,0.0,0.0,0.0,0.0,0.0,0.0,0.0,0.0,0.0,0.0,0.0,0.0,0.0,0.0,1.0,100.0,8.008,3.15
2014-05-28,8000.0,23923.38,0.43,4.07,0.43,0.03,0.0,23923.38,0.0,8000.0,0.0,0.0,0.0,0.0,0.0,0.0,0.0,0.0,0.0,0.0,0.0,0.0,0.0,0.0,0.0,0.0,0.0,0.0,0.0,0.0,0.0,0.0,0.0,0.0,1.0,100.0,8.008,3.06
2014-05-29,8000.0,24939.74,0.43,4.03,0.43,0.02,0.0,24939.74,0.0,8000.0,0.0,0.0,0.0,0.0,0.0,0.0,0.0,0.0,0.0,0.0,0.0,0.0,0.0,0.0,0.0,0.0,0.0,0.0,0.0,0.0,0.0,0.0,0.0,0.0,1.0,100.0,8.008,3.19
2014-05-30,8000.0,24939.74,0.43,3.95,0.43,0.03,0.0,24939.74,0.0,8000.0,0.0,0.0,0.0,0.0,0.0,0.0,0.0,0.0,0.0,0.0,0.0,0.0,0.0,0.0,0.0,0.0,0.0,0.0,0.0,0.0,0.0,0.0,0.0,0.0,1.0,100.0,8.008,3.19
2014-06-02,8000.0,24001.56,0.43,3.98,0.43,0.03,0.0,24001.56,0.0,8000.0,0.0,0.0,0.0,0.0,0.0,0.0,0.0,0.0,0.0,0.0,0.0,0.0,0.0,0.0,0.0,0.0,0.0,0.0,0.0,0.0,0.0,0.0,0.0,0.0,1.0,100.0,8.008,3.07
2014-06-03,8000.0,24079.75,0.43,4.07,0.43,0.02,0.0,24079.75,0.0,8000.0,0.0,0.0,0.0,0.0,0.0,0.0,0.0,0.0,0.0,0.0,0.0,0.0,0.0,0.0,0.0,0.0,0.0,0.0,0.0,0.0,0.0,0.0,0.0,0.0,1.0,100.0,8.008,3.08
2014-06-04,8000.0,24236.11,0.43,4.05,0.43,0.02,0.0,24236.11,0.0,8000.0,0.0,0.0,0.0,0.0,0.0,0.0,0.0,0.0,0.0,0.0,0.0,0.0,0.0,0.0,0.0,0.0,0.0,0.0,0.0,0.0,0.0,0.0,0.0,0.0,1.0,100.0,8.008,3.1
2014-06-05,8000.0,23923.38,0.43,4.03,0.43,0.02,0.0,23923.38,0.0,8000.0,0.0,0.0,0.0,0.0,0.0,0.0,0.0,0.0,0.0,0.0,0.0,0.0,0.0,0.0,0.0,0.0,0.0,0.0,0.0,0.0,0.0,0.0,0.0,0.0,1.0,100.0,8.008,3.06
2014-06-06,8000.0,24627.01,0.43,4.07,0.43,0.02,0.0,24627.01,0.0,8000.0,0.0,0.0,0.0,0.0,0.0,0.0,0.0,0.0,0.0,0.0,0.0,0.0,0.0,0.0,0.0,0.0,0.0,0.0,0.0,0.0,0.0,0.0,0.0,0.0,1.0,100.0,8.008,3.15
2014-06-09,8000.0,24627.01,0.43,4.12,0.43,0.03,0.0,24627.01,0.0,8000.0,0.0,0.0,0.0,0.0,0.0,0.0,0.0,0.0,0.0,0.0,0.0,0.0,0.0,0.0,0.0,0.0,0.0,0.0,0.0,0.0,0.0,0.0,0.0,0.0,1.0,100.0,8.008,3.15
2014-06-10,8000.0,24548.83,0.43,3.86,0.43,0.03,0.0,24548.83,0.0,8000.0,0.0,0.0,0.0,0.0,0.0,0.0,0.0,0.0,0.0,0.0,0.0,0.0,0.0,0.0,0.0,0.0,0.0,0.0,0.0,0.0,0.0,0.0,0.0,0.0,1.0,100.0,8.008,3.14
2014-06-11,8000.0,24627.01,0.43,3.93,0.43,0.03,0.0,24627.01,0.0,8000.0,0.0,0.0,0.0,0.0,0.0,0.0,0.0,0.0,0.0,0.0,0.0,0.0,0.0,0.0,0.0,0.0,0.0,0.0,0.0,0.0,0.0,0.0,0.0,0.0,1.0,100.0,8.008,3.15
2014-06-12,8000.0,24627.01,0.43,3.97,0.43,0.03,0.0,24627.01,0.0,8000.0,0.0,0.0,0.0,0.0,0.0,0.0,0.0,0.0,0.0,0.0,0.0,0.0,0.0,0.0,0.0,0.0,0.0,0.0,0.0,0.0,0.0,0.0,0.0,0.0,1.0,100.0,8.008,3.15
2014-06-13,8000.0,24627.01,0.43,3.76,0.43,0.03,0.0,24627.01,0.0,8000.0,0.0,0.0,0.0,0.0,0.0,0.0,0.0,0.0,0.0,0.0,0.0,0.0,0.0,0.0,0.0,0.0,0.0,0.0,0.0,0.0,0.0,0.0,0.0,0.0,1.0,100.0,8.008,3.15
2014-06-16,8000.0,24627.01,0.43,3.75,0.43,0.03,0.0,24627.01,0.0,8000.0,0.0,0.0,0.0,0.0,0.0,0.0,0.0,0.0,0.0,0.0,0.0,0.0,0.0,0.0,0.0,0.0,0.0,0.0,0.0,0.0,0.0,0.0,0.0,0.0,1.0,100.0,8.008,3.15
2014-06-17,8000.0,25017.92,0.43,3.8,0.43,0.03,0.0,25017.92,0.0,8000.0,0.0,0.0,0.0,0.0,0.0,0.0,0.0,0.0,0.0,0.0,0.0,0.0,0.0,0.0,0.0,0.0,0.0,0.0,0.0,0.0,0.0,0.0,0.0,0.0,1.0,100.0,8.008,3.2
2014-06-18,8000.0,25408.82,0.43,3.75,0.43,0.03,0.0,25408.82,0.0,8000.0,0.0,0.0,0.0,0.0,0.0,0.0,0.0,0.0,0.0,0.0,0.0,0.0,0.0,0.0,0.0,0.0,0.0,0.0,0.0,0.0,0.0,0.0,0.0,0.0,1.0,100.0,8.008,3.25
2014-06-19,8000.0,25565.18,0.43,3.77,0.43,0.03,0.0,25565.18,0.0,8000.0,0.0,0.0,0.0,0.0,0.0,0.0,0.0,0.0,0.0,0.0,0.0,0.0,0.0,0.0,0.0,0.0,0.0,0.0,0.0,0.0,0.0,0.0,0.0,0.0,1.0,100.0,8.008,3.27
2014-06-20,8000.0,23845.2,0.43,3.74,0.43,0.03,0.0,23845.2,0.0,8000.0,0.0,0.0,0.0,0.0,0.0,0.0,0.0,0.0,0.0,0.0,0.0,0.0,0.0,0.0,0.0,0.0,0.0,0.0,0.0,0.0,0.0,0.0,0.0,0.0,1.0,100.0,8.008,3.05
2014-06-23,8000.0,23688.84,0.43,3.72,0.43,0.02,0.0,23688.84,0.0,8000.0,0.0,0.0,0.0,0.0,0.0,0.0,0.0,0.0,0.0,0.0,0.0,0.0,0.0,0.0,0.0,0.0,0.0,0.0,0.0,0.0,0.0,0.0,0.0,0.0,1.0,100.0,8.008,3.03
2014-06-24,8000.0,24236.11,0.43,3.75,0.43,0.02,0.0,24236.11,0.0,8000.0,0.0,0.0,0.0,0.0,0.0,0.0,0.0,0.0,0.0,0.0,0.0,0.0,0.0,0.0,0.0,0.0,0.0,0.0,0.0,0.0,0.0,0.0,0.0,0.0,1.0,100.0,8.008,3.1
2014-06-25,8000.0,24470.65,0.43,3.71,0.43,0.02,0.0,24470.65,0.0,8000.0,0.0,0.0,0.0,0.0,0.0,0.0,0.0,0.0,0.0,0.0,0.0,0.0,0.0,0.0,0.0,0.0,0.0,0.0,0.0,0.0,0.0,0.0,0.0,0.0,1.0,100.0,8.008,3.13
2014-06-26,8000.0,24236.11,0.43,3.73,0.43,0.03,0.0,24236.11,0.0,8000.0,0.0,0.0,0.0,0.0,0.0,0.0,0.0,0.0,0.0,0.0,0.0,0.0,0.0,0.0,0.0,0.0,0.0,0.0,0.0,0.0,0.0,0.0,0.0,0.0,1.0,100.0,8.008,3.1
2014-06-27,8000.0,24236.11,0.43,3.93,0.43,0.02,0.0,24236.11,0.0,8000.0,0.0,0.0,0.0,0.0,0.0,0.0,0.0,0.0,0.0,0.0,0.0,0.0,0.0,0.0,0.0,0.0,0.0,0.0,0.0,0.0,0.0,0.0,0.0,0.0,1.0,100.0,8.008,3.1
2014-06-30,8000.0,24157.93,0.43,3.91,0.43,0.02,0.0,24157.93,0.0,8000.0,0.0,0.0,0.0,0.0,0.0,0.0,0.0,0.0,0.0,0.0,0.0,0.0,0.0,0.0,0.0,0.0,0.0,0.0,0.0,0.0,0.0,0.0,0.0,0.0,1.0,100.0,8.008,3.09
2014-07-01,8000.0,23454.3,0.43,3.96,0.43,0.02,0.0,23454.3,0.0,8000.0,0.0,0.0,0.0,0.0,0.0,0.0,0.0,0.0,0.0,0.0,0.0,0.0,0.0,0.0,0.0,0.0,0.0,0.0,0.0,0.0,0.0,0.0,0.0,0.0,1.0,100.0,8.008,3.0
2014-07-02,8000.0,23454.3,0.43,3.77,0.43,0.02,0.0,23454.3,0.0,8000.0,0.0,0.0,0.0,0.0,0.0,0.0,0.0,0.0,0.0,0.0,0.0,0.0,0.0,0.0,0.0,0.0,0.0,0.0,0.0,0.0,0.0,0.0,0.0,0.0,1.0,100.0,8.008,3.0
2014-07-03,8000.0,23845.2,0.43,3.74,0.43,0.02,0.0,23845.2,0.0,8000.0,0.0,0.0,0.0,0.0,0.0,0.0,0.0,0.0,0.0,0.0,0.0,0.0,0.0,0.0,0.0,0.0,0.0,0.0,0.0,0.0,0.0,0.0,0.0,0.0,1.0,100.0,8.008,3.05
2014-07-04,8000.0,23845.2,0.43,3.73,0.43,0.02,0.0,23845.2,0.0,8000.0,0.0,0.0,0.0,0.0,0.0,0.0,0.0,0.0,0.0,0.0,0.0,0.0,0.0,0.0,0.0,0.0,0.0,0.0,0.0,0.0,0.0,0.0,0.0,0.0,1.0,100.0,8.008,3.05
2014-07-07,8000.0,23845.2,0.43,7.32,0.43,0.02,0.0,23845.2,0.0,8000.0,0.0,0.0,0.0,0.0,0.0,0.0,0.0,0.0,0.0,0.0,0.0,0.0,0.0,0.0,0.0,0.0,0.0,0.0,0.0,0.0,0.0,0.0,0.0,0.0,1.0,100.0,8.008,3.05
2014-07-08,8000.0,24236.11,0.43,7.69,0.43,0.02,0.0,24236.11,0.0,8000.0,0.0,0.0,0.0,0.0,0.0,0.0,0.0,0.0,0.0,0.0,0.0,0.0,0.0,0.0,0.0,0.0,0.0,0.0,0.0,0.0,0.0,0.0,0.0,0.0,1.0,100.0,8.008,3.1
2014-07-09,8000.0,24236.11,0.43,7.93,0.43,0.02,0.0,24236.11,0.0,8000.0,0.0,0.0,0.0,0.0,0.0,0.0,0.0,0.0,0.0,0.0,0.0,0.0,0.0,0.0,0.0,0.0,0.0,0.0,0.0,0.0,0.0,0.0,0.0,0.0,1.0,100.0,8.008,3.1
2014-07-10,8000.0,24236.11,0.43,8.37,0.43,0.02,0.0,24236.11,0.0,8000.0,0.0,0.0,0.0,0.0,0.0,0.0,0.0,0.0,0.0,0.0,0.0,0.0,0.0,0.0,0.0,0.0,0.0,0.0,0.0,0.0,0.0,0.0,0.0,0.0,1.0,100.0,8.008,3.1
2014-07-11,8000.0,24236.11,0.43,9.06,0.43,0.02,0.0,24236.11,0.0,8000.0,0.0,0.0,0.0,0.0,0.0,0.0,0.0,0.0,0.0,0.0,0.0,0.0,0.0,0.0,0.0,0.0,0.0,0.0,0.0,0.0,0.0,0.0,0.0,0.0,1.0,100.0,8.008,3.1
2014-07-14,8000.0,24001.56,0.43,9.06,0.43,0.02,0.0,24001.56,0.0,8000.0,0.0,0.0,0.0,0.0,0.0,0.0,0.0,0.0,0.0,0.0,0.0,0.0,0.0,0.0,0.0,0.0,0.0,0.0,0.0,0.0,0.0,0.0,0.0,0.0,1.0,100.0,8.008,3.07
2014-07-15,8000.0,24236.11,0.43,8.39,0.43,0.02,0.0,24236.11,0.0,8000.0,0.0,0.0,0.0,0.0,0.0,0.0,0.0,0.0,0.0,0.0,0.0,0.0,0.0,0.0,0.0,0.0,0.0,0.0,0.0,0.0,0.0,0.0,0.0,0.0,1.0,100.0,8.008,3.1
2014-07-16,8000.0,24236.11,0.43,8.37,0.43,0.02,0.0,24236.11,0.0,8000.0,0.0,0.0,0.0,0.0,0.0,0.0,0.0,0.0,0.0,0.0,0.0,0.0,0.0,0.0,0.0,0.0,0.0,0.0,0.0,0.0,0.0,0.0,0.0,0.0,1.0,100.0,8.008,3.1
2014-07-17,8000.0,24236.11,0.43,9.34,0.43,0.02,0.0,24236.11,0.0,8000.0,0.0,0.0,0.0,0.0,0.0,0.0,0.0,0.0,0.0,0.0,0.0,0.0,0.0,0.0,0.0,0.0,0.0,0.0,0.0,0.0,0.0,0.0,0.0,0.0,1.0,100.0,8.008,3.1
2014-07-18,8000.0,24236.11,0.43,9.51,0.43,0.02,0.0,24236.11,0.0,8000.0,0.0,0.0,0.0,0.0,0.0,0.0,0.0,0.0,0.0,0.0,0.0,0.0,0.0,0.0,0.0,0.0,0.0,0.0,0.0,0.0,0.0,0.0,0.0,0.0,1.0,100.0,8.008,3.1
2014-07-21,8000.0,24236.11,0.43,9.71,0.43,0.02,0.0,24236.11,0.0,8000.0,0.0,0.0,0.0,0.0,0.0,0.0,0.0,0.0,0.0,0.0,0.0,0.0,0.0,0.0,0.0,0.0,0.0,0.0,0.0,0.0,0.0,0.0,0.0,0.0,1.0,100.0,8.008,3.1
2014-07-22,8000.0,23532.48,0.43,11.7,0.43,0.02,0.0,23532.48,0.0,8000.0,0.0,0.0,0.0,0.0,0.0,0.0,0.0,0.0,0.0,0.0,0.0,0.0,0.0,0.0,0.0,0.0,0.0,0.0,0.0,0.0,0.0,0.0,0.0,0.0,1.0,100.0,8.008,3.01
2014-07-23,8000.0,24236.11,0.43,11.52,0.43,0.02,0.0,24236.11,0.0,8000.0,0.0,0.0,0.0,0.0,0.0,0.0,0.0,0.0,0.0,0.0,0.0,0.0,0.0,0.0,0.0,0.0,0.0,0.0,0.0,0.0,0.0,0.0,0.0,0.0,1.0,100.0,8.008,3.1
2014-07-24,8000.0,24392.47,0.43,11.89,0.43,0.02,0.0,24392.47,0.0,8000.0,0.0,0.0,0.0,0.0,0.0,0.0,0.0,0.0,0.0,0.0,0.0,0.0,0.0,0.0,0.0,0.0,0.0,0.0,0.0,0.0,0.0,0.0,0.0,0.0,1.0,100.0,8.008,3.12
2014-07-25,8000.0,26972.44,0.43,14.68,0.43,0.03,0.0,26972.44,0.0,8000.0,0.0,0.0,0.0,0.0,0.0,0.0,0.0,0.0,0.0,0.0,0.0,0.0,0.0,0.0,0.0,0.0,0.0,0.0,0.0,0.0,0.0,0.0,0.0,0.0,1.0,100.0,8.008,3.45
2014-07-28,8000.0,26972.44,0.43,8.63,0.43,0.03,0.0,26972.44,0.0,8000.0,0.0,0.0,0.0,0.0,0.0,0.0,0.0,0.0,0.0,0.0,0.0,0.0,0.0,0.0,0.0,0.0,0.0,0.0,0.0,0.0,0.0,0.0,0.0,0.0,1.0,100.0,8.008,3.45
2014-07-29,8000.0,27519.71,0.43,8.7,0.43,0.03,0.0,27519.71,0.0,8000.0,0.0,0.0,0.0,0.0,0.0,0.0,0.0,0.0,0.0,0.0,0.0,0.0,0.0,0.0,0.0,0.0,0.0,0.0,0.0,0.0,0.0,0.0,0.0,0.0,1.0,100.0,8.008,3.52
2014-07-30,8000.0,27519.71,0.43,7.47,0.43,0.03,0.0,27519.71,0.0,8000.0,0.0,0.0,0.0,0.0,0.0,0.0,0.0,0.0,0.0,0.0,0.0,0.0,0.0,0.0,0.0,0.0,0.0,0.0,0.0,0.0,0.0,0.0,0.0,0.0,1.0,100.0,8.008,3.52
2014-07-31,8000.0,27206.99,0.43,7.53,0.43,0.03,0.0,27206.99,0.0,8000.0,0.0,0.0,0.0,0.0,0.0,0.0,0.0,0.0,0.0,0.0,0.0,0.0,0.0,0.0,0.0,0.0,0.0,0.0,0.0,0.0,0.0,0.0,0.0,0.0,1.0,100.0,8.008,3.48
2014-08-01,8000.0,27363.35,0.43,7.5,0.43,0.03,0.0,27363.35,0.0,8000.0,0.0,0.0,0.0,0.0,0.0,0.0,0.0,0.0,0.0,0.0,0.0,0.0,0.0,0.0,0.0,0.0,0.0,0.0,0.0,0.0,0.0,0.0,0.0,0.0,1.0,100.0,8.008,3.5
2014-08-04,8000.0,27519.71,0.43,7.58,0.43,0.03,0.0,27519.71,0.0,8000.0,0.0,0.0,0.0,0.0,0.0,0.0,0.0,0.0,0.0,0.0,0.0,0.0,0.0,0.0,0.0,0.0,0.0,0.0,0.0,0.0,0.0,0.0,0.0,0.0,1.0,100.0,8.008,3.52
2014-08-05,8000.0,27206.99,0.43,7.36,0.43,0.03,0.0,27206.99,0.0,8000.0,0.0,0.0,0.0,0.0,0.0,0.0,0.0,0.0,0.0,0.0,0.0,0.0,0.0,0.0,0.0,0.0,0.0,0.0,0.0,0.0,0.0,0.0,0.0,0.0,1.0,100.0,8.008,3.48
2014-08-06,8000.0,26503.36,0.43,7.48,0.43,0.03,0.0,26503.36,0.0,8000.0,0.0,0.0,0.0,0.0,0.0,0.0,0.0,0.0,0.0,0.0,0.0,0.0,0.0,0.0,0.0,0.0,0.0,0.0,0.0,0.0,0.0,0.0,0.0,0.0,1.0,100.0,8.008,3.39
2014-08-07,8000.0,26816.08,0.43,7.36,0.43,0.03,0.0,26816.08,0.0,8000.0,0.0,0.0,0.0,0.0,0.0,0.0,0.0,0.0,0.0,0.0,0.0,0.0,0.0,0.0,0.0,0.0,0.0,0.0,0.0,0.0,0.0,0.0,0.0,0.0,1.0,100.0,8.008,3.43
2014-08-08,8000.0,26581.54,0.43,7.38,0.43,0.03,0.0,26581.54,0.0,8000.0,0.0,0.0,0.0,0.0,0.0,0.0,0.0,0.0,0.0,0.0,0.0,0.0,0.0,0.0,0.0,0.0,0.0,0.0,0.0,0.0,0.0,0.0,0.0,0.0,1.0,100.0,8.008,3.4
2014-08-11,8000.0,26346.99,0.43,7.65,0.43,0.03,0.0,26346.99,0.0,8000.0,0.0,0.0,0.0,0.0,0.0,0.0,0.0,0.0,0.0,0.0,0.0,0.0,0.0,0.0,0.0,0.0,0.0,0.0,0.0,0.0,0.0,0.0,0.0,0.0,1.0,100.0,8.008,3.37
2014-08-12,8000.0,26425.18,0.43,7.65,0.43,0.03,0.0,26425.18,0.0,8000.0,0.0,0.0,0.0,0.0,0.0,0.0,0.0,0.0,0.0,0.0,0.0,0.0,0.0,0.0,0.0,0.0,0.0,0.0,0.0,0.0,0.0,0.0,0.0,0.0,1.0,100.0,8.008,3.38
2014-08-13,8000.0,27363.35,0.43,8.46,0.43,0.03,0.0,27363.35,0.0,8000.0,0.0,0.0,0.0,0.0,0.0,0.0,0.0,0.0,0.0,0.0,0.0,0.0,0.0,0.0,0.0,0.0,0.0,0.0,0.0,0.0,0.0,0.0,0.0,0.0,1.0,100.0,8.008,3.5
2014-08-14,8000.0,27363.35,0.43,8.7,0.43,0.03,0.0,27363.35,0.0,8000.0,0.0,0.0,0.0,0.0,0.0,0.0,0.0,0.0,0.0,0.0,0.0,0.0,0.0,0.0,0.0,0.0,0.0,0.0,0.0,0.0,0.0,0.0,0.0,0.0,1.0,100.0,8.008,3.5
2014-08-15,8000.0,26972.44,0.43,8.77,0.43,0.03,0.0,26972.44,0.0,8000.0,0.0,0.0,0.0,0.0,0.0,0.0,0.0,0.0,0.0,0.0,0.0,0.0,0.0,0.0,0.0,0.0,0.0,0.0,0.0,0.0,0.0,0.0,0.0,0.0,1.0,100.0,8.008,3.45
2014-08-18,8000.0,26972.44,0.43,8.67,0.43,0.03,0.0,26972.44,0.0,8000.0,0.0,0.0,0.0,0.0,0.0,0.0,0.0,0.0,0.0,0.0,0.0,0.0,0.0,0.0,0.0,0.0,0.0,0.0,0.0,0.0,0.0,0.0,0.0,0.0,1.0,100.0,8.008,3.45
2014-08-19,8000.0,26816.08,0.43,8.67,0.43,0.03,0.0,26816.08,0.0,8000.0,0.0,0.0,0.0,0.0,0.0,0.0,0.0,0.0,0.0,0.0,0.0,0.0,0.0,0.0,0.0,0.0,0.0,0.0,0.0,0.0,0.0,0.0,0.0,0.0,1.0,100.0,8.008,3.43
2014-08-20,8000.0,26737.9,0.43,8.69,0.43,0.03,0.0,26737.9,0.0,8000.0,0.0,0.0,0.0,0.0,0.0,0.0,0.0,0.0,0.0,0.0,0.0,0.0,0.0,0.0,0.0,0.0,0.0,0.0,0.0,0.0,0.0,0.0,0.0,0.0,1.0,100.0,8.008,3.42
2014-08-21,8000.0,27363.35,0.43,8.74,0.43,0.03,0.0,27363.35,0.0,8000.0,0.0,0.0,0.0,0.0,0.0,0.0,0.0,0.0,0.0,0.0,0.0,0.0,0.0,0.0,0.0,0.0,0.0,0.0,0.0,0.0,0.0,0.0,0.0,0.0,1.0,100.0,8.008,3.5
2014-08-22,8000.0,27363.35,0.43,8.63,0.43,0.03,0.0,27363.35,0.0,8000.0,0.0,0.0,0.0,0.0,0.0,0.0,0.0,0.0,0.0,0.0,0.0,0.0,0.0,0.0,0.0,0.0,0.0,0.0,0.0,0.0,0.0,0.0,0.0,0.0,1.0,100.0,8.008,3.5
2014-08-25,8000.0,27363.35,0.43,8.31,0.43,0.03,0.0,27363.35,0.0,8000.0,0.0,0.0,0.0,0.0,0.0,0.0,0.0,0.0,0.0,0.0,0.0,0.0,0.0,0.0,0.0,0.0,0.0,0.0,0.0,0.0,0.0,0.0,0.0,0.0,1.0,100.0,8.008,3.5
2014-08-26,8000.0,26972.44,0.43,8.94,0.43,0.03,0.0,26972.44,0.0,8000.0,0.0,0.0,0.0,0.0,0.0,0.0,0.0,0.0,0.0,0.0,0.0,0.0,0.0,0.0,0.0,0.0,0.0,0.0,0.0,0.0,0.0,0.0,0.0,0.0,1.0,100.0,8.008,3.45
2014-08-27,8000.0,26581.54,0.43,9.03,0.43,0.03,0.0,26581.54,0.0,8000.0,0.0,0.0,0.0,0.0,0.0,0.0,0.0,0.0,0.0,0.0,0.0,0.0,0.0,0.0,0.0,0.0,0.0,0.0,0.0,0.0,0.0,0.0,0.0,0.0,1.0,100.0,8.008,3.4
2014-08-28,8000.0,25799.73,0.43,9.02,0.43,0.03,0.0,25799.73,0.0,8000.0,0.0,0.0,0.0,0.0,0.0,0.0,0.0,0.0,0.0,0.0,0.0,0.0,0.0,0.0,0.0,0.0,0.0,0.0,0.0,0.0,0.0,0.0,0.0,0.0,1.0,100.0,8.008,3.3
2014-08-29,8000.0,25799.73,0.43,9.01,0.43,0.03,0.0,25799.73,0.0,8000.0,0.0,0.0,0.0,0.0,0.0,0.0,0.0,0.0,0.0,0.0,0.0,0.0,0.0,0.0,0.0,0.0,0.0,0.0,0.0,0.0,0.0,0.0,0.0,0.0,1.0,100.0,8.008,3.3
2014-09-01,8000.0,25408.82,0.43,8.92,0.43,0.03,0.0,25408.82,0.0,8000.0,0.0,0.0,0.0,0.0,0.0,0.0,0.0,0.0,0.0,0.0,0.0,0.0,0.0,0.0,0.0,0.0,0.0,0.0,0.0,0.0,0.0,0.0,0.0,0.0,1.0,100.0,8.008,3.25
2014-09-02,8000.0,25408.82,0.43,8.9,0.43,0.03,0.0,25408.82,0.0,8000.0,0.0,0.0,0.0,0.0,0.0,0.0,0.0,0.0,0.0,0.0,0.0,0.0,0.0,0.0,0.0,0.0,0.0,0.0,0.0,0.0,0.0,0.0,0.0,0.0,1.0,100.0,8.008,3.25
2014-09-03,8000.0,24314.29,0.43,9.17,0.43,0.03,0.0,24314.29,0.0,8000.0,0.0,0.0,0.0,0.0,0.0,0.0,0.0,0.0,0.0,0.0,0.0,0.0,0.0,0.0,0.0,0.0,0.0,0.0,0.0,0.0,0.0,0.0,0.0,0.0,1.0,100.0,8.008,3.11
2014-09-04,8000.0,23688.84,0.43,8.77,0.43,0.02,0.0,23688.84,0.0,8000.0,0.0,0.0,0.0,0.0,0.0,0.0,0.0,0.0,0.0,0.0,0.0,0.0,0.0,0.0,0.0,0.0,0.0,0.0,0.0,0.0,0.0,0.0,0.0,0.0,1.0,100.0,8.008,3.03
2014-09-05,8000.0,24314.29,0.43,7.54,0.43,0.02,0.0,24314.29,0.0,8000.0,0.0,0.0,0.0,0.0,0.0,0.0,0.0,0.0,0.0,0.0,0.0,0.0,0.0,0.0,0.0,0.0,0.0,0.0,0.0,0.0,0.0,0.0,0.0,0.0,1.0,100.0,8.008,3.11
2014-09-08,8000.0,24314.29,0.43,11.52,0.43,0.02,0.0,24314.29,0.0,8000.0,0.0,0.0,0.0,0.0,0.0,0.0,0.0,0.0,0.0,0.0,0.0,0.0,0.0,0.0,0.0,0.0,0.0,0.0,0.0,0.0,0.0,0.0,0.0,0.0,1.0,100.0,8.008,3.11
2014-09-09,8000.0,24627.01,0.43,7.75,0.43,0.02,0.0,24627.01,0.0,8000.0,0.0,0.0,0.0,0.0,0.0,0.0,0.0,0.0,0.0,0.0,0.0,0.0,0.0,0.0,0.0,0.0,0.0,0.0,0.0,0.0,0.0,0.0,0.0,0.0,1.0,100.0,8.008,3.15
2014-09-10,0.0,0.0,0.0,0.0,0.0,0.0,0.0,0.0,0.0,0.0,0.0,0.0,0.0,0.0,0.0,0.0,0.0,0.0,0.0,0.0,0.0,0.0,0.0,0.0,8000.0,0.0,0.02,0.0,0.0,999.0,3153.4,0.0,0.0,0.0,0.0,0.0,0.0,3.23
2014-09-11,0.0,0.0,0.0,0.0,0.0,0.0,0.0,0.0,0.0,0.0,0.0,0.0,0.0,0.0,0.0,0.0,0.0,0.0,0.0,0.0,0.0,0.0,0.0,0.0,0.0,0.0,0.0,0.0,0.0,999.0,3172.93,0.0,0.0,0.0,0.0,0.0,0.0,3.25
2014-09-12,0.0,0.0,0.0,0.0,0.0,0.0,0.0,0.0,0.0,0.0,0.0,0.0,0.0,0.0,0.0,0.0,0.0,0.0,0.0,0.0,0.0,0.0,0.0,0.0,0.0,0.0,0.0,0.0,0.0,999.0,3221.74,0.0,0.0,0.0,0.0,0.0,0.0,3.3
2014-09-15,0.0,0.0,0.0,0.0,0.0,0.0,0.0,0.0,0.0,0.0,0.0,0.0,0.0,0.0,0.0,0.0,0.0,0.0,0.0,0.0,0.0,0.0,0.0,0.0,0.0,0.0,0.0,0.0,0.0,999.0,3172.93,0.0,0.0,0.0,0.0,0.0,0.0,3.25
2014-09-16,0.0,0.0,0.0,0.0,0.0,0.0,0.0,0.0,0.0,0.0,0.0,0.0,0.0,0.0,0.0,0.0,0.0,0.0,0.0,0.0,0.0,0.0,0.0,0.0,0.0,0.0,0.0,0.0,0.0,999.0,3163.16,0.0,0.0,0.0,0.0,0.0,0.0,3.24
2014-09-17,0.0,0.0,0.0,0.0,0.0,0.0,0.0,0.0,0.0,0.0,0.0,0.0,0.0,0.0,0.0,0.0,0.0,0.0,0.0,0.0,0.0,0.0,0.0,0.0,0.0,0.0,0.0,0.0,0.0,999.0,3124.11,0.0,0.0,0.0,0.0,0.0,0.0,3.2
2014-09-18,0.0,0.0,0.0,0.0,0.0,0.0,0.0,0.0,0.0,0.0,0.0,0.0,0.0,0.0,0.0,0.0,0.0,0.0,0.0,0.0,0.0,0.0,0.0,0.0,0.0,0.0,0.0,0.0,0.0,999.0,3124.11,0.0,0.0,0.0,0.0,0.0,0.0,3.2
2014-09-19,0.0,0.0,0.0,0.0,0.0,0.0,0.0,0.0,0.0,0.0,0.0,0.0,0.0,0.0,0.0,0.0,0.0,0.0,0.0,0.0,0.0,0.0,0.0,0.0,0.0,0.0,0.0,0.0,0.0,999.0,3124.11,0.0,0.0,0.0,0.0,0.0,0.0,3.2
2014-09-22,0.0,0.0,0.0,0.0,0.0,0.0,0.0,0.0,0.0,0.0,0.0,0.0,0.0,0.0,0.0,0.0,0.0,0.0,0.0,0.0,0.0,0.0,0.0,0.0,0.0,0.0,0.0,0.0,0.0,999.0,3055.77,0.0,0.0,0.0,0.0,0.0,0.0,3.13
2014-09-23,0.0,0.0,0.0,0.0,0.0,0.0,0.0,0.0,0.0,0.0,0.0,0.0,0.0,0.0,0.0,0.0,0.0,0.0,0.0,0.0,0.0,0.0,0.0,0.0,0.0,0.0,0.0,0.0,0.0,999.0,2997.2,0.0,0.0,0.0,0.0,0.0,0.0,3.07
2014-09-24,0.0,0.0,0.0,0.0,0.0,0.0,0.0,0.0,0.0,0.0,0.0,0.0,0.0,0.0,0.0,0.0,0.0,0.0,0.0,0.0,0.0,0.0,0.0,0.0,0.0,0.0,0.0,0.0,0.0,999.0,2997.2,0.0,0.0,0.0,0.0,0.0,0.0,3.07
2014-09-25,0.0,0.0,0.0,0.0,0.0,0.0,0.0,0.0,0.0,0.0,0.0,0.0,0.0,0.0,0.0,0.0,0.0,0.0,0.0,0.0,0.0,0.0,0.0,0.0,0.0,0.0,0.0,0.0,0.0,999.0,3124.11,0.0,0.0,0.0,0.0,0.0,0.0,3.2
2014-09-26,0.0,0.0,0.0,0.0,0.0,0.0,0.0,0.0,0.0,0.0,0.0,0.0,0.0,0.0,0.0,0.0,0.0,0.0,0.0,0.0,0.0,0.0,0.0,0.0,0.0,0.0,0.0,0.0,0.0,999.0,3133.88,0.0,0.0,0.0,0.0,0.0,0.0,3.21
2014-09-29,0.0,0.0,0.0,0.0,0.0,0.0,0.0,0.0,0.0,0.0,0.0,0.0,0.0,0.0,0.0,0.0,0.0,0.0,0.0,0.0,0.0,0.0,0.0,0.0,0.0,0.0,0.0,0.0,0.0,999.0,3133.88,0.0,0.0,0.0,0.0,0.0,0.0,3.21
2014-09-30,0.0,0.0,0.0,0.0,0.0,0.0,0.0,0.0,0.0,0.0,0.0,0.0,0.0,0.0,0.0,0.0,0.0,0.0,0.0,0.0,0.0,0.0,0.0,0.0,0.0,0.0,0.0,0.0,0.0,999.0,3133.88,0.0,0.0,0.0,0.0,0.0,0.0,3.21
2014-10-01,0.0,0.0,0.0,0.0,0.0,0.0,0.0,0.0,0.0,0.0,0.0,0.0,0.0,0.0,0.0,0.0,0.0,0.0,0.0,0.0,0.0,0.0,0.0,0.0,0.0,0.0,0.0,0.0,0.0,999.0,3124.11,0.0,0.0,0.0,0.0,0.0,0.0,3.2
2014-10-02,0.0,0.0,0.0,0.0,0.0,0.0,0.0,0.0,0.0,0.0,0.0,0.0,0.0,0.0,0.0,0.0,0.0,0.0,0.0,0.0,0.0,0.0,0.0,0.0,0.0,0.0,0.0,0.0,0.0,999.0,3075.3,0.0,0.0,0.0,0.0,0.0,0.0,3.15
2014-10-03,0.0,0.0,0.0,0.0,0.0,0.0,0.0,0.0,0.0,0.0,0.0,0.0,0.0,0.0,0.0,0.0,0.0,0.0,0.0,0.0,0.0,0.0,0.0,0.0,0.0,0.0,0.0,0.0,0.0,999.0,3417.0,0.0,0.0,0.0,0.0,0.0,0.0,3.5
2014-10-06,0.0,0.0,0.0,0.0,0.0,0.0,0.0,0.0,0.0,0.0,0.0,0.0,0.0,0.0,0.0,0.0,0.0,0.0,0.0,0.0,0.0,0.0,0.0,0.0,0.0,0.0,0.0,0.0,0.0,999.0,3163.16,0.0,0.0,0.0,0.0,0.0,0.0,3.24
2014-10-07,0.0,0.0,0.0,0.0,0.0,0.0,0.0,0.0,0.0,0.0,0.0,0.0,0.0,0.0,0.0,0.0,0.0,0.0,0.0,0.0,0.0,0.0,0.0,0.0,0.0,0.0,0.0,0.0,0.0,999.0,3036.25,0.0,0.0,0.0,0.0,0.0,0.0,3.11
2014-10-08,0.0,0.0,0.0,0.0,0.0,0.0,0.0,0.0,0.0,0.0,0.0,0.0,0.0,0.0,0.0,0.0,0.0,0.0,0.0,0.0,0.0,0.0,0.0,0.0,0.0,0.0,0.0,0.0,0.0,999.0,2880.04,0.0,0.0,0.0,0.0,0.0,0.0,2.95
2014-10-09,0.0,0.0,0.0,0.0,0.0,0.0,0.0,0.0,0.0,0.0,0.0,0.0,0.0,0.0,0.0,0.0,0.0,0.0,0.0,0.0,0.0,0.0,0.0,0.0,0.0,0.0,0.0,0.0,0.0,999.0,2801.94,0.0,0.0,0.0,0.0,0.0,0.0,2.87
2014-10-10,0.0,0.0,0.0,0.0,0.0,0.0,0.0,0.0,0.0,0.0,0.0,0.0,0.0,0.0,0.0,0.0,0.0,0.0,0.0,0.0,0.0,0.0,0.0,0.0,0.0,0.0,0.0,0.0,0.0,999.0,2782.41,0.0,0.0,0.0,0.0,0.0,0.0,2.85
2014-10-13,0.0,0.0,0.0,0.0,0.0,0.0,0.0,0.0,0.0,0.0,0.0,0.0,0.0,0.0,0.0,0.0,0.0,0.0,0.0,0.0,0.0,0.0,0.0,0.0,0.0,0.0,0.0,0.0,0.0,999.0,2782.41,0.0,0.0,0.0,0.0,0.0,0.0,2.85
2014-10-14,0.0,0.0,0.0,0.0,0.0,0.0,0.0,0.0,0.0,0.0,0.0,0.0,0.0,0.0,0.0,0.0,0.0,0.0,0.0,0.0,0.0,0.0,0.0,0.0,0.0,0.0,0.0,0.0,0.0,999.0,2762.89,0.0,0.0,0.0,0.0,0.0,0.0,2.83
2014-10-15,0.0,0.0,0.0,0.0,0.0,0.0,0.0,0.0,0.0,0.0,0.0,0.0,0.0,0.0,0.0,0.0,0.0,0.0,0.0,0.0,0.0,0.0,0.0,0.0,0.0,0.0,0.0,0.0,0.0,999.0,2655.5,0.0,0.0,0.0,0.0,0.0,0.0,2.72
2014-10-16,0.0,0.0,0.0,0.0,0.0,0.0,0.0,0.0,0.0,0.0,0.0,0.0,0.0,0.0,0.0,0.0,0.0,0.0,0.0,0.0,0.0,0.0,0.0,0.0,0.0,0.0,0.0,0.0,0.0,999.0,2635.97,0.0,0.0,0.0,0.0,0.0,0.0,2.7
2014-10-17,0.0,0.0,0.0,0.0,0.0,0.0,0.0,0.0,0.0,0.0,0.0,0.0,0.0,0.0,0.0,0.0,0.0,0.0,0.0,0.0,0.0,0.0,0.0,0.0,0.0,0.0,0.0,0.0,0.0,999.0,2684.78,0.0,0.0,0.0,0.0,0.0,0.0,2.75
2014-10-20,0.0,0.0,0.0,0.0,0.0,0.0,0.0,0.0,0.0,0.0,0.0,0.0,0.0,0.0,0.0,0.0,0.0,0.0,0.0,0.0,0.0,0.0,0.0,0.0,0.0,0.0,0.0,0.0,0.0,999.0,2733.6,0.0,0.0,0.0,0.0,0.0,0.0,2.8
2014-10-21,0.0,0.0,0.0,0.0,0.0,0.0,0.0,0.0,0.0,0.0,0.0,0.0,0.0,0.0,0.0,0.0,0.0,0.0,0.0,0.0,0.0,0.0,0.0,0.0,0.0,0.0,0.0,0.0,0.0,999.0,2831.23,0.0,0.0,0.0,0.0,0.0,0.0,2.9
2014-10-22,0.0,0.0,0.0,0.0,0.0,0.0,0.0,0.0,0.0,0.0,0.0,0.0,0.0,0.0,0.0,0.0,0.0,0.0,0.0,0.0,0.0,0.0,0.0,0.0,0.0,0.0,0.0,0.0,0.0,999.0,2928.86,0.0,0.0,0.0,0.0,0.0,0.0,3.0
2014-10-23,0.0,0.0,0.0,0.0,0.0,0.0,0.0,0.0,0.0,0.0,0.0,0.0,0.0,0.0,0.0,0.0,0.0,0.0,0.0,0.0,0.0,0.0,0.0,0.0,0.0,0.0,0.0,0.0,0.0,999.0,2977.67,0.0,0.0,0.0,0.0,0.0,0.0,3.05
2014-10-24,0.0,0.0,0.0,0.0,0.0,0.0,0.0,0.0,0.0,0.0,0.0,0.0,0.0,0.0,0.0,0.0,0.0,0.0,0.0,0.0,0.0,0.0,0.0,0.0,0.0,0.0,0.0,0.0,0.0,999.0,3709.88,0.0,0.0,0.0,0.0,0.0,0.0,3.8
2014-10-27,0.0,0.0,0.0,0.0,0.0,0.0,0.0,0.0,0.0,0.0,0.0,0.0,0.0,0.0,0.0,0.0,0.0,0.0,0.0,0.0,0.0,0.0,0.0,0.0,0.0,0.0,0.0,0.0,0.0,999.0,3709.88,0.0,0.0,0.0,0.0,0.0,0.0,3.8
2014-10-28,0.0,0.0,0.0,0.0,0.0,0.0,0.0,0.0,0.0,0.0,0.0,0.0,0.0,0.0,0.0,0.0,0.0,0.0,0.0,0.0,0.0,0.0,0.0,0.0,0.0,0.0,0.0,0.0,0.0,999.0,3768.46,0.0,0.0,0.0,0.0,0.0,0.0,3.86
2014-10-29,0.0,0.0,0.0,0.0,0.0,0.0,0.0,0.0,0.0,0.0,0.0,0.0,0.0,0.0,0.0,0.0,0.0,0.0,0.0,0.0,0.0,0.0,0.0,0.0,0.0,0.0,0.0,0.0,0.0,999.0,3709.88,0.0,0.0,0.0,0.0,0.0,0.0,3.8
2014-10-30,0.0,0.0,0.0,0.0,0.0,0.0,0.0,0.0,0.0,0.0,0.0,0.0,0.0,0.0,0.0,0.0,0.0,0.0,0.0,0.0,0.0,0.0,0.0,0.0,0.0,0.0,0.0,0.0,0.0,999.0,3661.07,0.0,0.0,0.0,0.0,0.0,0.0,3.75
2014-10-31,0.0,0.0,0.0,0.0,0.0,0.0,0.0,0.0,0.0,0.0,0.0,0.0,0.0,0.0,0.0,0.0,0.0,0.0,0.0,0.0,0.0,0.0,0.0,0.0,0.0,0.0,0.0,0.0,0.0,999.0,3680.59,0.0,0.0,0.0,0.0,0.0,0.0,3.77
2014-11-03,0.0,0.0,0.0,0.0,0.0,0.0,0.0,0.0,0.0,0.0,0.0,0.0,0.0,0.0,0.0,0.0,0.0,0.0,0.0,0.0,0.0,0.0,0.0,0.0,0.0,0.0,0.0,0.0,0.0,999.0,3700.12,0.0,0.0,0.0,0.0,0.0,0.0,3.79
2014-11-04,0.0,0.0,0.0,0.0,0.0,0.0,0.0,0.0,0.0,0.0,0.0,0.0,0.0,0.0,0.0,0.0,0.0,0.0,0.0,0.0,0.0,0.0,0.0,0.0,0.0,0.0,0.0,0.0,0.0,999.0,3709.88,0.0,0.0,0.0,0.0,0.0,0.0,3.8
2014-11-05,0.0,0.0,0.0,0.0,0.0,0.0,0.0,0.0,0.0,0.0,0.0,0.0,0.0,0.0,0.0,0.0,0.0,0.0,0.0,0.0,0.0,0.0,0.0,0.0,0.0,0.0,0.0,0.0,0.0,999.0,3709.88,0.0,0.0,0.0,0.0,0.0,0.0,3.8
2014-11-06,0.0,0.0,0.0,0.0,0.0,0.0,0.0,0.0,0.0,0.0,0.0,0.0,0.0,0.0,0.0,0.0,0.0,0.0,0.0,0.0,0.0,0.0,0.0,0.0,0.0,0.0,0.0,0.0,0.0,999.0,3729.41,0.0,0.0,0.0,0.0,0.0,0.0,3.82
2014-11-07,0.0,0.0,0.0,0.0,0.0,0.0,0.0,0.0,0.0,0.0,0.0,0.0,0.0,0.0,0.0,0.0,0.0,0.0,0.0,0.0,0.0,0.0,0.0,0.0,0.0,0.0,0.0,0.0,0.0,999.0,3700.12,0.0,0.0,0.0,0.0,0.0,0.0,3.79
2014-11-10,0.0,0.0,0.0,0.0,0.0,0.0,0.0,0.0,0.0,0.0,0.0,0.0,0.0,0.0,0.0,0.0,0.0,0.0,0.0,0.0,0.0,0.0,0.0,0.0,0.0,0.0,0.0,0.0,0.0,999.0,3661.07,0.0,0.0,0.0,0.0,0.0,0.0,3.75
2014-11-11,0.0,0.0,0.0,0.0,0.0,0.0,0.0,0.0,0.0,0.0,0.0,0.0,0.0,0.0,0.0,0.0,0.0,0.0,0.0,0.0,0.0,0.0,0.0,0.0,0.0,0.0,0.0,0.0,0.0,999.0,3709.88,0.0,0.0,0.0,0.0,0.0,0.0,3.8
2014-11-12,0.0,0.0,0.0,0.0,0.0,0.0,0.0,0.0,0.0,0.0,0.0,0.0,0.0,0.0,0.0,0.0,0.0,0.0,0.0,0.0,0.0,0.0,0.0,0.0,0.0,0.0,0.0,0.0,0.0,999.0,3729.41,0.0,0.0,0.0,0.0,0.0,0.0,3.82
2014-11-13,0.0,0.0,0.0,0.0,0.0,0.0,0.0,0.0,0.0,0.0,0.0,0.0,0.0,0.0,0.0,0.0,0.0,0.0,0.0,0.0,0.0,0.0,0.0,0.0,0.0,0.0,0.0,0.0,0.0,999.0,3690.36,0.0,0.0,0.0,0.0,0.0,0.0,3.78
2014-11-14,0.0,0.0,0.0,0.0,0.0,0.0,0.0,0.0,0.0,0.0,0.0,0.0,0.0,0.0,0.0,0.0,0.0,0.0,0.0,0.0,0.0,0.0,0.0,0.0,0.0,0.0,0.0,0.0,0.0,999.0,3895.38,0.0,0.0,0.0,0.0,0.0,0.0,3.99
2014-11-17,0.0,0.0,0.0,0.0,0.0,0.0,0.0,0.0,0.0,0.0,0.0,0.0,0.0,0.0,0.0,0.0,0.0,0.0,0.0,0.0,0.0,0.0,0.0,0.0,0.0,0.0,0.0,0.0,0.0,999.0,3885.61,0.0,0.0,0.0,0.0,0.0,0.0,3.98
2014-11-18,0.0,0.0,0.0,0.0,0.0,0.0,0.0,0.0,0.0,0.0,0.0,0.0,0.0,0.0,0.0,0.0,0.0,0.0,0.0,0.0,0.0,0.0,0.0,0.0,0.0,0.0,0.0,0.0,0.0,999.0,4276.13,0.0,0.0,0.0,0.0,0.0,0.0,4.38
2014-11-19,0.0,0.0,0.0,0.0,0.0,0.0,0.0,0.0,0.0,0.0,0.0,0.0,0.0,0.0,0.0,0.0,0.0,0.0,0.0,0.0,0.0,0.0,0.0,0.0,0.0,0.0,0.0,0.0,0.0,999.0,4198.03,0.0,0.0,0.0,0.0,0.0,0.0,4.3
2014-11-20,0.0,0.0,0.0,0.0,0.0,0.0,0.0,0.0,0.0,0.0,0.0,0.0,0.0,0.0,0.0,0.0,0.0,0.0,0.0,0.0,0.0,0.0,0.0,0.0,0.0,0.0,0.0,0.0,0.0,999.0,4198.03,0.0,0.0,0.0,0.0,0.0,0.0,4.3
2014-11-21,0.0,0.0,0.0,0.0,0.0,0.0,0.0,0.0,0.0,0.0,0.0,0.0,0.0,0.0,0.0,0.0,0.0,0.0,0.0,0.0,0.0,0.0,0.0,0.0,0.0,0.0,0.0,0.0,0.0,999.0,4198.03,0.0,0.0,0.0,0.0,0.0,0.0,4.3
2014-11-24,0.0,0.0,0.0,0.0,0.0,0.0,0.0,0.0,0.0,0.0,0.0,0.0,0.0,0.0,0.0,0.0,0.0,0.0,0.0,0.0,0.0,0.0,0.0,0.0,0.0,0.0,0.0,0.0,0.0,999.0,4198.03,0.0,0.0,0.0,0.0,0.0,0.0,4.3
2014-11-25,0.0,0.0,0.0,0.0,0.0,0.0,0.0,0.0,0.0,0.0,0.0,0.0,0.0,0.0,0.0,0.0,0.0,0.0,0.0,0.0,0.0,0.0,0.0,0.0,0.0,0.0,0.0,0.0,0.0,999.0,4412.81,0.0,0.0,0.0,0.0,0.0,0.0,4.52
2014-11-26,0.0,0.0,0.0,0.0,0.0,0.0,0.0,0.0,0.0,0.0,0.0,0.0,0.0,0.0,0.0,0.0,0.0,0.0,0.0,0.0,0.0,0.0,0.0,0.0,0.0,0.0,0.0,0.0,0.0,999.0,4666.64,0.0,0.0,0.0,0.0,0.0,0.0,4.78
2014-11-27,0.0,0.0,0.0,0.0,0.0,0.0,0.0,0.0,0.0,0.0,0.0,0.0,0.0,0.0,0.0,0.0,0.0,0.0,0.0,0.0,0.0,0.0,0.0,0.0,0.0,0.0,0.0,0.0,0.0,999.0,4998.58,0.0,0.0,0.0,0.0,0.0,0.0,5.12
2014-11-28,0.0,0.0,0.0,0.0,0.0,0.0,0.0,0.0,0.0,0.0,0.0,0.0,0.0,0.0,0.0,0.0,0.0,0.0,0.0,0.0,0.0,0.0,0.0,0.0,0.0,0.0,0.0,0.0,0.0,999.0,5613.64,0.01,0.0,0.0,0.0,0.0,0.0,5.75
2014-12-01,0.0,0.0,0.0,0.0,0.0,0.0,0.0,0.0,0.0,0.0,0.0,0.0,0.0,0.0,0.0,0.0,0.0,0.0,0.0,0.0,0.0,0.0,0.0,0.0,0.0,0.0,0.0,0.0,0.0,999.0,5271.94,0.01,0.0,0.0,0.0,0.0,0.0,5.4
2014-12-02,0.0,0.0,0.0,0.0,0.0,0.0,0.0,0.0,0.0,0.0,0.0,0.0,0.0,0.0,0.0,0.0,0.0,0.0,0.0,0.0,0.0,0.0,0.0,0.0,0.0,0.0,0.0,0.0,0.0,999.0,4803.32,0.01,0.0,0.0,0.0,0.0,0.0,4.92
2014-12-03,0.0,0.0,0.0,0.0,0.0,0.0,0.0,0.0,0.0,0.0,0.0,0.0,0.0,0.0,0.0,0.0,0.0,0.0,0.0,0.0,0.0,0.0,0.0,0.0,0.0,0.0,0.0,0.0,0.0,999.0,5086.45,0.01,0.0,0.0,0.0,0.0,0.0,5.21
2014-12-04,0.0,0.0,0.0,0.0,0.0,0.0,0.0,0.0,0.0,0.0,0.0,0.0,0.0,0.0,0.0,0.0,0.0,0.0,0.0,0.0,0.0,0.0,0.0,0.0,0.0,0.0,0.0,0.0,0.0,999.0,5105.97,0.01,0.0,0.0,0.0,0.0,0.0,5.23
2014-12-05,0.0,0.0,0.0,0.0,0.0,0.0,0.0,0.0,0.0,0.0,0.0,0.0,0.0,0.0,0.0,0.0,0.0,0.0,0.0,0.0,0.0,0.0,0.0,0.0,0.0,0.0,0.0,0.0,0.0,999.0,5496.49,0.01,0.0,0.0,0.0,0.0,0.0,5.63
2014-12-08,0.0,0.0,0.0,0.0,0.0,0.0,0.0,0.0,0.0,0.0,0.0,0.0,0.0,0.0,0.0,0.0,0.0,0.0,0.0,0.0,0.0,0.0,0.0,0.0,0.0,0.0,0.0,0.0,0.0,999.0,5457.43,0.01,0.0,0.0,0.0,0.0,0.0,5.59
2014-12-09,0.0,0.0,0.0,0.0,0.0,0.0,0.0,0.0,0.0,0.0,0.0,0.0,0.0,0.0,0.0,0.0,0.0,0.0,0.0,0.0,0.0,0.0,0.0,0.0,0.0,0.0,0.0,0.0,0.0,999.0,6189.65,0.01,0.0,0.0,0.0,0.0,0.0,6.34
2014-12-10,0.0,0.0,0.0,0.0,0.0,0.0,0.0,0.0,0.0,0.0,0.0,0.0,0.0,0.0,0.0,0.0,0.0,0.0,0.0,0.0,0.0,0.0,0.0,0.0,0.0,0.0,0.0,0.0,0.0,999.0,5711.27,0.01,0.0,0.0,0.0,0.0,0.0,5.85
2014-12-11,0.0,0.0,0.0,0.0,0.0,0.0,0.0,0.0,0.0,0.0,0.0,0.0,0.0,0.0,0.0,0.0,0.0,0.0,0.0,0.0,0.0,0.0,0.0,0.0,0.0,0.0,0.0,0.0,0.0,999.0,5418.38,0.01,0.0,0.0,0.0,0.0,0.0,5.55
2014-12-12,0.0,0.0,0.0,0.0,0.0,0.0,0.0,0.0,0.0,0.0,0.0,0.0,0.0,0.0,0.0,0.0,0.0,0.0,0.0,0.0,0.0,0.0,0.0,0.0,0.0,0.0,0.0,0.0,0.0,999.0,5359.81,0.01,0.0,0.0,0.0,0.0,0.0,5.49
2014-12-15,0.0,0.0,0.0,0.0,0.0,0.0,0.0,0.0,0.0,0.0,0.0,0.0,0.0,0.0,0.0,0.0,0.0,0.0,0.0,0.0,0.0,0.0,0.0,0.0,0.0,0.0,0.0,0.0,0.0,999.0,5271.94,0.01,0.0,0.0,0.0,0.0,0.0,5.4
2014-12-16,0.0,0.0,0.0,0.0,0.0,0.0,0.0,0.0,0.0,0.0,0.0,0.0,0.0,0.0,0.0,0.0,0.0,0.0,0.0,0.0,0.0,0.0,0.0,0.0,0.0,0.0,0.0,0.0,0.0,999.0,5496.49,0.01,0.0,0.0,0.0,0.0,0.0,5.63
2014-12-17,0.0,0.0,0.0,0.0,0.0,0.0,0.0,0.0,0.0,0.0,0.0,0.0,0.0,0.0,0.0,0.0,0.0,0.0,0.0,0.0,0.0,0.0,0.0,0.0,0.0,0.0,0.0,0.0,0.0,999.0,5467.2,0.01,0.0,0.0,0.0,0.0,0.0,5.6
2014-12-18,0.0,0.0,0.0,0.0,0.0,0.0,0.0,0.0,0.0,0.0,0.0,0.0,0.0,0.0,0.0,0.0,0.0,0.0,0.0,0.0,0.0,0.0,0.0,0.0,0.0,0.0,0.0,0.0,0.0,999.0,5467.2,0.01,0.0,0.0,0.0,0.0,0.0,5.6
2014-12-19,0.0,0.0,0.0,0.0,0.0,0.0,0.0,0.0,0.0,0.0,0.0,0.0,0.0,0.0,0.0,0.0,0.0,0.0,0.0,0.0,0.0,0.0,0.0,0.0,0.0,0.0,0.0,0.0,0.0,999.0,5340.28,0.01,0.0,0.0,0.0,0.0,0.0,5.47
2014-12-22,0.0,0.0,0.0,0.0,0.0,0.0,0.0,0.0,0.0,0.0,0.0,0.0,0.0,0.0,0.0,0.0,0.0,0.0,0.0,0.0,0.0,0.0,0.0,0.0,0.0,0.0,0.0,0.0,0.0,999.0,5330.52,0.01,0.0,0.0,0.0,0.0,0.0,5.46
2014-12-23,0.0,0.0,0.0,0.0,0.0,0.0,0.0,0.0,0.0,0.0,0.0,0.0,0.0,0.0,0.0,0.0,0.0,0.0,0.0,0.0,0.0,0.0,0.0,0.0,0.0,0.0,0.0,0.0,0.0,999.0,5359.81,0.01,0.0,0.0,0.0,0.0,0.0,5.49
2014-12-24,0.0,0.0,0.0,0.0,0.0,0.0,0.0,0.0,0.0,0.0,0.0,0.0,0.0,0.0,0.0,0.0,0.0,0.0,0.0,0.0,0.0,0.0,0.0,0.0,0.0,0.0,0.0,0.0,0.0,999.0,5379.33,0.01,0.0,0.0,0.0,0.0,0.0,5.51
2014-12-25,0.0,0.0,0.0,0.0,0.0,0.0,0.0,0.0,0.0,0.0,0.0,0.0,0.0,0.0,0.0,0.0,0.0,0.0,0.0,0.0,0.0,0.0,0.0,0.0,0.0,0.0,0.0,0.0,0.0,999.0,5379.33,0.01,0.0,0.0,0.0,0.0,0.0,0.0
2014-12-26,0.0,0.0,0.0,0.0,0.0,0.0,0.0,0.0,0.0,0.0,0.0,0.0,0.0,0.0,0.0,0.0,0.0,0.0,0.0,0.0,0.0,0.0,0.0,0.0,0.0,0.0,0.0,0.0,0.0,999.0,5379.33,0.01,0.0,0.0,0.0,0.0,0.0,0.0
2014-12-29,0.0,0.0,0.0,0.0,0.0,0.0,0.0,0.0,0.0,0.0,0.0,0.0,0.0,0.0,0.0,0.0,0.0,0.0,0.0,0.0,0.0,0.0,0.0,0.0,0.0,0.0,0.0,0.0,0.0,999.0,5281.7,0.01,0.0,0.0,0.0,0.0,0.0,5.41
2014-12-30,0.0,0.0,0.0,0.0,0.0,0.0,0.0,0.0,0.0,0.0,0.0,0.0,0.0,0.0,0.0,0.0,0.0,0.0,0.0,0.0,0.0,0.0,0.0,0.0,0.0,0.0,0.0,0.0,0.0,999.0,5086.45,0.01,0.0,0.0,0.0,0.0,0.0,5.21
2014-12-31,0.0,0.0,0.0,0.0,0.0,0.0,0.0,0.0,0.0,0.0,0.0,0.0,0.0,0.0,0.0,0.0,0.0,0.0,0.0,0.0,0.0,0.0,0.0,0.0,0.0,0.0,0.0,0.0,0.0,999.0,5125.5,0.01,0.0,0.0,0.0,0.0,0.0,5.25
2015-01-01,0.0,0.0,0.0,0.0,0.0,0.0,0.0,0.0,0.0,0.0,0.0,0.0,0.0,0.0,0.0,0.0,0.0,0.0,0.0,0.0,0.0,0.0,0.0,0.0,0.0,0.0,0.0,0.0,0.0,999.0,5125.5,0.01,0.0,0.0,0.0,0.0,0.0,0.0
2015-01-02,0.0,0.0,0.0,0.0,0.0,0.0,0.0,0.0,0.0,0.0,0.0,0.0,0.0,0.0,0.0,0.0,0.0,0.0,0.0,0.0,0.0,0.0,0.0,0.0,0.0,0.0,0.0,0.0,0.0,999.0,5467.2,0.01,0.0,0.0,0.0,0.0,0.0,5.6
2015-01-05,0.0,0.0,0.0,0.0,0.0,0.0,0.0,0.0,0.0,0.0,0.0,0.0,0.0,0.0,0.0,0.0,0.0,0.0,0.0,0.0,0.0,0.0,0.0,0.0,0.0,0.0,0.0,0.0,0.0,999.0,5467.2,0.01,0.0,0.0,0.0,0.0,0.0,5.6
2015-01-06,0.0,0.0,0.0,0.0,0.0,0.0,0.0,0.0,0.0,0.0,0.0,0.0,0.0,0.0,0.0,0.0,0.0,0.0,0.0,0.0,0.0,0.0,0.0,0.0,0.0,0.0,0.0,0.0,0.0,999.0,6004.15,0.01,0.0,0.0,0.0,0.0,0.0,6.15
2015-01-07,0.0,0.0,0.0,0.0,0.0,0.0,0.0,0.0,0.0,0.0,0.0,0.0,0.0,0.0,0.0,0.0,0.0,0.0,0.0,0.0,0.0,0.0,0.0,0.0,0.0,0.0,0.0,0.0,0.0,999.0,7253.8,0.01,0.0,0.0,0.0,0.0,0.0,7.43
2015-01-08,0.0,0.0,0.0,0.0,0.0,0.0,0.0,0.0,0.0,0.0,0.0,0.0,0.0,0.0,0.0,0.0,0.0,0.0,0.0,0.0,0.0,0.0,0.0,0.0,0.0,0.0,0.0,0.0,0.0,999.0,6931.62,0.01,0.0,0.0,0.0,0.0,0.0,7.1
2015-01-09,0.0,0.0,0.0,0.0,0.0,0.0,0.0,0.0,0.0,0.0,0.0,0.0,0.0,0.0,0.0,0.0,0.0,0.0,0.0,0.0,0.0,0.0,0.0,0.0,0.0,0.0,0.0,0.0,0.0,999.0,7097.59,0.01,0.0,0.0,0.0,0.0,0.0,7.27
2015-01-12,0.0,0.0,0.0,0.0,0.0,0.0,0.0,0.0,0.0,0.0,0.0,0.0,0.0,0.0,0.0,0.0,0.0,0.0,0.0,0.0,0.0,0.0,0.0,0.0,0.0,0.0,0.0,0.0,0.0,999.0,7322.14,0.01,0.0,0.0,0.0,0.0,0.0,7.5
2015-01-13,0.0,0.0,0.0,0.0,0.0,0.0,0.0,0.0,0.0,0.0,0.0,0.0,0.0,0.0,0.0,0.0,0.0,0.0,0.0,0.0,0.0,0.0,0.0,0.0,0.0,0.0,0.0,0.0,0.0,999.0,6980.44,0.01,0.0,0.0,0.0,0.0,0.0,7.15
2015-01-14,0.0,0.0,0.0,0.0,0.0,0.0,0.0,0.0,0.0,0.0,0.0,0.0,0.0,0.0,0.0,0.0,0.0,0.0,0.0,0.0,0.0,0.0,0.0,0.0,0.0,0.0,0.0,0.0,0.0,999.0,6394.67,0.01,0.0,0.0,0.0,0.0,0.0,6.55
2015-01-15,0.0,0.0,0.0,0.0,0.0,0.0,0.0,0.0,0.0,0.0,0.0,0.0,0.0,0.0,0.0,0.0,0.0,0.0,0.0,0.0,0.0,0.0,0.0,0.0,0.0,0.0,0.0,0.0,0.0,999.0,6297.04,0.01,0.0,0.0,0.0,0.0,0.0,6.45
2015-01-16,0.0,0.0,0.0,0.0,0.0,0.0,0.0,0.0,0.0,0.0,0.0,0.0,0.0,0.0,0.0,0.0,0.0,0.0,0.0,0.0,0.0,0.0,0.0,0.0,0.0,0.0,0.0,0.0,0.0,999.0,6912.1,0.01,0.0,0.0,0.0,0.0,0.0,7.08
2015-01-19,0.0,0.0,0.0,0.0,0.0,0.0,0.0,0.0,0.0,0.0,0.0,0.0,0.0,0.0,0.0,0.0,0.0,0.0,0.0,0.0,0.0,0.0,0.0,0.0,0.0,0.0,0.0,0.0,0.0,999.0,6999.96,0.01,0.0,0.0,0.0,0.0,0.0,7.17
2015-01-20,0.0,0.0,0.0,0.0,0.0,0.0,0.0,0.0,0.0,0.0,0.0,0.0,0.0,0.0,0.0,0.0,0.0,0.0,0.0,0.0,0.0,0.0,0.0,0.0,0.0,0.0,0.0,0.0,0.0,999.0,7126.88,0.01,0.0,0.0,0.0,0.0,0.0,7.3
2015-01-21,0.0,0.0,0.0,0.0,0.0,0.0,0.0,0.0,0.0,0.0,0.0,0.0,0.0,0.0,0.0,0.0,0.0,0.0,0.0,0.0,0.0,0.0,0.0,0.0,0.0,0.0,0.0,0.0,0.0,999.0,7214.75,0.01,0.0,0.0,0.0,0.0,0.0,7.39
2015-01-22,0.0,0.0,0.0,0.0,0.0,0.0,0.0,0.0,0.0,0.0,0.0,0.0,0.0,0.0,0.0,0.0,0.0,0.0,0.0,0.0,0.0,0.0,0.0,0.0,0.0,0.0,0.0,0.0,0.0,999.0,7302.61,0.01,0.0,0.0,0.0,0.0,0.0,7.48
2015-01-23,0.0,0.0,0.0,0.0,0.0,0.0,0.0,0.0,0.0,0.0,0.0,0.0,0.0,0.0,0.0,0.0,0.0,0.0,0.0,0.0,0.0,0.0,0.0,0.0,0.0,0.0,0.0,0.0,0.0,999.0,6150.6,0.01,0.0,0.0,0.0,0.0,0.0,6.3
2015-01-26,0.0,0.0,0.0,0.0,0.0,0.0,0.0,0.0,0.0,0.0,0.0,0.0,0.0,0.0,0.0,0.0,0.0,0.0,0.0,0.0,0.0,0.0,0.0,0.0,0.0,0.0,0.0,0.0,0.0,999.0,5847.95,0.01,0.0,0.0,0.0,0.0,0.0,5.99
2015-01-27,0.0,0.0,0.0,0.0,0.0,0.0,0.0,0.0,0.0,0.0,0.0,0.0,0.0,0.0,0.0,0.0,0.0,0.0,0.0,0.0,0.0,0.0,0.0,0.0,0.0,0.0,0.0,0.0,0.0,999.0,6013.92,0.01,0.0,0.0,0.0,0.0,0.0,6.16
2015-01-28,0.0,0.0,0.0,0.0,0.0,0.0,0.0,0.0,0.0,0.0,0.0,0.0,0.0,0.0,0.0,0.0,0.0,0.0,0.0,0.0,0.0,0.0,0.0,0.0,0.0,0.0,0.0,0.0,0.0,999.0,6052.97,0.01,0.0,0.0,0.0,0.0,0.0,6.2
2015-01-29,0.0,0.0,0.0,0.0,0.0,0.0,0.0,0.0,0.0,0.0,0.0,0.0,0.0,0.0,0.0,0.0,0.0,0.0,0.0,0.0,0.0,0.0,0.0,0.0,0.0,0.0,0.0,0.0,0.0,999.0,6150.6,0.01,0.0,0.0,0.0,0.0,0.0,6.3
2015-01-30,0.0,0.0,0.0,0.0,0.0,0.0,0.0,0.0,0.0,0.0,0.0,0.0,0.0,0.0,0.0,0.0,0.0,0.0,0.0,0.0,0.0,0.0,0.0,0.0,0.0,0.0,0.0,0.0,0.0,999.0,6248.22,0.01,0.0,0.0,0.0,0.0,0.0,6.4
2015-02-02,0.0,0.0,0.0,0.0,0.0,0.0,0.0,0.0,0.0,0.0,0.0,0.0,0.0,0.0,0.0,0.0,0.0,0.0,0.0,0.0,0.0,0.0,0.0,0.0,0.0,0.0,0.0,0.0,0.0,999.0,6150.6,0.01,0.0,0.0,0.0,0.0,0.0,6.3
2015-02-03,0.0,0.0,0.0,0.0,0.0,0.0,0.0,0.0,0.0,0.0,0.0,0.0,0.0,0.0,0.0,0.0,0.0,0.0,0.0,0.0,0.0,0.0,0.0,0.0,0.0,0.0,0.0,0.0,0.0,999.0,6101.78,0.01,0.0,0.0,0.0,0.0,0.0,6.25
2015-02-04,0.0,0.0,0.0,0.0,0.0,0.0,0.0,0.0,0.0,0.0,0.0,0.0,0.0,0.0,0.0,0.0,0.0,0.0,0.0,0.0,0.0,0.0,0.0,0.0,0.0,0.0,0.0,0.0,0.0,999.0,6052.97,0.01,0.0,0.0,0.0,0.0,0.0,6.2
2015-02-05,0.0,0.0,0.0,0.0,0.0,0.0,0.0,0.0,0.0,0.0,0.0,0.0,0.0,0.0,0.0,0.0,0.0,0.0,0.0,0.0,0.0,0.0,0.0,0.0,0.0,0.0,0.0,0.0,0.0,999.0,6453.24,0.01,0.0,0.0,0.0,0.0,0.0,6.61
2015-02-06,0.0,0.0,0.0,0.0,0.0,0.0,0.0,0.0,0.0,0.0,0.0,0.0,0.0,0.0,0.0,0.0,0.0,0.0,0.0,0.0,0.0,0.0,0.0,0.0,0.0,0.0,0.0,0.0,0.0,999.0,6502.06,0.01,0.0,0.0,0.0,0.0,0.0,6.66
2015-02-09,0.0,0.0,0.0,0.0,0.0,0.0,0.0,0.0,0.0,0.0,0.0,0.0,0.0,0.0,0.0,0.0,0.0,0.0,0.0,0.0,0.0,0.0,0.0,0.0,0.0,0.0,0.0,0.0,0.0,999.0,6443.48,0.01,0.0,0.0,0.0,0.0,0.0,6.6
2015-02-10,0.0,0.0,0.0,0.0,0.0,0.0,0.0,0.0,0.0,0.0,0.0,0.0,0.0,0.0,0.0,0.0,0.0,0.0,0.0,0.0,0.0,0.0,0.0,0.0,0.0,0.0,0.0,0.0,0.0,999.0,6423.96,0.01,0.0,0.0,0.0,0.0,0.0,6.58
2015-02-11,0.0,0.0,0.0,0.0,0.0,0.0,0.0,0.0,0.0,0.0,0.0,0.0,0.0,0.0,0.0,0.0,0.0,0.0,0.0,0.0,0.0,0.0,0.0,0.0,0.0,0.0,0.0,0.0,0.0,999.0,6423.96,0.01,0.0,0.0,0.0,0.0,0.0,6.58
2015-02-12,0.0,0.0,0.0,0.0,0.0,0.0,0.0,0.0,0.0,0.0,0.0,0.0,0.0,0.0,0.0,0.0,0.0,0.0,0.0,0.0,0.0,0.0,0.0,0.0,0.0,0.0,0.0,0.0,0.0,999.0,6345.85,0.01,0.0,0.0,0.0,0.0,0.0,6.5
2015-02-13,0.0,0.0,0.0,0.0,0.0,0.0,0.0,0.0,0.0,0.0,0.0,0.0,0.0,0.0,0.0,0.0,0.0,0.0,0.0,0.0,0.0,0.0,0.0,0.0,0.0,0.0,0.0,0.0,0.0,999.0,6287.28,0.01,0.0,0.0,0.0,0.0,0.0,6.44
2015-02-16,0.0,0.0,0.0,0.0,0.0,0.0,0.0,0.0,0.0,0.0,0.0,0.0,0.0,0.0,0.0,0.0,0.0,0.0,0.0,0.0,0.0,0.0,0.0,0.0,0.0,0.0,0.0,0.0,0.0,999.0,6150.6,0.01,0.0,0.0,0.0,0.0,0.0,6.3
2015-02-17,0.0,0.0,0.0,0.0,0.0,0.0,0.0,0.0,0.0,0.0,0.0,0.0,0.0,0.0,0.0,0.0,0.0,0.0,0.0,0.0,0.0,0.0,0.0,0.0,0.0,0.0,0.0,0.0,0.0,999.0,6131.07,0.01,0.0,0.0,0.0,0.0,0.0,6.28
2015-02-18,0.0,0.0,0.0,0.0,0.0,0.0,0.0,0.0,0.0,0.0,0.0,0.0,0.0,0.0,0.0,0.0,0.0,0.0,0.0,0.0,0.0,0.0,0.0,0.0,0.0,0.0,0.0,0.0,0.0,999.0,6043.21,0.01,0.0,0.0,0.0,0.0,0.0,6.19
2015-02-19,0.0,0.0,0.0,0.0,0.0,0.0,0.0,0.0,0.0,0.0,0.0,0.0,0.0,0.0,0.0,0.0,0.0,0.0,0.0,0.0,0.0,0.0,0.0,0.0,0.0,0.0,0.0,0.0,0.0,999.0,6043.21,0.01,0.0,0.0,0.0,0.0,0.0,6.19
2015-02-20,0.0,0.0,0.0,0.0,0.0,0.0,0.0,0.0,0.0,0.0,0.0,0.0,0.0,0.0,0.0,0.0,0.0,0.0,0.0,0.0,0.0,0.0,0.0,0.0,0.0,0.0,0.0,0.0,0.0,999.0,6092.02,0.01,0.0,0.0,0.0,0.0,0.0,6.24
2015-02-23,0.0,0.0,0.0,0.0,0.0,0.0,0.0,0.0,0.0,0.0,0.0,0.0,0.0,0.0,0.0,0.0,0.0,0.0,0.0,0.0,0.0,0.0,0.0,0.0,0.0,0.0,0.0,0.0,0.0,999.0,6092.02,0.01,0.0,0.0,0.0,0.0,0.0,6.24
2015-02-24,0.0,0.0,0.0,0.0,0.0,0.0,0.0,0.0,0.0,0.0,0.0,0.0,0.0,0.0,0.0,0.0,0.0,0.0,0.0,0.0,0.0,0.0,0.0,0.0,0.0,0.0,0.0,0.0,0.0,999.0,6033.44,0.01,0.0,0.0,0.0,0.0,0.0,6.18
2015-02-25,0.0,0.0,0.0,0.0,0.0,0.0,0.0,0.0,0.0,0.0,0.0,0.0,0.0,0.0,0.0,0.0,0.0,0.0,0.0,0.0,0.0,0.0,0.0,0.0,0.0,0.0,0.0,0.0,0.0,999.0,6033.44,0.01,0.0,0.0,0.0,0.0,0.0,6.18
2015-02-26,0.0,0.0,0.0,0.0,0.0,0.0,0.0,0.0,0.0,0.0,0.0,0.0,0.0,0.0,0.0,0.0,0.0,0.0,0.0,0.0,0.0,0.0,0.0,0.0,0.0,0.0,0.0,0.0,0.0,999.0,6004.15,0.01,0.0,0.0,0.0,0.0,0.0,6.15
2015-02-27,0.0,0.0,0.0,0.0,0.0,0.0,0.0,0.0,0.0,0.0,0.0,0.0,0.0,0.0,0.0,0.0,0.0,0.0,0.0,0.0,0.0,0.0,0.0,0.0,0.0,0.0,0.0,0.0,0.0,999.0,6052.97,0.01,0.0,0.0,0.0,0.0,0.0,6.2
2015-03-02,0.0,0.0,0.0,0.0,0.0,0.0,0.0,0.0,0.0,0.0,0.0,0.0,0.0,0.0,0.0,0.0,0.0,0.0,0.0,0.0,0.0,0.0,0.0,0.0,0.0,0.0,0.0,0.0,0.0,999.0,6052.97,0.01,0.0,0.0,0.0,0.0,0.0,6.2
2015-03-03,0.0,0.0,0.0,0.0,0.0,0.0,0.0,0.0,0.0,0.0,0.0,0.0,0.0,0.0,0.0,0.0,0.0,0.0,0.0,0.0,0.0,0.0,0.0,0.0,0.0,0.0,0.0,0.0,0.0,999.0,6140.83,0.01,0.0,0.0,0.0,0.0,0.0,6.29
2015-03-04,0.0,0.0,0.0,0.0,0.0,0.0,0.0,0.0,0.0,0.0,0.0,0.0,0.0,0.0,0.0,0.0,0.0,0.0,0.0,0.0,0.0,0.0,0.0,0.0,0.0,0.0,0.0,0.0,0.0,999.0,6131.07,0.01,0.0,0.0,0.0,0.0,0.0,6.28
2015-03-05,0.0,0.0,0.0,0.0,0.0,0.0,0.0,0.0,0.0,0.0,0.0,0.0,0.0,0.0,0.0,0.0,0.0,0.0,0.0,0.0,0.0,0.0,0.0,0.0,0.0,0.0,0.0,0.0,0.0,999.0,6248.22,0.01,0.0,0.0,0.0,0.0,0.0,6.4
2015-03-06,0.0,0.0,0.0,0.0,0.0,0.0,0.0,0.0,0.0,0.0,0.0,0.0,0.0,0.0,0.0,0.0,0.0,0.0,0.0,0.0,0.0,0.0,0.0,0.0,0.0,0.0,0.0,0.0,0.0,999.0,6345.85,0.01,0.0,0.0,0.0,0.0,0.0,6.5
2015-03-09,0.0,0.0,0.0,0.0,0.0,0.0,0.0,0.0,0.0,0.0,0.0,0.0,0.0,0.0,0.0,0.0,0.0,0.0,0.0,0.0,0.0,0.0,0.0,0.0,0.0,0.0,0.0,0.0,0.0,999.0,6980.44,0.01,0.0,0.0,0.0,0.0,0.0,7.15
2015-03-10,0.0,0.0,0.0,0.0,0.0,0.0,0.0,0.0,0.0,0.0,0.0,0.0,0.0,0.0,0.0,0.0,0.0,0.0,0.0,0.0,0.0,0.0,0.0,0.0,0.0,0.0,0.0,0.0,0.0,999.0,6834.0,0.01,0.0,0.0,0.0,0.0,0.0,7.0
2015-03-11,0.0,0.0,0.0,0.0,0.0,0.0,0.0,0.0,0.0,0.0,0.0,0.0,0.0,0.0,0.0,0.0,0.0,0.0,0.0,0.0,0.0,0.0,0.0,0.0,0.0,0.0,0.0,0.0,0.0,999.0,7322.14,0.01,0.0,0.0,0.0,0.0,0.0,7.5
2015-03-12,0.0,0.0,0.0,0.0,0.0,0.0,0.0,0.0,0.0,0.0,0.0,0.0,0.0,0.0,0.0,0.0,0.0,0.0,0.0,0.0,0.0,0.0,0.0,0.0,0.0,0.0,0.0,0.0,0.0,999.0,7029.25,0.01,0.0,0.0,0.0,0.0,0.0,7.2
2015-03-13,0.0,0.0,0.0,0.0,0.0,0.0,0.0,0.0,0.0,0.0,0.0,0.0,0.0,0.0,0.0,0.0,0.0,0.0,0.0,0.0,0.0,0.0,0.0,0.0,0.0,0.0,0.0,0.0,0.0,999.0,7263.56,0.01,0.0,0.0,0.0,0.0,0.0,7.44
2015-03-16,0.0,0.0,0.0,0.0,0.0,0.0,0.0,0.0,0.0,0.0,0.0,0.0,0.0,0.0,0.0,0.0,0.0,0.0,0.0,0.0,0.0,0.0,0.0,0.0,0.0,0.0,0.0,0.0,0.0,999.0,7419.77,0.01,0.0,0.0,0.0,0.0,0.0,7.6
2015-03-17,0.0,0.0,0.0,0.0,0.0,0.0,0.0,0.0,0.0,0.0,0.0,0.0,0.0,0.0,0.0,0.0,0.0,0.0,0.0,0.0,0.0,0.0,0.0,0.0,0.0,0.0,0.0,0.0,0.0,999.0,7078.07,0.01,0.0,0.0,0.0,0.0,0.0,7.25
2015-03-18,0.0,0.0,0.0,0.0,0.0,0.0,0.0,0.0,0.0,0.0,0.0,0.0,0.0,0.0,0.0,0.0,0.0,0.0,0.0,0.0,0.0,0.0,0.0,0.0,0.0,0.0,0.0,0.0,0.0,999.0,7517.4,0.01,0.0,0.0,0.0,0.0,0.0,7.7
2015-03-19,0.0,0.0,0.0,0.0,0.0,0.0,0.0,0.0,0.0,0.0,0.0,0.0,0.0,0.0,0.0,0.0,0.0,0.0,0.0,0.0,0.0,0.0,0.0,0.0,0.0,0.0,0.0,0.0,0.0,999.0,7322.14,0.01,0.0,0.0,0.0,0.0,0.0,7.5
2015-03-20,0.0,0.0,0.0,0.0,0.0,0.0,0.0,0.0,0.0,0.0,0.0,0.0,0.0,0.0,0.0,0.0,0.0,0.0,0.0,0.0,0.0,0.0,0.0,0.0,0.0,0.0,0.0,0.0,0.0,999.0,7341.66,0.01,0.0,0.0,0.0,0.0,0.0,7.52
2015-03-23,0.0,0.0,0.0,0.0,0.0,0.0,0.0,0.0,0.0,0.0,0.0,0.0,0.0,0.0,0.0,0.0,0.0,0.0,0.0,0.0,0.0,0.0,0.0,0.0,0.0,0.0,0.0,0.0,0.0,999.0,7146.41,0.01,0.0,0.0,0.0,0.0,0.0,7.32
2015-03-24,0.0,0.0,0.0,0.0,0.0,0.0,0.0,0.0,0.0,0.0,0.0,0.0,0.0,0.0,0.0,0.0,0.0,0.0,0.0,0.0,0.0,0.0,0.0,0.0,0.0,0.0,0.0,0.0,0.0,999.0,7126.88,0.01,0.0,0.0,0.0,0.0,0.0,7.3
2015-03-25,0.0,0.0,0.0,0.0,0.0,0.0,0.0,0.0,0.0,0.0,0.0,0.0,0.0,0.0,0.0,0.0,0.0,0.0,0.0,0.0,0.0,0.0,0.0,0.0,0.0,0.0,0.0,0.0,0.0,999.0,7078.07,0.01,0.0,0.0,0.0,0.0,0.0,7.25
2015-03-26,0.0,0.0,0.0,0.0,0.0,0.0,0.0,0.0,0.0,0.0,0.0,0.0,0.0,0.0,0.0,0.0,0.0,0.0,0.0,0.0,0.0,0.0,0.0,0.0,0.0,0.0,0.0,0.0,0.0,999.0,7117.12,0.01,0.0,0.0,0.0,0.0,0.0,7.29
2015-03-27,0.0,0.0,0.0,0.0,0.0,0.0,0.0,0.0,0.0,0.0,0.0,0.0,0.0,0.0,0.0,0.0,0.0,0.0,0.0,0.0,0.0,0.0,0.0,0.0,0.0,0.0,0.0,0.0,0.0,999.0,7117.12,0.01,0.0,0.0,0.0,0.0,0.0,7.29
2015-03-30,0.0,0.0,0.0,0.0,0.0,0.0,0.0,0.0,0.0,0.0,0.0,0.0,0.0,0.0,0.0,0.0,0.0,0.0,0.0,0.0,0.0,0.0,0.0,0.0,0.0,0.0,0.0,0.0,0.0,999.0,6931.62,0.01,0.0,0.0,0.0,0.0,0.0,7.1
2015-03-31,0.0,0.0,0.0,0.0,0.0,0.0,0.0,0.0,0.0,0.0,0.0,0.0,0.0,0.0,0.0,0.0,0.0,0.0,0.0,0.0,0.0,0.0,0.0,0.0,0.0,0.0,0.0,0.0,0.0,999.0,6931.62,0.01,0.0,0.0,0.0,0.0,0.0,7.1
2015-04-01,0.0,0.0,0.0,0.0,0.0,0.0,0.0,0.0,0.0,0.0,0.0,0.0,0.0,0.0,0.0,0.0,0.0,0.0,0.0,0.0,0.0,0.0,0.0,0.0,0.0,0.0,0.0,0.0,0.0,999.0,6970.68,0.01,0.0,0.0,0.0,0.0,0.0,7.14
2015-04-02,0.0,0.0,0.0,0.0,0.0,0.0,0.0,0.0,0.0,0.0,0.0,0.0,0.0,0.0,0.0,0.0,0.0,0.0,0.0,0.0,0.0,0.0,0.0,0.0,0.0,0.0,0.0,0.0,0.0,999.0,6863.28,0.01,0.0,0.0,0.0,0.0,0.0,7.03
2015-04-03,0.0,0.0,0.0,0.0,0.0,0.0,0.0,0.0,0.0,0.0,0.0,0.0,0.0,0.0,0.0,0.0,0.0,0.0,0.0,0.0,0.0,0.0,0.0,0.0,0.0,0.0,0.0,0.0,0.0,999.0,6863.28,0.01,0.0,0.0,0.0,0.0,0.0,0.0
2015-04-06,0.0,0.0,0.0,0.0,0.0,0.0,0.0,0.0,0.0,0.0,0.0,0.0,0.0,0.0,0.0,0.0,0.0,0.0,0.0,0.0,0.0,0.0,0.0,0.0,0.0,0.0,0.0,0.0,0.0,999.0,6863.28,0.01,0.0,0.0,0.0,0.0,0.0,0.0
2015-04-07,0.0,0.0,0.0,0.0,0.0,0.0,0.0,0.0,0.0,0.0,0.0,0.0,0.0,0.0,0.0,0.0,0.0,0.0,0.0,0.0,0.0,0.0,0.0,0.0,0.0,0.0,0.0,0.0,0.0,999.0,6863.28,0.01,0.0,0.0,0.0,0.0,0.0,7.03
2015-04-08,0.0,0.0,0.0,0.0,0.0,0.0,0.0,0.0,0.0,0.0,0.0,0.0,0.0,0.0,0.0,0.0,0.0,0.0,0.0,0.0,0.0,0.0,0.0,0.0,0.0,0.0,0.0,0.0,0.0,999.0,6863.28,0.01,0.0,0.0,0.0,0.0,0.0,7.03
2015-04-09,0.0,0.0,0.0,0.0,0.0,0.0,0.0,0.0,0.0,0.0,0.0,0.0,0.0,0.0,0.0,0.0,0.0,0.0,0.0,0.0,0.0,0.0,0.0,0.0,0.0,0.0,0.0,0.0,0.0,999.0,6736.37,0.01,0.0,0.0,0.0,0.0,0.0,6.9
2015-04-10,0.0,0.0,0.0,0.0,0.0,0.0,0.0,0.0,0.0,0.0,0.0,0.0,0.0,0.0,0.0,0.0,0.0,0.0,0.0,0.0,0.0,0.0,0.0,0.0,0.0,0.0,0.0,0.0,0.0,999.0,6736.37,0.01,0.0,0.0,0.0,0.0,0.0,6.9
2015-04-13,0.0,0.0,0.0,0.0,0.0,0.0,0.0,0.0,0.0,0.0,0.0,0.0,0.0,0.0,0.0,0.0,0.0,0.0,0.0,0.0,0.0,0.0,0.0,0.0,0.0,0.0,0.0,0.0,0.0,999.0,6716.84,0.01,0.0,0.0,0.0,0.0,0.0,6.88
2015-04-14,0.0,0.0,0.0,0.0,0.0,0.0,0.0,0.0,0.0,0.0,0.0,0.0,0.0,0.0,0.0,0.0,0.0,0.0,0.0,0.0,0.0,0.0,0.0,0.0,0.0,0.0,0.0,0.0,0.0,999.0,7839.57,0.01,0.0,0.0,0.0,0.0,0.0,8.03
2015-04-15,0.0,0.0,0.0,0.0,0.0,0.0,0.0,0.0,0.0,0.0,0.0,0.0,0.0,0.0,0.0,0.0,0.0,0.0,0.0,0.0,0.0,0.0,0.0,0.0,0.0,0.0,0.0,0.0,0.0,999.0,7966.49,0.01,0.0,0.0,0.0,0.0,0.0,8.16
2015-04-16,0.0,0.0,0.0,0.0,0.0,0.0,0.0,0.0,0.0,0.0,0.0,0.0,0.0,0.0,0.0,0.0,0.0,0.0,0.0,0.0,0.0,0.0,0.0,0.0,0.0,0.0,0.0,0.0,0.0,999.0,7683.36,0.01,0.0,0.0,0.0,0.0,0.0,7.87
2015-04-17,0.0,0.0,0.0,0.0,0.0,0.0,0.0,0.0,0.0,0.0,0.0,0.0,0.0,0.0,0.0,0.0,0.0,0.0,0.0,0.0,0.0,0.0,0.0,0.0,0.0,0.0,0.0,0.0,0.0,999.0,7507.63,0.01,0.0,0.0,0.0,0.0,0.0,7.69
2015-04-20,0.0,0.0,0.0,0.0,0.0,0.0,0.0,0.0,0.0,0.0,0.0,0.0,0.0,0.0,0.0,0.0,0.0,0.0,0.0,0.0,0.0,0.0,0.0,0.0,0.0,0.0,0.0,0.0,0.0,999.0,7419.77,0.01,0.0,0.0,0.0,0.0,0.0,7.6
2015-04-21,0.0,0.0,0.0,0.0,0.0,0.0,0.0,0.0,0.0,0.0,0.0,0.0,0.0,0.0,0.0,0.0,0.0,0.0,0.0,0.0,0.0,0.0,0.0,0.0,0.0,0.0,0.0,0.0,0.0,999.0,7615.02,0.01,0.0,0.0,0.0,0.0,0.0,7.8
2015-04-22,0.0,0.0,0.0,0.0,0.0,0.0,0.0,0.0,0.0,0.0,0.0,0.0,0.0,0.0,0.0,0.0,0.0,0.0,0.0,0.0,0.0,0.0,0.0,0.0,0.0,0.0,0.0,0.0,0.0,999.0,7810.28,0.01,0.0,0.0,0.0,0.0,0.0,8.0
2015-04-23,0.0,0.0,0.0,0.0,0.0,0.0,0.0,0.0,0.0,0.0,0.0,0.0,0.0,0.0,0.0,0.0,0.0,0.0,0.0,0.0,0.0,0.0,0.0,0.0,0.0,0.0,0.0,0.0,0.0,999.0,7810.28,0.01,0.0,0.0,0.0,0.0,0.0,8.0
2015-04-24,0.0,0.0,0.0,0.0,0.0,0.0,0.0,0.0,0.0,0.0,0.0,0.0,0.0,0.0,0.0,0.0,0.0,0.0,0.0,0.0,0.0,0.0,0.0,0.0,0.0,0.0,0.0,0.0,0.0,999.0,7810.28,0.01,0.0,0.0,0.0,0.0,0.0,8.0
2015-04-27,0.0,0.0,0.0,0.0,0.0,0.0,0.0,0.0,0.0,0.0,0.0,0.0,0.0,0.0,0.0,0.0,0.0,0.0,0.0,0.0,0.0,0.0,0.0,0.0,0.0,0.0,0.0,0.0,0.0,999.0,7546.68,0.01,0.0,0.0,0.0,0.0,0.0,7.73
2015-04-28,0.0,0.0,0.0,0.0,0.0,0.0,0.0,0.0,0.0,0.0,0.0,0.0,0.0,0.0,0.0,0.0,0.0,0.0,0.0,0.0,0.0,0.0,0.0,0.0,0.0,0.0,0.0,0.0,0.0,999.0,7566.21,0.01,0.0,0.0,0.0,0.0,0.0,7.75
2015-04-29,0.0,0.0,0.0,0.0,0.0,0.0,0.0,0.0,0.0,0.0,0.0,0.0,0.0,0.0,0.0,0.0,0.0,0.0,0.0,0.0,0.0,0.0,0.0,0.0,0.0,0.0,0.0,0.0,0.0,999.0,7810.28,0.01,0.0,0.0,0.0,0.0,0.0,8.0
2015-04-30,0.0,0.0,0.0,0.0,0.0,0.0,0.0,0.0,0.0,0.0,0.0,0.0,0.0,0.0,0.0,0.0,0.0,0.0,0.0,0.0,0.0,0.0,0.0,0.0,0.0,0.0,0.0,0.0,0.0,999.0,8103.17,0.01,0.0,0.0,0.0,0.0,0.0,8.3
2015-05-01,0.0,0.0,0.0,0.0,0.0,0.0,0.0,0.0,0.0,0.0,0.0,0.0,0.0,0.0,0.0,0.0,0.0,0.0,0.0,0.0,0.0,0.0,0.0,0.0,0.0,0.0,0.0,0.0,0.0,999.0,8103.17,0.01,0.0,0.0,0.0,0.0,0.0,0.0
2015-05-04,0.0,0.0,0.0,0.0,0.0,0.0,0.0,0.0,0.0,0.0,0.0,0.0,0.0,0.0,0.0,0.0,0.0,0.0,0.0,0.0,0.0,0.0,0.0,0.0,0.0,0.0,0.0,0.0,0.0,999.0,8220.32,0.01,0.0,0.0,0.0,0.0,0.0,8.42
2015-05-05,0.0,0.0,0.0,0.0,0.0,0.0,0.0,0.0,0.0,0.0,0.0,0.0,0.0,0.0,0.0,0.0,0.0,0.0,0.0,0.0,0.0,0.0,0.0,0.0,0.0,0.0,0.0,0.0,0.0,999.0,8679.17,0.01,0.0,0.0,0.0,0.0,0.0,8.89
2015-05-06,0.0,0.0,0.0,0.0,0.0,0.0,0.0,0.0,0.0,0.0,0.0,0.0,0.0,0.0,0.0,0.0,0.0,0.0,0.0,0.0,0.0,0.0,0.0,0.0,0.0,0.0,0.0,0.0,0.0,999.0,8786.57,0.01,0.0,0.0,0.0,0.0,0.0,9.0
2015-05-07,0.0,0.0,0.0,0.0,0.0,0.0,0.0,0.0,0.0,0.0,0.0,0.0,0.0,0.0,0.0,0.0,0.0,0.0,0.0,0.0,0.0,0.0,0.0,0.0,0.0,0.0,0.0,0.0,0.0,999.0,8708.46,0.01,0.0,0.0,0.0,0.0,0.0,8.92
2015-05-08,0.0,0.0,0.0,0.0,0.0,0.0,0.0,0.0,0.0,0.0,0.0,0.0,0.0,0.0,0.0,0.0,0.0,0.0,0.0,0.0,0.0,0.0,0.0,0.0,0.0,0.0,0.0,0.0,0.0,999.0,8727.99,0.01,0.0,0.0,0.0,0.0,0.0,8.94
2015-05-11,0.0,0.0,0.0,0.0,0.0,0.0,0.0,0.0,0.0,0.0,0.0,0.0,0.0,0.0,0.0,0.0,0.0,0.0,0.0,0.0,0.0,0.0,0.0,0.0,0.0,0.0,0.0,0.0,0.0,999.0,8688.94,0.01,0.0,0.0,0.0,0.0,0.0,8.9
2015-05-12,0.0,0.0,0.0,0.0,0.0,0.0,0.0,0.0,0.0,0.0,0.0,0.0,0.0,0.0,0.0,0.0,0.0,0.0,0.0,0.0,0.0,0.0,0.0,0.0,0.0,0.0,0.0,0.0,0.0,999.0,8454.63,0.01,0.0,0.0,0.0,0.0,0.0,8.66
2015-05-13,0.0,0.0,0.0,0.0,0.0,0.0,0.0,0.0,0.0,0.0,0.0,0.0,0.0,0.0,0.0,0.0,0.0,0.0,0.0,0.0,0.0,0.0,0.0,0.0,0.0,0.0,0.0,0.0,0.0,999.0,8640.12,0.01,0.0,0.0,0.0,0.0,0.0,8.85
2015-05-14,0.0,0.0,0.0,0.0,0.0,0.0,0.0,0.0,0.0,0.0,0.0,0.0,0.0,0.0,0.0,0.0,0.0,0.0,0.0,0.0,0.0,0.0,0.0,0.0,0.0,0.0,0.0,0.0,0.0,999.0,8522.97,0.01,0.0,0.0,0.0,0.0,0.0,8.73
2015-05-15,0.0,0.0,0.0,0.0,0.0,0.0,0.0,0.0,0.0,0.0,0.0,0.0,0.0,0.0,0.0,0.0,0.0,0.0,0.0,0.0,0.0,0.0,0.0,0.0,0.0,0.0,0.0,0.0,0.0,999.0,8025.06,0.01,0.0,0.0,0.0,0.0,0.0,8.22
2015-05-18,0.0,0.0,0.0,0.0,0.0,0.0,0.0,0.0,0.0,0.0,0.0,0.0,0.0,0.0,0.0,0.0,0.0,0.0,0.0,0.0,0.0,0.0,0.0,0.0,0.0,0.0,0.0,0.0,0.0,999.0,7771.23,0.01,0.0,0.0,0.0,0.0,0.0,7.96
2015-05-19,0.0,0.0,0.0,0.0,0.0,0.0,0.0,0.0,0.0,0.0,0.0,0.0,0.0,0.0,0.0,0.0,0.0,0.0,0.0,0.0,0.0,0.0,0.0,0.0,0.0,0.0,0.0,0.0,0.0,999.0,7702.89,0.01,0.0,0.0,0.0,0.0,0.0,7.89
2015-05-20,0.0,0.0,0.0,0.0,0.0,0.0,0.0,0.0,0.0,0.0,0.0,0.0,0.0,0.0,0.0,0.0,0.0,0.0,0.0,0.0,0.0,0.0,0.0,0.0,0.0,0.0,0.0,0.0,0.0,999.0,7995.78,0.01,0.0,0.0,0.0,0.0,0.0,8.19
2015-05-21,0.0,0.0,0.0,0.0,0.0,0.0,0.0,0.0,0.0,0.0,0.0,0.0,0.0,0.0,0.0,0.0,0.0,0.0,0.0,0.0,0.0,0.0,0.0,0.0,0.0,0.0,0.0,0.0,0.0,999.0,8200.8,0.01,0.0,0.0,0.0,0.0,0.0,8.4
2015-05-22,0.0,0.0,0.0,0.0,0.0,0.0,0.0,0.0,0.0,0.0,0.0,0.0,0.0,0.0,0.0,0.0,0.0,0.0,0.0,0.0,0.0,0.0,0.0,0.0,0.0,0.0,0.0,0.0,0.0,999.0,8493.68,0.01,0.0,0.0,0.0,0.0,0.0,8.7
2015-05-25,0.0,0.0,0.0,0.0,0.0,0.0,0.0,0.0,0.0,0.0,0.0,0.0,0.0,0.0,0.0,0.0,0.0,0.0,0.0,0.0,0.0,0.0,0.0,0.0,0.0,0.0,0.0,0.0,0.0,999.0,8679.17,0.01,0.0,0.0,0.0,0.0,0.0,8.89
2015-05-26,0.0,0.0,0.0,0.0,0.0,0.0,0.0,0.0,0.0,0.0,0.0,0.0,0.0,0.0,0.0,0.0,0.0,0.0,0.0,0.0,0.0,0.0,0.0,0.0,0.0,0.0,0.0,0.0,0.0,999.0,8688.94,0.01,0.0,0.0,0.0,0.0,0.0,8.9
2015-05-27,0.0,0.0,0.0,0.0,0.0,0.0,0.0,0.0,0.0,0.0,0.0,0.0,0.0,0.0,0.0,0.0,0.0,0.0,0.0,0.0,0.0,0.0,0.0,0.0,0.0,0.0,0.0,0.0,0.0,999.0,8513.21,0.01,0.0,0.0,0.0,0.0,0.0,8.72
2015-05-28,0.0,0.0,0.0,0.0,0.0,0.0,0.0,0.0,0.0,0.0,0.0,0.0,0.0,0.0,0.0,0.0,0.0,0.0,0.0,0.0,0.0,0.0,0.0,0.0,0.0,0.0,0.0,0.0,0.0,999.0,8591.31,0.01,0.0,0.0,0.0,0.0,0.0,8.8
2015-05-29,0.0,0.0,0.0,0.0,0.0,0.0,0.0,0.0,0.0,0.0,0.0,0.0,0.0,0.0,0.0,0.0,0.0,0.0,0.0,0.0,0.0,0.0,0.0,0.0,0.0,0.0,0.0,0.0,0.0,999.0,8386.29,0.01,0.0,0.0,0.0,0.0,0.0,8.59
2015-06-01,0.0,0.0,0.0,0.0,0.0,0.0,0.0,0.0,0.0,0.0,0.0,0.0,0.0,0.0,0.0,0.0,0.0,0.0,0.0,0.0,0.0,0.0,0.0,0.0,0.0,0.0,0.0,0.0,0.0,999.0,8386.29,0.01,0.0,0.0,0.0,0.0,0.0,8.59
2015-06-02,0.0,0.0,0.0,0.0,0.0,0.0,0.0,0.0,0.0,0.0,0.0,0.0,0.0,0.0,0.0,0.0,0.0,0.0,0.0,0.0,0.0,0.0,0.0,0.0,0.0,0.0,0.0,0.0,0.0,999.0,8288.66,0.01,0.0,0.0,0.0,0.0,0.0,8.49
2015-06-03,0.0,0.0,0.0,0.0,0.0,0.0,0.0,0.0,0.0,0.0,0.0,0.0,0.0,0.0,0.0,0.0,0.0,0.0,0.0,0.0,0.0,0.0,0.0,0.0,0.0,0.0,0.0,0.0,0.0,999.0,8181.27,0.01,0.0,0.0,0.0,0.0,0.0,8.38
2015-06-04,0.0,0.0,0.0,0.0,0.0,0.0,0.0,0.0,0.0,0.0,0.0,0.0,0.0,0.0,0.0,0.0,0.0,0.0,0.0,0.0,0.0,0.0,0.0,0.0,0.0,0.0,0.0,0.0,0.0,999.0,7946.96,0.01,0.0,0.0,0.0,0.0,0.0,8.14
2015-06-05,0.0,0.0,0.0,0.0,0.0,0.0,0.0,0.0,0.0,0.0,0.0,0.0,0.0,0.0,0.0,0.0,0.0,0.0,0.0,0.0,0.0,0.0,0.0,0.0,0.0,0.0,0.0,0.0,0.0,999.0,7907.91,0.01,0.0,0.0,0.0,0.0,0.0,8.1
2015-06-08,0.0,0.0,0.0,0.0,0.0,0.0,0.0,0.0,0.0,0.0,0.0,0.0,0.0,0.0,0.0,0.0,0.0,0.0,0.0,0.0,0.0,0.0,0.0,0.0,0.0,0.0,0.0,0.0,0.0,999.0,7907.91,0.01,0.0,0.0,0.0,0.0,0.0,8.1
2015-06-09,0.0,0.0,0.0,0.0,0.0,0.0,0.0,0.0,0.0,0.0,0.0,0.0,0.0,0.0,0.0,0.0,0.0,0.0,0.0,0.0,0.0,0.0,0.0,0.0,0.0,0.0,0.0,0.0,0.0,999.0,7907.91,0.01,0.0,0.0,0.0,0.0,0.0,8.1
2015-06-10,0.0,0.0,0.0,0.0,0.0,0.0,0.0,0.0,0.0,0.0,0.0,0.0,0.0,0.0,0.0,0.0,0.0,0.0,0.0,0.0,0.0,0.0,0.0,0.0,0.0,0.0,0.0,0.0,0.0,999.0,7907.91,0.01,0.0,0.0,0.0,0.0,0.0,8.1
2015-06-11,0.0,0.0,0.0,0.0,0.0,0.0,0.0,0.0,0.0,0.0,0.0,0.0,0.0,0.0,0.0,0.0,0.0,0.0,0.0,0.0,0.0,0.0,0.0,0.0,0.0,0.0,0.0,0.0,0.0,999.0,7898.15,0.01,0.0,0.0,0.0,0.0,0.0,8.09
2015-06-12,0.0,0.0,0.0,0.0,0.0,0.0,0.0,0.0,0.0,0.0,0.0,0.0,0.0,0.0,0.0,0.0,0.0,0.0,0.0,0.0,0.0,0.0,0.0,0.0,0.0,0.0,0.0,0.0,0.0,999.0,8005.54,0.01,0.0,0.0,0.0,0.0,0.0,8.2
2015-06-15,0.0,0.0,0.0,0.0,0.0,0.0,0.0,0.0,0.0,0.0,0.0,0.0,0.0,0.0,0.0,0.0,0.0,0.0,0.0,0.0,0.0,0.0,0.0,0.0,0.0,0.0,0.0,0.0,0.0,999.0,7761.47,0.01,0.0,0.0,0.0,0.0,0.0,7.95
2015-06-16,0.0,0.0,0.0,0.0,0.0,0.0,0.0,0.0,0.0,0.0,0.0,0.0,0.0,0.0,0.0,0.0,0.0,0.0,0.0,0.0,0.0,0.0,0.0,0.0,0.0,0.0,0.0,0.0,0.0,999.0,7741.94,0.01,0.0,0.0,0.0,0.0,0.0,7.93
2015-06-17,0.0,0.0,0.0,0.0,0.0,0.0,0.0,0.0,0.0,0.0,0.0,0.0,0.0,0.0,0.0,0.0,0.0,0.0,0.0,0.0,0.0,0.0,0.0,0.0,0.0,0.0,0.0,0.0,0.0,999.0,7517.4,0.01,0.0,0.0,0.0,0.0,0.0,7.7
2015-06-18,0.0,0.0,0.0,0.0,0.0,0.0,0.0,0.0,0.0,0.0,0.0,0.0,0.0,0.0,0.0,0.0,0.0,0.0,0.0,0.0,0.0,0.0,0.0,0.0,0.0,0.0,0.0,0.0,0.0,999.0,7322.14,0.01,0.0,0.0,0.0,0.0,0.0,7.5
2015-06-19,0.0,0.0,0.0,0.0,0.0,0.0,0.0,0.0,0.0,0.0,0.0,0.0,0.0,0.0,0.0,0.0,0.0,0.0,0.0,0.0,0.0,0.0,0.0,0.0,0.0,0.0,0.0,0.0,0.0,999.0,7566.21,0.01,0.0,0.0,0.0,0.0,0.0,7.75
2015-06-22,0.0,0.0,0.0,0.0,0.0,0.0,0.0,0.0,0.0,0.0,0.0,0.0,0.0,0.0,0.0,0.0,0.0,0.0,0.0,0.0,0.0,0.0,0.0,0.0,0.0,0.0,0.0,0.0,0.0,999.0,7566.21,0.01,0.0,0.0,0.0,0.0,0.0,7.75
2015-06-23,0.0,0.0,0.0,0.0,0.0,0.0,0.0,0.0,0.0,0.0,0.0,0.0,0.0,0.0,0.0,0.0,0.0,0.0,0.0,0.0,0.0,0.0,0.0,0.0,0.0,0.0,0.0,0.0,0.0,999.0,7468.58,0.01,0.0,0.0,0.0,0.0,0.0,7.65
2015-06-24,0.0,0.0,0.0,0.0,0.0,0.0,0.0,0.0,0.0,0.0,0.0,0.0,0.0,0.0,0.0,0.0,0.0,0.0,0.0,0.0,0.0,0.0,0.0,0.0,0.0,0.0,0.0,0.0,0.0,999.0,7478.34,0.01,0.0,0.0,0.0,0.0,0.0,7.66
2015-06-25,5528.0,42137.99,0.3,3.22,0.3,0.04,0.0,42137.99,0.0,5528.0,0.0,0.0,0.0,0.0,5528.0,0.0,0.0,0.0,0.0,0.0,0.0,0.0,0.04,0.0,0.0,0.0,0.0,0.0,0.0,999.0,7615.02,0.01,0.0,0.0,1.0,100.0,5.5335,7.8
2015-06-26,5528.0,42624.2,0.3,3.52,0.3,0.04,0.0,42624.2,0.0,5528.0,0.0,0.0,0.0,0.0,0.0,0.0,0.0,0.0,0.0,0.0,0.0,0.0,0.0,0.0,0.0,0.0,0.0,0.0,0.0,999.0,7702.89,0.01,0.0,0.0,1.0,100.0,5.5335,7.89
2015-06-29,5528.0,41003.51,0.3,4.19,0.3,0.04,0.0,41003.51,0.0,5528.0,0.0,0.0,0.0,0.0,0.0,0.0,0.0,0.0,0.0,0.0,0.0,0.0,0.0,0.0,0.0,0.0,0.0,0.0,0.0,999.0,7410.0,0.01,0.0,0.0,1.0,100.0,5.5335,7.59
2015-06-30,5528.0,40085.11,0.3,4.09,0.3,0.04,0.0,40085.11,0.0,5528.0,0.0,0.0,0.0,0.0,0.0,0.0,0.0,0.0,0.0,0.0,0.0,0.0,0.0,0.0,0.0,0.0,0.0,0.0,0.0,999.0,7244.04,0.01,0.0,0.0,1.0,100.0,5.5335,7.42
2015-07-01,5528.0,41381.67,0.3,4.35,0.3,0.04,0.0,41381.67,0.0,5528.0,0.0,0.0,0.0,0.0,0.0,0.0,0.0,0.0,0.0,0.0,0.0,0.0,0.0,0.0,0.0,0.0,0.0,0.0,0.0,999.0,7478.34,0.01,0.0,0.0,1.0,100.0,5.5335,7.66
2015-07-02,5528.0,41327.65,0.3,4.39,0.3,0.04,0.0,41327.65,0.0,5528.0,0.0,0.0,0.0,0.0,0.0,0.0,0.0,0.0,0.0,0.0,0.0,0.0,0.0,0.0,0.0,0.0,0.0,0.0,0.0,999.0,7468.58,0.01,0.0,0.0,1.0,100.0,5.5335,7.65
2015-07-03,5528.0,40517.3,0.3,4.42,0.3,0.04,0.0,40517.3,0.0,5528.0,0.0,0.0,0.0,0.0,0.0,0.0,0.0,0.0,0.0,0.0,0.0,0.0,0.0,0.0,0.0,0.0,0.0,0.0,0.0,999.0,7322.14,0.01,0.0,0.0,1.0,100.0,5.5335,7.5
2015-07-06,5528.0,40463.28,0.3,4.93,0.3,0.04,0.0,40463.28,0.0,5528.0,0.0,0.0,0.0,0.0,0.0,0.0,0.0,0.0,0.0,0.0,0.0,0.0,0.0,0.0,0.0,0.0,0.0,0.0,0.0,999.0,7312.38,0.01,0.0,0.0,1.0,100.0,5.5335,7.49
2015-07-07,5528.0,40517.3,0.3,5.34,0.3,0.04,0.0,40517.3,0.0,5528.0,0.0,0.0,0.0,0.0,0.0,0.0,0.0,0.0,0.0,0.0,0.0,0.0,0.0,0.0,0.0,0.0,0.0,0.0,0.0,999.0,7322.14,0.01,0.0,0.0,1.0,100.0,5.5335,7.5
2015-07-08,5528.0,41597.76,0.3,5.5,0.3,0.04,0.0,41597.76,0.0,5528.0,0.0,0.0,0.0,0.0,0.0,0.0,0.0,0.0,0.0,0.0,0.0,0.0,0.0,0.0,0.0,0.0,0.0,0.0,0.0,999.0,7517.4,0.01,0.0,0.0,1.0,100.0,5.5335,7.7
2015-07-09,5528.0,40517.3,0.3,5.46,0.3,0.04,0.0,40517.3,0.0,5528.0,0.0,0.0,0.0,0.0,0.0,0.0,0.0,0.0,0.0,0.0,0.0,0.0,0.0,0.0,0.0,0.0,0.0,0.0,0.0,999.0,7322.14,0.01,0.0,0.0,1.0,100.0,5.5335,7.5
2015-07-10,5528.0,41867.88,0.3,5.53,0.3,0.04,0.0,41867.88,0.0,5528.0,0.0,0.0,0.0,0.0,0.0,0.0,0.0,0.0,0.0,0.0,0.0,0.0,0.0,0.0,0.0,0.0,0.0,0.0,0.0,999.0,7566.21,0.01,0.0,0.0,1.0,100.0,5.5335,7.75
2015-07-13,5528.0,43218.45,0.3,5.86,0.3,0.04,0.0,43218.45,0.0,5528.0,0.0,0.0,0.0,0.0,0.0,0.0,0.0,0.0,0.0,0.0,0.0,0.0,0.0,0.0,0.0,0.0,0.0,0.0,0.0,999.0,7810.28,0.01,0.0,0.0,1.0,100.0,5.5335,8.0
2015-07-14,5528.0,45109.26,0.3,4.92,0.3,0.04,0.0,45109.26,0.0,5528.0,0.0,0.0,0.0,0.0,0.0,0.0,0.0,0.0,0.0,0.0,0.0,0.0,0.0,0.0,0.0,0.0,0.0,0.0,0.0,999.0,8151.98,0.01,0.0,0.0,1.0,100.0,5.5335,8.35
2015-07-15,5528.0,45487.42,0.3,4.84,0.3,0.05,0.0,45487.42,0.0,5528.0,0.0,0.0,0.0,0.0,0.0,0.0,0.0,0.0,0.0,0.0,0.0,0.0,0.0,0.0,0.0,0.0,0.0,0.0,0.0,999.0,8220.32,0.01,0.0,0.0,1.0,100.0,5.5335,8.42
2015-07-16,5528.0,45541.44,0.3,5.19,0.3,0.05,0.0,45541.44,0.0,5528.0,0.0,0.0,0.0,0.0,0.0,0.0,0.0,0.0,0.0,0.0,0.0,0.0,0.0,0.0,0.0,0.0,0.0,0.0,0.0,999.0,8230.08,0.01,0.0,0.0,1.0,100.0,5.5335,8.43
2015-07-17,5528.0,45379.37,0.3,5.26,0.3,0.05,0.0,45379.37,0.0,5528.0,0.0,0.0,0.0,0.0,0.0,0.0,0.0,0.0,0.0,0.0,0.0,0.0,0.0,0.0,0.0,0.0,0.0,0.0,0.0,999.0,8200.8,0.01,0.0,0.0,1.0,100.0,5.5335,8.4
2015-07-20,0.0,0.0,0.0,0.0,0.0,0.0,0.0,0.0,0.0,0.0,0.0,0.0,0.0,0.0,0.0,0.0,0.0,0.0,0.0,0.0,0.0,0.0,0.0,0.0,5528.0,0.0,0.05,0.0,0.0,999.0,8317.95,0.01,0.0,0.0,0.0,0.0,0.0,8.52
2015-07-21,0.0,0.0,0.0,0.0,0.0,0.0,0.0,0.0,0.0,0.0,0.0,0.0,0.0,0.0,0.0,0.0,0.0,0.0,0.0,0.0,0.0,0.0,0.0,0.0,0.0,0.0,0.0,0.0,0.0,999.0,8552.26,0.01,0.0,0.0,0.0,0.0,0.0,8.76
2015-07-22,0.0,0.0,0.0,0.0,0.0,0.0,0.0,0.0,0.0,0.0,0.0,0.0,0.0,0.0,0.0,0.0,0.0,0.0,0.0,0.0,0.0,0.0,0.0,0.0,0.0,0.0,0.0,0.0,0.0,999.0,8249.61,0.01,0.0,0.0,0.0,0.0,0.0,8.45
2015-07-23,0.0,0.0,0.0,0.0,0.0,0.0,0.0,0.0,0.0,0.0,0.0,0.0,0.0,0.0,0.0,0.0,0.0,0.0,0.0,0.0,0.0,0.0,0.0,0.0,0.0,0.0,0.0,0.0,0.0,999.0,8298.42,0.01,0.0,0.0,0.0,0.0,0.0,8.5
2015-07-24,0.0,0.0,0.0,0.0,0.0,0.0,0.0,0.0,0.0,0.0,0.0,0.0,0.0,0.0,0.0,0.0,0.0,0.0,0.0,0.0,0.0,0.0,0.0,0.0,0.0,0.0,0.0,0.0,0.0,999.0,7322.14,0.01,0.0,0.0,0.0,0.0,0.0,7.5
2015-07-27,0.0,0.0,0.0,0.0,0.0,0.0,0.0,0.0,0.0,0.0,0.0,0.0,0.0,0.0,0.0,0.0,0.0,0.0,0.0,0.0,0.0,0.0,0.0,0.0,0.0,0.0,0.0,0.0,0.0,999.0,7273.32,0.01,0.0,0.0,0.0,0.0,0.0,7.45
2015-07-28,0.0,0.0,0.0,0.0,0.0,0.0,0.0,0.0,0.0,0.0,0.0,0.0,0.0,0.0,0.0,0.0,0.0,0.0,0.0,0.0,0.0,0.0,0.0,0.0,0.0,0.0,0.0,0.0,0.0,999.0,7224.51,0.01,0.0,0.0,0.0,0.0,0.0,7.4
2015-07-29,0.0,0.0,0.0,0.0,0.0,0.0,0.0,0.0,0.0,0.0,0.0,0.0,0.0,0.0,0.0,0.0,0.0,0.0,0.0,0.0,0.0,0.0,0.0,0.0,0.0,0.0,0.0,0.0,0.0,999.0,7224.51,0.01,0.0,0.0,0.0,0.0,0.0,7.4
2015-07-30,0.0,0.0,0.0,0.0,0.0,0.0,0.0,0.0,0.0,0.0,0.0,0.0,0.0,0.0,0.0,0.0,0.0,0.0,0.0,0.0,0.0,0.0,0.0,0.0,0.0,0.0,0.0,0.0,0.0,999.0,7410.0,0.01,0.0,0.0,0.0,0.0,0.0,7.59
2015-07-31,0.0,0.0,0.0,0.0,0.0,0.0,0.0,0.0,0.0,0.0,0.0,0.0,0.0,0.0,0.0,0.0,0.0,0.0,0.0,0.0,0.0,0.0,0.0,0.0,0.0,0.0,0.0,0.0,0.0,999.0,7380.72,0.01,0.0,0.0,0.0,0.0,0.0,7.56
2015-08-03,0.0,0.0,0.0,0.0,0.0,0.0,0.0,0.0,0.0,0.0,0.0,0.0,0.0,0.0,0.0,0.0,0.0,0.0,0.0,0.0,0.0,0.0,0.0,0.0,0.0,0.0,0.0,0.0,0.0,999.0,7126.88,0.01,0.0,0.0,0.0,0.0,0.0,7.3
2015-08-04,0.0,0.0,0.0,0.0,0.0,0.0,0.0,0.0,0.0,0.0,0.0,0.0,0.0,0.0,0.0,0.0,0.0,0.0,0.0,0.0,0.0,0.0,0.0,0.0,0.0,0.0,0.0,0.0,0.0,999.0,6814.47,0.01,0.0,0.0,0.0,0.0,0.0,6.98
2015-08-05,0.0,0.0,0.0,0.0,0.0,0.0,0.0,0.0,0.0,0.0,0.0,0.0,0.0,0.0,0.0,0.0,0.0,0.0,0.0,0.0,0.0,0.0,0.0,0.0,0.0,0.0,0.0,0.0,0.0,999.0,6931.62,0.01,0.0,0.0,0.0,0.0,0.0,7.1
2015-08-06,0.0,0.0,0.0,0.0,0.0,0.0,0.0,0.0,0.0,0.0,0.0,0.0,0.0,0.0,0.0,0.0,0.0,0.0,0.0,0.0,0.0,0.0,0.0,0.0,0.0,0.0,0.0,0.0,0.0,999.0,7126.88,0.01,0.0,0.0,0.0,0.0,0.0,7.3
2015-08-07,0.0,0.0,0.0,0.0,0.0,0.0,0.0,0.0,0.0,0.0,0.0,0.0,0.0,0.0,0.0,0.0,0.0,0.0,0.0,0.0,0.0,0.0,0.0,0.0,0.0,0.0,0.0,0.0,0.0,999.0,7370.95,0.01,0.0,0.0,0.0,0.0,0.0,7.55
2015-08-10,0.0,0.0,0.0,0.0,0.0,0.0,0.0,0.0,0.0,0.0,0.0,0.0,0.0,0.0,0.0,0.0,0.0,0.0,0.0,0.0,0.0,0.0,0.0,0.0,0.0,0.0,0.0,0.0,0.0,999.0,7322.14,0.01,0.0,0.0,0.0,0.0,0.0,7.5
2015-08-11,0.0,0.0,0.0,0.0,0.0,0.0,0.0,0.0,0.0,0.0,0.0,0.0,0.0,0.0,0.0,0.0,0.0,0.0,0.0,0.0,0.0,0.0,0.0,0.0,0.0,0.0,0.0,0.0,0.0,999.0,7224.51,0.01,0.0,0.0,0.0,0.0,0.0,7.4
2015-08-12,0.0,0.0,0.0,0.0,0.0,0.0,0.0,0.0,0.0,0.0,0.0,0.0,0.0,0.0,0.0,0.0,0.0,0.0,0.0,0.0,0.0,0.0,0.0,0.0,0.0,0.0,0.0,0.0,0.0,999.0,7214.75,0.01,0.0,0.0,0.0,0.0,0.0,7.39
2015-08-13,0.0,0.0,0.0,0.0,0.0,0.0,0.0,0.0,0.0,0.0,0.0,0.0,0.0,0.0,0.0,0.0,0.0,0.0,0.0,0.0,0.0,0.0,0.0,0.0,0.0,0.0,0.0,0.0,0.0,999.0,6931.62,0.01,0.0,0.0,0.0,0.0,0.0,7.1
2015-08-14,0.0,0.0,0.0,0.0,0.0,0.0,0.0,0.0,0.0,0.0,0.0,0.0,0.0,0.0,0.0,0.0,0.0,0.0,0.0,0.0,0.0,0.0,0.0,0.0,0.0,0.0,0.0,0.0,0.0,999.0,7029.25,0.01,0.0,0.0,0.0,0.0,0.0,7.2
2015-08-17,0.0,0.0,0.0,0.0,0.0,0.0,0.0,0.0,0.0,0.0,0.0,0.0,0.0,0.0,0.0,0.0,0.0,0.0,0.0,0.0,0.0,0.0,0.0,0.0,0.0,0.0,0.0,0.0,0.0,999.0,6834.0,0.01,0.0,0.0,0.0,0.0,0.0,7.0
2015-08-18,0.0,0.0,0.0,0.0,0.0,0.0,0.0,0.0,0.0,0.0,0.0,0.0,0.0,0.0,0.0,0.0,0.0,0.0,0.0,0.0,0.0,0.0,0.0,0.0,0.0,0.0,0.0,0.0,0.0,999.0,6785.18,0.01,0.0,0.0,0.0,0.0,0.0,6.95
2015-08-19,0.0,0.0,0.0,0.0,0.0,0.0,0.0,0.0,0.0,0.0,0.0,0.0,0.0,0.0,0.0,0.0,0.0,0.0,0.0,0.0,0.0,0.0,0.0,0.0,0.0,0.0,0.0,0.0,0.0,999.0,6638.74,0.01,0.0,0.0,0.0,0.0,0.0,6.8
2015-08-20,0.0,0.0,0.0,0.0,0.0,0.0,0.0,0.0,0.0,0.0,0.0,0.0,0.0,0.0,0.0,0.0,0.0,0.0,0.0,0.0,0.0,0.0,0.0,0.0,0.0,0.0,0.0,0.0,0.0,999.0,6218.94,0.01,0.0,0.0,0.0,0.0,0.0,6.37
2015-08-21,0.0,0.0,0.0,0.0,0.0,0.0,0.0,0.0,0.0,0.0,0.0,0.0,0.0,0.0,0.0,0.0,0.0,0.0,0.0,0.0,0.0,0.0,0.0,0.0,0.0,0.0,0.0,0.0,0.0,999.0,6726.6,0.01,0.0,0.0,0.0,0.0,0.0,6.89
2015-08-24,0.0,0.0,0.0,0.0,0.0,0.0,0.0,0.0,0.0,0.0,0.0,0.0,0.0,0.0,0.0,0.0,0.0,0.0,0.0,0.0,0.0,0.0,0.0,0.0,0.0,0.0,0.0,0.0,0.0,999.0,6257.99,0.01,0.0,0.0,0.0,0.0,0.0,6.41
2015-08-25,0.0,0.0,0.0,0.0,0.0,0.0,0.0,0.0,0.0,0.0,0.0,0.0,0.0,0.0,0.0,0.0,0.0,0.0,0.0,0.0,0.0,0.0,0.0,0.0,0.0,0.0,0.0,0.0,0.0,999.0,6736.37,0.01,0.0,0.0,0.0,0.0,0.0,6.9
2015-08-26,0.0,0.0,0.0,0.0,0.0,0.0,0.0,0.0,0.0,0.0,0.0,0.0,0.0,0.0,0.0,0.0,0.0,0.0,0.0,0.0,0.0,0.0,0.0,0.0,0.0,0.0,0.0,0.0,0.0,999.0,6834.0,0.01,0.0,0.0,0.0,0.0,0.0,7.0
2015-08-27,0.0,0.0,0.0,0.0,0.0,0.0,0.0,0.0,0.0,0.0,0.0,0.0,0.0,0.0,0.0,0.0,0.0,0.0,0.0,0.0,0.0,0.0,0.0,0.0,0.0,0.0,0.0,0.0,0.0,999.0,7224.51,0.01,0.0,0.0,0.0,0.0,0.0,7.4
2015-08-28,0.0,0.0,0.0,0.0,0.0,0.0,0.0,0.0,0.0,0.0,0.0,0.0,0.0,0.0,0.0,0.0,0.0,0.0,0.0,0.0,0.0,0.0,0.0,0.0,0.0,0.0,0.0,0.0,0.0,999.0,7126.88,0.01,0.0,0.0,0.0,0.0,0.0,7.3
2015-08-31,0.0,0.0,0.0,0.0,0.0,0.0,0.0,0.0,0.0,0.0,0.0,0.0,0.0,0.0,0.0,0.0,0.0,0.0,0.0,0.0,0.0,0.0,0.0,0.0,0.0,0.0,0.0,0.0,0.0,999.0,7126.88,0.01,0.0,0.0,0.0,0.0,0.0,7.3
2015-09-01,0.0,0.0,0.0,0.0,0.0,0.0,0.0,0.0,0.0,0.0,0.0,0.0,0.0,0.0,0.0,0.0,0.0,0.0,0.0,0.0,0.0,0.0,0.0,0.0,0.0,0.0,0.0,0.0,0.0,999.0,6834.0,0.01,0.0,0.0,0.0,0.0,0.0,7.0
2015-09-02,0.0,0.0,0.0,0.0,0.0,0.0,0.0,0.0,0.0,0.0,0.0,0.0,0.0,0.0,0.0,0.0,0.0,0.0,0.0,0.0,0.0,0.0,0.0,0.0,0.0,0.0,0.0,0.0,0.0,999.0,6834.0,0.01,0.0,0.0,0.0,0.0,0.0,7.0
2015-09-03,0.0,0.0,0.0,0.0,0.0,0.0,0.0,0.0,0.0,0.0,0.0,0.0,0.0,0.0,0.0,0.0,0.0,0.0,0.0,0.0,0.0,0.0,0.0,0.0,0.0,0.0,0.0,0.0,0.0,999.0,6834.0,0.01,0.0,0.0,0.0,0.0,0.0,7.0
2015-09-04,0.0,0.0,0.0,0.0,0.0,0.0,0.0,0.0,0.0,0.0,0.0,0.0,0.0,0.0,0.0,0.0,0.0,0.0,0.0,0.0,0.0,0.0,0.0,0.0,0.0,0.0,0.0,0.0,0.0,999.0,6834.0,0.01,0.0,0.0,0.0,0.0,0.0,7.0
2015-09-07,0.0,0.0,0.0,0.0,0.0,0.0,0.0,0.0,0.0,0.0,0.0,0.0,0.0,0.0,0.0,0.0,0.0,0.0,0.0,0.0,0.0,0.0,0.0,0.0,0.0,0.0,0.0,0.0,0.0,999.0,6834.0,0.01,0.0,0.0,0.0,0.0,0.0,7.0
2015-09-08,0.0,0.0,0.0,0.0,0.0,0.0,0.0,0.0,0.0,0.0,0.0,0.0,0.0,0.0,0.0,0.0,0.0,0.0,0.0,0.0,0.0,0.0,0.0,0.0,0.0,0.0,0.0,0.0,0.0,999.0,6736.37,0.01,0.0,0.0,0.0,0.0,0.0,6.9
2015-09-09,0.0,0.0,0.0,0.0,0.0,0.0,0.0,0.0,0.0,0.0,0.0,0.0,0.0,0.0,0.0,0.0,0.0,0.0,0.0,0.0,0.0,0.0,0.0,0.0,0.0,0.0,0.0,0.0,0.0,999.0,6736.37,0.01,0.0,0.0,0.0,0.0,0.0,6.9
2015-09-10,0.0,0.0,0.0,0.0,0.0,0.0,0.0,0.0,0.0,0.0,0.0,0.0,0.0,0.0,0.0,0.0,0.0,0.0,0.0,0.0,0.0,0.0,0.0,0.0,0.0,0.0,0.0,0.0,0.0,999.0,6638.74,0.01,0.0,0.0,0.0,0.0,0.0,6.8
2015-09-11,0.0,0.0,0.0,0.0,0.0,0.0,0.0,0.0,0.0,0.0,0.0,0.0,0.0,0.0,0.0,0.0,0.0,0.0,0.0,0.0,0.0,0.0,0.0,0.0,0.0,0.0,0.0,0.0,0.0,999.0,6668.03,0.01,0.0,0.0,0.0,0.0,0.0,6.83
2015-09-14,0.0,0.0,0.0,0.0,0.0,0.0,0.0,0.0,0.0,0.0,0.0,0.0,0.0,0.0,0.0,0.0,0.0,0.0,0.0,0.0,0.0,0.0,0.0,0.0,0.0,0.0,0.0,0.0,0.0,999.0,6736.37,0.01,0.0,0.0,0.0,0.0,0.0,6.9
2015-09-15,0.0,0.0,0.0,0.0,0.0,0.0,0.0,0.0,0.0,0.0,0.0,0.0,0.0,0.0,0.0,0.0,0.0,0.0,0.0,0.0,0.0,0.0,0.0,0.0,0.0,0.0,0.0,0.0,0.0,999.0,6638.74,0.01,0.0,0.0,0.0,0.0,0.0,6.8
2015-09-16,0.0,0.0,0.0,0.0,0.0,0.0,0.0,0.0,0.0,0.0,0.0,0.0,0.0,0.0,0.0,0.0,0.0,0.0,0.0,0.0,0.0,0.0,0.0,0.0,0.0,0.0,0.0,0.0,0.0,999.0,6638.74,0.01,0.0,0.0,0.0,0.0,0.0,6.8
2015-09-17,0.0,0.0,0.0,0.0,0.0,0.0,0.0,0.0,0.0,0.0,0.0,0.0,0.0,0.0,0.0,0.0,0.0,0.0,0.0,0.0,0.0,0.0,0.0,0.0,0.0,0.0,0.0,0.0,0.0,999.0,6541.11,0.01,0.0,0.0,0.0,0.0,0.0,6.7
2015-09-18,0.0,0.0,0.0,0.0,0.0,0.0,0.0,0.0,0.0,0.0,0.0,0.0,0.0,0.0,0.0,0.0,0.0,0.0,0.0,0.0,0.0,0.0,0.0,0.0,0.0,0.0,0.0,0.0,0.0,999.0,6736.37,0.01,0.0,0.0,0.0,0.0,0.0,6.9
2015-09-21,0.0,0.0,0.0,0.0,0.0,0.0,0.0,0.0,0.0,0.0,0.0,0.0,0.0,0.0,0.0,0.0,0.0,0.0,0.0,0.0,0.0,0.0,0.0,0.0,0.0,0.0,0.0,0.0,0.0,999.0,6726.6,0.01,0.0,0.0,0.0,0.0,0.0,6.89
2015-09-22,0.0,0.0,0.0,0.0,0.0,0.0,0.0,0.0,0.0,0.0,0.0,0.0,0.0,0.0,0.0,0.0,0.0,0.0,0.0,0.0,0.0,0.0,0.0,0.0,0.0,0.0,0.0,0.0,0.0,999.0,6443.48,0.01,0.0,0.0,0.0,0.0,0.0,6.6
2015-09-23,0.0,0.0,0.0,0.0,0.0,0.0,0.0,0.0,0.0,0.0,0.0,0.0,0.0,0.0,0.0,0.0,0.0,0.0,0.0,0.0,0.0,0.0,0.0,0.0,0.0,0.0,0.0,0.0,0.0,999.0,6628.98,0.01,0.0,0.0,0.0,0.0,0.0,6.79
2015-09-24,0.0,0.0,0.0,0.0,0.0,0.0,0.0,0.0,0.0,0.0,0.0,0.0,0.0,0.0,0.0,0.0,0.0,0.0,0.0,0.0,0.0,0.0,0.0,0.0,0.0,0.0,0.0,0.0,0.0,999.0,6443.48,0.01,0.0,0.0,0.0,0.0,0.0,6.6
2015-09-25,0.0,0.0,0.0,0.0,0.0,0.0,0.0,0.0,0.0,0.0,0.0,0.0,0.0,0.0,0.0,0.0,0.0,0.0,0.0,0.0,0.0,0.0,0.0,0.0,0.0,0.0,0.0,0.0,0.0,999.0,6638.74,0.01,0.0,0.0,0.0,0.0,0.0,6.8
2015-09-28,0.0,0.0,0.0,0.0,0.0,0.0,0.0,0.0,0.0,0.0,0.0,0.0,0.0,0.0,0.0,0.0,0.0,0.0,0.0,0.0,0.0,0.0,0.0,0.0,0.0,0.0,0.0,0.0,0.0,999.0,6628.98,0.01,0.0,0.0,0.0,0.0,0.0,6.79
2015-09-29,0.0,0.0,0.0,0.0,0.0,0.0,0.0,0.0,0.0,0.0,0.0,0.0,0.0,0.0,0.0,0.0,0.0,0.0,0.0,0.0,0.0,0.0,0.0,0.0,0.0,0.0,0.0,0.0,0.0,999.0,6345.85,0.01,0.0,0.0,0.0,0.0,0.0,6.5
2015-09-30,0.0,0.0,0.0,0.0,0.0,0.0,0.0,0.0,0.0,0.0,0.0,0.0,0.0,0.0,0.0,0.0,0.0,0.0,0.0,0.0,0.0,0.0,0.0,0.0,0.0,0.0,0.0,0.0,0.0,999.0,6638.74,0.01,0.0,0.0,0.0,0.0,0.0,6.8
2015-10-01,0.0,0.0,0.0,0.0,0.0,0.0,0.0,0.0,0.0,0.0,0.0,0.0,0.0,0.0,0.0,0.0,0.0,0.0,0.0,0.0,0.0,0.0,0.0,0.0,0.0,0.0,0.0,0.0,0.0,999.0,6716.84,0.01,0.0,0.0,0.0,0.0,0.0,6.88
2015-10-02,0.0,0.0,0.0,0.0,0.0,0.0,0.0,0.0,0.0,0.0,0.0,0.0,0.0,0.0,0.0,0.0,0.0,0.0,0.0,0.0,0.0,0.0,0.0,0.0,0.0,0.0,0.0,0.0,0.0,999.0,6765.66,0.01,0.0,0.0,0.0,0.0,0.0,6.93
2015-10-05,0.0,0.0,0.0,0.0,0.0,0.0,0.0,0.0,0.0,0.0,0.0,0.0,0.0,0.0,0.0,0.0,0.0,0.0,0.0,0.0,0.0,0.0,0.0,0.0,0.0,0.0,0.0,0.0,0.0,999.0,6775.42,0.01,0.0,0.0,0.0,0.0,0.0,6.94
2015-10-06,0.0,0.0,0.0,0.0,0.0,0.0,0.0,0.0,0.0,0.0,0.0,0.0,0.0,0.0,0.0,0.0,0.0,0.0,0.0,0.0,0.0,0.0,0.0,0.0,0.0,0.0,0.0,0.0,0.0,999.0,6736.37,0.01,0.0,0.0,0.0,0.0,0.0,6.9
2015-10-07,0.0,0.0,0.0,0.0,0.0,0.0,0.0,0.0,0.0,0.0,0.0,0.0,0.0,0.0,0.0,0.0,0.0,0.0,0.0,0.0,0.0,0.0,0.0,0.0,0.0,0.0,0.0,0.0,0.0,999.0,6736.37,0.01,0.0,0.0,0.0,0.0,0.0,6.9
2015-10-08,0.0,0.0,0.0,0.0,0.0,0.0,0.0,0.0,0.0,0.0,0.0,0.0,0.0,0.0,0.0,0.0,0.0,0.0,0.0,0.0,0.0,0.0,0.0,0.0,0.0,0.0,0.0,0.0,0.0,999.0,6755.89,0.01,0.0,0.0,0.0,0.0,0.0,6.92
2015-10-09,0.0,0.0,0.0,0.0,0.0,0.0,0.0,0.0,0.0,0.0,0.0,0.0,0.0,0.0,0.0,0.0,0.0,0.0,0.0,0.0,0.0,0.0,0.0,0.0,0.0,0.0,0.0,0.0,0.0,999.0,7009.73,0.01,0.0,0.0,0.0,0.0,0.0,7.18
2015-10-12,0.0,0.0,0.0,0.0,0.0,0.0,0.0,0.0,0.0,0.0,0.0,0.0,0.0,0.0,0.0,0.0,0.0,0.0,0.0,0.0,0.0,0.0,0.0,0.0,0.0,0.0,0.0,0.0,0.0,999.0,6736.37,0.01,0.0,0.0,0.0,0.0,0.0,6.9
2015-10-13,0.0,0.0,0.0,0.0,0.0,0.0,0.0,0.0,0.0,0.0,0.0,0.0,0.0,0.0,0.0,0.0,0.0,0.0,0.0,0.0,0.0,0.0,0.0,0.0,0.0,0.0,0.0,0.0,0.0,999.0,6736.37,0.01,0.0,0.0,0.0,0.0,0.0,6.9
2015-10-14,0.0,0.0,0.0,0.0,0.0,0.0,0.0,0.0,0.0,0.0,0.0,0.0,0.0,0.0,0.0,0.0,0.0,0.0,0.0,0.0,0.0,0.0,0.0,0.0,0.0,0.0,0.0,0.0,0.0,999.0,6736.37,0.01,0.0,0.0,0.0,0.0,0.0,6.9
2015-10-15,0.0,0.0,0.0,0.0,0.0,0.0,0.0,0.0,0.0,0.0,0.0,0.0,0.0,0.0,0.0,0.0,0.0,0.0,0.0,0.0,0.0,0.0,0.0,0.0,0.0,0.0,0.0,0.0,0.0,999.0,6824.23,0.01,0.0,0.0,0.0,0.0,0.0,6.99
2015-10-16,0.0,0.0,0.0,0.0,0.0,0.0,0.0,0.0,0.0,0.0,0.0,0.0,0.0,0.0,0.0,0.0,0.0,0.0,0.0,0.0,0.0,0.0,0.0,0.0,0.0,0.0,0.0,0.0,0.0,999.0,6736.37,0.01,0.0,0.0,0.0,0.0,0.0,6.9
2015-10-19,0.0,0.0,0.0,0.0,0.0,0.0,0.0,0.0,0.0,0.0,0.0,0.0,0.0,0.0,0.0,0.0,0.0,0.0,0.0,0.0,0.0,0.0,0.0,0.0,0.0,0.0,0.0,0.0,0.0,999.0,6736.37,0.01,0.0,0.0,0.0,0.0,0.0,6.9
2015-10-20,0.0,0.0,0.0,0.0,0.0,0.0,0.0,0.0,0.0,0.0,0.0,0.0,0.0,0.0,0.0,0.0,0.0,0.0,0.0,0.0,0.0,0.0,0.0,0.0,0.0,0.0,0.0,0.0,0.0,999.0,6804.71,0.01,0.0,0.0,0.0,0.0,0.0,6.97
2015-10-21,0.0,0.0,0.0,0.0,0.0,0.0,0.0,0.0,0.0,0.0,0.0,0.0,0.0,0.0,0.0,0.0,0.0,0.0,0.0,0.0,0.0,0.0,0.0,0.0,0.0,0.0,0.0,0.0,0.0,999.0,6736.37,0.01,0.0,0.0,0.0,0.0,0.0,6.9
2015-10-22,0.0,0.0,0.0,0.0,0.0,0.0,0.0,0.0,0.0,0.0,0.0,0.0,0.0,0.0,0.0,0.0,0.0,0.0,0.0,0.0,0.0,0.0,0.0,0.0,0.0,0.0,0.0,0.0,0.0,999.0,6785.18,0.01,0.0,0.0,0.0,0.0,0.0,6.95
2015-10-23,0.0,0.0,0.0,0.0,0.0,0.0,0.0,0.0,0.0,0.0,0.0,0.0,0.0,0.0,0.0,0.0,0.0,0.0,0.0,0.0,0.0,0.0,0.0,0.0,0.0,0.0,0.0,0.0,0.0,999.0,6736.37,0.01,0.0,0.0,0.0,0.0,0.0,6.9
2015-10-26,0.0,0.0,0.0,0.0,0.0,0.0,0.0,0.0,0.0,0.0,0.0,0.0,0.0,0.0,0.0,0.0,0.0,0.0,0.0,0.0,0.0,0.0,0.0,0.0,0.0,0.0,0.0,0.0,0.0,999.0,6736.37,0.01,0.0,0.0,0.0,0.0,0.0,6.9
2015-10-27,0.0,0.0,0.0,0.0,0.0,0.0,0.0,0.0,0.0,0.0,0.0,0.0,0.0,0.0,0.0,0.0,0.0,0.0,0.0,0.0,0.0,0.0,0.0,0.0,0.0,0.0,0.0,0.0,0.0,999.0,6736.37,0.01,0.0,0.0,0.0,0.0,0.0,6.9
2015-10-28,0.0,0.0,0.0,0.0,0.0,0.0,0.0,0.0,0.0,0.0,0.0,0.0,0.0,0.0,0.0,0.0,0.0,0.0,0.0,0.0,0.0,0.0,0.0,0.0,0.0,0.0,0.0,0.0,0.0,999.0,6736.37,0.01,0.0,0.0,0.0,0.0,0.0,6.9
2015-10-29,0.0,0.0,0.0,0.0,0.0,0.0,0.0,0.0,0.0,0.0,0.0,0.0,0.0,0.0,0.0,0.0,0.0,0.0,0.0,0.0,0.0,0.0,0.0,0.0,0.0,0.0,0.0,0.0,0.0,999.0,6765.66,0.01,0.0,0.0,0.0,0.0,0.0,6.93
2015-10-30,0.0,0.0,0.0,0.0,0.0,0.0,0.0,0.0,0.0,0.0,0.0,0.0,0.0,0.0,0.0,0.0,0.0,0.0,0.0,0.0,0.0,0.0,0.0,0.0,0.0,0.0,0.0,0.0,0.0,999.0,6746.13,0.01,0.0,0.0,0.0,0.0,0.0,6.91
2015-11-02,0.0,0.0,0.0,0.0,0.0,0.0,0.0,0.0,0.0,0.0,0.0,0.0,0.0,0.0,0.0,0.0,0.0,0.0,0.0,0.0,0.0,0.0,0.0,0.0,0.0,0.0,0.0,0.0,0.0,999.0,6482.53,0.01,0.0,0.0,0.0,0.0,0.0,6.64
2015-11-03,0.0,0.0,0.0,0.0,0.0,0.0,0.0,0.0,0.0,0.0,0.0,0.0,0.0,0.0,0.0,0.0,0.0,0.0,0.0,0.0,0.0,0.0,0.0,0.0,0.0,0.0,0.0,0.0,0.0,999.0,6736.37,0.01,0.0,0.0,0.0,0.0,0.0,6.9
2015-11-04,0.0,0.0,0.0,0.0,0.0,0.0,0.0,0.0,0.0,0.0,0.0,0.0,0.0,0.0,0.0,0.0,0.0,0.0,0.0,0.0,0.0,0.0,0.0,0.0,0.0,0.0,0.0,0.0,0.0,999.0,6736.37,0.01,0.0,0.0,0.0,0.0,0.0,6.9
2015-11-05,0.0,0.0,0.0,0.0,0.0,0.0,0.0,0.0,0.0,0.0,0.0,0.0,0.0,0.0,0.0,0.0,0.0,0.0,0.0,0.0,0.0,0.0,0.0,0.0,0.0,0.0,0.0,0.0,0.0,999.0,6580.16,0.01,0.0,0.0,0.0,0.0,0.0,6.74
2015-11-06,0.0,0.0,0.0,0.0,0.0,0.0,0.0,0.0,0.0,0.0,0.0,0.0,0.0,0.0,0.0,0.0,0.0,0.0,0.0,0.0,0.0,0.0,0.0,0.0,0.0,0.0,0.0,0.0,0.0,999.0,6638.74,0.01,0.0,0.0,0.0,0.0,0.0,6.8
2015-11-09,0.0,0.0,0.0,0.0,0.0,0.0,0.0,0.0,0.0,0.0,0.0,0.0,0.0,0.0,0.0,0.0,0.0,0.0,0.0,0.0,0.0,0.0,0.0,0.0,0.0,0.0,0.0,0.0,0.0,999.0,6550.87,0.01,0.0,0.0,0.0,0.0,0.0,6.71
2015-11-10,0.0,0.0,0.0,0.0,0.0,0.0,0.0,0.0,0.0,0.0,0.0,0.0,0.0,0.0,0.0,0.0,0.0,0.0,0.0,0.0,0.0,0.0,0.0,0.0,0.0,0.0,0.0,0.0,0.0,999.0,6492.3,0.01,0.0,0.0,0.0,0.0,0.0,6.65
2015-11-11,0.0,0.0,0.0,0.0,0.0,0.0,0.0,0.0,0.0,0.0,0.0,0.0,0.0,0.0,0.0,0.0,0.0,0.0,0.0,0.0,0.0,0.0,0.0,0.0,0.0,0.0,0.0,0.0,0.0,999.0,6472.77,0.01,0.0,0.0,0.0,0.0,0.0,6.63
2015-11-12,0.0,0.0,0.0,0.0,0.0,0.0,0.0,0.0,0.0,0.0,0.0,0.0,0.0,0.0,0.0,0.0,0.0,0.0,0.0,0.0,0.0,0.0,0.0,0.0,0.0,0.0,0.0,0.0,0.0,999.0,6638.74,0.01,0.0,0.0,0.0,0.0,0.0,6.8
2015-11-13,0.0,0.0,0.0,0.0,0.0,0.0,0.0,0.0,0.0,0.0,0.0,0.0,0.0,0.0,0.0,0.0,0.0,0.0,0.0,0.0,0.0,0.0,0.0,0.0,0.0,0.0,0.0,0.0,0.0,999.0,6736.37,0.01,0.0,0.0,0.0,0.0,0.0,6.9
2015-11-16,0.0,0.0,0.0,0.0,0.0,0.0,0.0,0.0,0.0,0.0,0.0,0.0,0.0,0.0,0.0,0.0,0.0,0.0,0.0,0.0,0.0,0.0,0.0,0.0,0.0,0.0,0.0,0.0,0.0,999.0,6736.37,0.01,0.0,0.0,0.0,0.0,0.0,6.9
2015-11-17,0.0,0.0,0.0,0.0,0.0,0.0,0.0,0.0,0.0,0.0,0.0,0.0,0.0,0.0,0.0,0.0,0.0,0.0,0.0,0.0,0.0,0.0,0.0,0.0,0.0,0.0,0.0,0.0,0.0,999.0,6736.37,0.01,0.0,0.0,0.0,0.0,0.0,6.9
2015-11-18,0.0,0.0,0.0,0.0,0.0,0.0,0.0,0.0,0.0,0.0,0.0,0.0,0.0,0.0,0.0,0.0,0.0,0.0,0.0,0.0,0.0,0.0,0.0,0.0,0.0,0.0,0.0,0.0,0.0,999.0,6882.81,0.01,0.0,0.0,0.0,0.0,0.0,7.05
2015-11-19,0.0,0.0,0.0,0.0,0.0,0.0,0.0,0.0,0.0,0.0,0.0,0.0,0.0,0.0,0.0,0.0,0.0,0.0,0.0,0.0,0.0,0.0,0.0,0.0,0.0,0.0,0.0,0.0,0.0,999.0,6834.0,0.01,0.0,0.0,0.0,0.0,0.0,7.0
2015-11-20,0.0,0.0,0.0,0.0,0.0,0.0,0.0,0.0,0.0,0.0,0.0,0.0,0.0,0.0,0.0,0.0,0.0,0.0,0.0,0.0,0.0,0.0,0.0,0.0,0.0,0.0,0.0,0.0,0.0,999.0,6736.37,0.01,0.0,0.0,0.0,0.0,0.0,6.9
2015-11-23,0.0,0.0,0.0,0.0,0.0,0.0,0.0,0.0,0.0,0.0,0.0,0.0,0.0,0.0,0.0,0.0,0.0,0.0,0.0,0.0,0.0,0.0,0.0,0.0,0.0,0.0,0.0,0.0,0.0,999.0,6550.87,0.01,0.0,0.0,0.0,0.0,0.0,6.71
2015-11-24,0.0,0.0,0.0,0.0,0.0,0.0,0.0,0.0,0.0,0.0,0.0,0.0,0.0,0.0,0.0,0.0,0.0,0.0,0.0,0.0,0.0,0.0,0.0,0.0,0.0,0.0,0.0,0.0,0.0,999.0,6560.64,0.01,0.0,0.0,0.0,0.0,0.0,6.72
2015-11-25,0.0,0.0,0.0,0.0,0.0,0.0,0.0,0.0,0.0,0.0,0.0,0.0,0.0,0.0,0.0,0.0,0.0,0.0,0.0,0.0,0.0,0.0,0.0,0.0,0.0,0.0,0.0,0.0,0.0,999.0,6541.11,0.01,0.0,0.0,0.0,0.0,0.0,6.7
2015-11-26,0.0,0.0,0.0,0.0,0.0,0.0,0.0,0.0,0.0,0.0,0.0,0.0,0.0,0.0,0.0,0.0,0.0,0.0,0.0,0.0,0.0,0.0,0.0,0.0,0.0,0.0,0.0,0.0,0.0,999.0,6375.14,0.01,0.0,0.0,0.0,0.0,0.0,6.53
2015-11-27,0.0,0.0,0.0,0.0,0.0,0.0,0.0,0.0,0.0,0.0,0.0,0.0,0.0,0.0,0.0,0.0,0.0,0.0,0.0,0.0,0.0,0.0,0.0,0.0,0.0,0.0,0.0,0.0,0.0,999.0,6521.58,0.01,0.0,0.0,0.0,0.0,0.0,6.68
2015-11-30,0.0,0.0,0.0,0.0,0.0,0.0,0.0,0.0,0.0,0.0,0.0,0.0,0.0,0.0,0.0,0.0,0.0,0.0,0.0,0.0,0.0,0.0,0.0,0.0,0.0,0.0,0.0,0.0,0.0,999.0,6668.03,0.01,0.0,0.0,0.0,0.0,0.0,6.83
2015-12-01,0.0,0.0,0.0,0.0,0.0,0.0,0.0,0.0,0.0,0.0,0.0,0.0,0.0,0.0,0.0,0.0,0.0,0.0,0.0,0.0,0.0,0.0,0.0,0.0,0.0,0.0,0.0,0.0,0.0,999.0,6658.26,0.01,0.0,0.0,0.0,0.0,0.0,6.82
2015-12-02,0.0,0.0,0.0,0.0,0.0,0.0,0.0,0.0,0.0,0.0,0.0,0.0,0.0,0.0,0.0,0.0,0.0,0.0,0.0,0.0,0.0,0.0,0.0,0.0,0.0,0.0,0.0,0.0,0.0,999.0,5662.45,0.01,0.0,0.0,0.0,0.0,0.0,5.8
2015-12-03,0.0,0.0,0.0,0.0,0.0,0.0,0.0,0.0,0.0,0.0,0.0,0.0,0.0,0.0,0.0,0.0,0.0,0.0,0.0,0.0,0.0,0.0,0.0,0.0,0.0,0.0,0.0,0.0,0.0,999.0,5359.81,0.01,0.0,0.0,0.0,0.0,0.0,5.49
2015-12-04,0.0,0.0,0.0,0.0,0.0,0.0,0.0,0.0,0.0,0.0,0.0,0.0,0.0,0.0,0.0,0.0,0.0,0.0,0.0,0.0,0.0,0.0,0.0,0.0,0.0,0.0,0.0,0.0,0.0,999.0,5271.94,0.01,0.0,0.0,0.0,0.0,0.0,5.4
2015-12-07,0.0,0.0,0.0,0.0,0.0,0.0,0.0,0.0,0.0,0.0,0.0,0.0,0.0,0.0,0.0,0.0,0.0,0.0,0.0,0.0,0.0,0.0,0.0,0.0,0.0,0.0,0.0,0.0,0.0,999.0,5369.57,0.01,0.0,0.0,0.0,0.0,0.0,5.5
2015-12-08,0.0,0.0,0.0,0.0,0.0,0.0,0.0,0.0,0.0,0.0,0.0,0.0,0.0,0.0,0.0,0.0,0.0,0.0,0.0,0.0,0.0,0.0,0.0,0.0,0.0,0.0,0.0,0.0,0.0,999.0,5467.2,0.01,0.0,0.0,0.0,0.0,0.0,5.6
2015-12-09,0.0,0.0,0.0,0.0,0.0,0.0,0.0,0.0,0.0,0.0,0.0,0.0,0.0,0.0,0.0,0.0,0.0,0.0,0.0,0.0,0.0,0.0,0.0,0.0,0.0,0.0,0.0,0.0,0.0,999.0,5496.49,0.01,0.0,0.0,0.0,0.0,0.0,5.63
2015-12-10,0.0,0.0,0.0,0.0,0.0,0.0,0.0,0.0,0.0,0.0,0.0,0.0,0.0,0.0,0.0,0.0,0.0,0.0,0.0,0.0,0.0,0.0,0.0,0.0,0.0,0.0,0.0,0.0,0.0,999.0,5418.38,0.01,0.0,0.0,0.0,0.0,0.0,5.55
2015-12-11,0.0,0.0,0.0,0.0,0.0,0.0,0.0,0.0,0.0,0.0,0.0,0.0,0.0,0.0,0.0,0.0,0.0,0.0,0.0,0.0,0.0,0.0,0.0,0.0,0.0,0.0,0.0,0.0,0.0,999.0,5369.57,0.01,0.0,0.0,0.0,0.0,0.0,5.5
2015-12-14,0.0,0.0,0.0,0.0,0.0,0.0,0.0,0.0,0.0,0.0,0.0,0.0,0.0,0.0,0.0,0.0,0.0,0.0,0.0,0.0,0.0,0.0,0.0,0.0,0.0,0.0,0.0,0.0,0.0,999.0,5340.28,0.01,0.0,0.0,0.0,0.0,0.0,5.47
2015-12-15,0.0,0.0,0.0,0.0,0.0,0.0,0.0,0.0,0.0,0.0,0.0,0.0,0.0,0.0,0.0,0.0,0.0,0.0,0.0,0.0,0.0,0.0,0.0,0.0,0.0,0.0,0.0,0.0,0.0,999.0,5340.28,0.01,0.0,0.0,0.0,0.0,0.0,5.47
2015-12-16,0.0,0.0,0.0,0.0,0.0,0.0,0.0,0.0,0.0,0.0,0.0,0.0,0.0,0.0,0.0,0.0,0.0,0.0,0.0,0.0,0.0,0.0,0.0,0.0,0.0,0.0,0.0,0.0,0.0,999.0,5340.28,0.01,0.0,0.0,0.0,0.0,0.0,5.47
2015-12-17,0.0,0.0,0.0,0.0,0.0,0.0,0.0,0.0,0.0,0.0,0.0,0.0,0.0,0.0,0.0,0.0,0.0,0.0,0.0,0.0,0.0,0.0,0.0,0.0,0.0,0.0,0.0,0.0,0.0,999.0,5535.54,0.01,0.0,0.0,0.0,0.0,0.0,5.67
2015-12-18,0.0,0.0,0.0,0.0,0.0,0.0,0.0,0.0,0.0,0.0,0.0,0.0,0.0,0.0,0.0,0.0,0.0,0.0,0.0,0.0,0.0,0.0,0.0,0.0,0.0,0.0,0.0,0.0,0.0,999.0,5672.22,0.01,0.0,0.0,0.0,0.0,0.0,5.81
2015-12-21,0.0,0.0,0.0,0.0,0.0,0.0,0.0,0.0,0.0,0.0,0.0,0.0,0.0,0.0,0.0,0.0,0.0,0.0,0.0,0.0,0.0,0.0,0.0,0.0,0.0,0.0,0.0,0.0,0.0,999.0,5662.45,0.01,0.0,0.0,0.0,0.0,0.0,5.8
2015-12-22,0.0,0.0,0.0,0.0,0.0,0.0,0.0,0.0,0.0,0.0,0.0,0.0,0.0,0.0,0.0,0.0,0.0,0.0,0.0,0.0,0.0,0.0,0.0,0.0,0.0,0.0,0.0,0.0,0.0,999.0,5642.93,0.01,0.0,0.0,0.0,0.0,0.0,5.78
2015-12-23,0.0,0.0,0.0,0.0,0.0,0.0,0.0,0.0,0.0,0.0,0.0,0.0,0.0,0.0,0.0,0.0,0.0,0.0,0.0,0.0,0.0,0.0,0.0,0.0,0.0,0.0,0.0,0.0,0.0,999.0,5525.77,0.01,0.0,0.0,0.0,0.0,0.0,5.66
2015-12-24,0.0,0.0,0.0,0.0,0.0,0.0,0.0,0.0,0.0,0.0,0.0,0.0,0.0,0.0,0.0,0.0,0.0,0.0,0.0,0.0,0.0,0.0,0.0,0.0,0.0,0.0,0.0,0.0,0.0,999.0,5467.2,0.01,0.0,0.0,0.0,0.0,0.0,5.6
2015-12-25,0.0,0.0,0.0,0.0,0.0,0.0,0.0,0.0,0.0,0.0,0.0,0.0,0.0,0.0,0.0,0.0,0.0,0.0,0.0,0.0,0.0,0.0,0.0,0.0,0.0,0.0,0.0,0.0,0.0,999.0,5467.2,0.01,0.0,0.0,0.0,0.0,0.0,0.0
2015-12-28,0.0,0.0,0.0,0.0,0.0,0.0,0.0,0.0,0.0,0.0,0.0,0.0,0.0,0.0,0.0,0.0,0.0,0.0,0.0,0.0,0.0,0.0,0.0,0.0,0.0,0.0,0.0,0.0,0.0,999.0,5389.09,0.01,0.0,0.0,0.0,0.0,0.0,5.52
2015-12-29,0.0,0.0,0.0,0.0,0.0,0.0,0.0,0.0,0.0,0.0,0.0,0.0,0.0,0.0,0.0,0.0,0.0,0.0,0.0,0.0,0.0,0.0,0.0,0.0,0.0,0.0,0.0,0.0,0.0,999.0,5467.2,0.01,0.0,0.0,0.0,0.0,0.0,5.6
2015-12-30,0.0,0.0,0.0,0.0,0.0,0.0,0.0,0.0,0.0,0.0,0.0,0.0,0.0,0.0,0.0,0.0,0.0,0.0,0.0,0.0,0.0,0.0,0.0,0.0,0.0,0.0,0.0,0.0,0.0,999.0,5564.83,0.01,0.0,0.0,0.0,0.0,0.0,5.7
2015-12-31,0.0,0.0,0.0,0.0,0.0,0.0,0.0,0.0,0.0,0.0,0.0,0.0,0.0,0.0,0.0,0.0,0.0,0.0,0.0,0.0,0.0,0.0,0.0,0.0,0.0,0.0,0.0,0.0,0.0,999.0,5564.83,0.01,0.0,0.0,0.0,0.0,0.0,5.7
2016-01-01,0.0,0.0,0.0,0.0,0.0,0.0,0.0,0.0,0.0,0.0,0.0,0.0,0.0,0.0,0.0,0.0,0.0,0.0,0.0,0.0,0.0,0.0,0.0,0.0,0.0,0.0,0.0,0.0,0.0,999.0,5564.83,0.01,0.0,0.0,0.0,0.0,0.0,0.0
2016-01-04,0.0,0.0,0.0,0.0,0.0,0.0,0.0,0.0,0.0,0.0,0.0,0.0,0.0,0.0,0.0,0.0,0.0,0.0,0.0,0.0,0.0,0.0,0.0,0.0,0.0,0.0,0.0,0.0,0.0,999.0,5564.83,0.01,0.0,0.0,0.0,0.0,0.0,5.7
2016-01-05,0.0,0.0,0.0,0.0,0.0,0.0,0.0,0.0,0.0,0.0,0.0,0.0,0.0,0.0,0.0,0.0,0.0,0.0,0.0,0.0,0.0,0.0,0.0,0.0,0.0,0.0,0.0,0.0,0.0,999.0,5564.83,0.01,0.0,0.0,0.0,0.0,0.0,5.7
2016-01-06,0.0,0.0,0.0,0.0,0.0,0.0,0.0,0.0,0.0,0.0,0.0,0.0,0.0,0.0,0.0,0.0,0.0,0.0,0.0,0.0,0.0,0.0,0.0,0.0,0.0,0.0,0.0,0.0,0.0,999.0,5369.57,0.01,0.0,0.0,0.0,0.0,0.0,5.5
2016-01-07,0.0,0.0,0.0,0.0,0.0,0.0,0.0,0.0,0.0,0.0,0.0,0.0,0.0,0.0,0.0,0.0,0.0,0.0,0.0,0.0,0.0,0.0,0.0,0.0,0.0,0.0,0.0,0.0,0.0,999.0,5359.81,0.01,0.0,0.0,0.0,0.0,0.0,5.49
2016-01-08,0.0,0.0,0.0,0.0,0.0,0.0,0.0,0.0,0.0,0.0,0.0,0.0,0.0,0.0,0.0,0.0,0.0,0.0,0.0,0.0,0.0,0.0,0.0,0.0,0.0,0.0,0.0,0.0,0.0,999.0,5271.94,0.01,0.0,0.0,0.0,0.0,0.0,5.4
2016-01-11,0.0,0.0,0.0,0.0,0.0,0.0,0.0,0.0,0.0,0.0,0.0,0.0,0.0,0.0,0.0,0.0,0.0,0.0,0.0,0.0,0.0,0.0,0.0,0.0,0.0,0.0,0.0,0.0,0.0,999.0,5369.57,0.01,0.0,0.0,0.0,0.0,0.0,5.5
2016-01-12,0.0,0.0,0.0,0.0,0.0,0.0,0.0,0.0,0.0,0.0,0.0,0.0,0.0,0.0,0.0,0.0,0.0,0.0,0.0,0.0,0.0,0.0,0.0,0.0,0.0,0.0,0.0,0.0,0.0,999.0,5359.81,0.01,0.0,0.0,0.0,0.0,0.0,5.49
2016-01-13,0.0,0.0,0.0,0.0,0.0,0.0,0.0,0.0,0.0,0.0,0.0,0.0,0.0,0.0,0.0,0.0,0.0,0.0,0.0,0.0,0.0,0.0,0.0,0.0,0.0,0.0,0.0,0.0,0.0,999.0,5369.57,0.01,0.0,0.0,0.0,0.0,0.0,5.5
2016-01-14,0.0,0.0,0.0,0.0,0.0,0.0,0.0,0.0,0.0,0.0,0.0,0.0,0.0,0.0,0.0,0.0,0.0,0.0,0.0,0.0,0.0,0.0,0.0,0.0,0.0,0.0,0.0,0.0,0.0,999.0,5369.57,0.01,0.0,0.0,0.0,0.0,0.0,5.5
2016-01-15,0.0,0.0,0.0,0.0,0.0,0.0,0.0,0.0,0.0,0.0,0.0,0.0,0.0,0.0,0.0,0.0,0.0,0.0,0.0,0.0,0.0,0.0,0.0,0.0,0.0,0.0,0.0,0.0,0.0,999.0,5008.34,0.01,0.0,0.0,0.0,0.0,0.0,5.13
2016-01-18,0.0,0.0,0.0,0.0,0.0,0.0,0.0,0.0,0.0,0.0,0.0,0.0,0.0,0.0,0.0,0.0,0.0,0.0,0.0,0.0,0.0,0.0,0.0,0.0,0.0,0.0,0.0,0.0,0.0,999.0,5271.94,0.01,0.0,0.0,0.0,0.0,0.0,5.4
2016-01-19,0.0,0.0,0.0,0.0,0.0,0.0,0.0,0.0,0.0,0.0,0.0,0.0,0.0,0.0,0.0,0.0,0.0,0.0,0.0,0.0,0.0,0.0,0.0,0.0,0.0,0.0,0.0,0.0,0.0,999.0,5262.18,0.01,0.0,0.0,0.0,0.0,0.0,5.39
2016-01-20,0.0,0.0,0.0,0.0,0.0,0.0,0.0,0.0,0.0,0.0,0.0,0.0,0.0,0.0,0.0,0.0,0.0,0.0,0.0,0.0,0.0,0.0,0.0,0.0,0.0,0.0,0.0,0.0,0.0,999.0,5262.18,0.01,0.0,0.0,0.0,0.0,0.0,5.39
2016-01-21,0.0,0.0,0.0,0.0,0.0,0.0,0.0,0.0,0.0,0.0,0.0,0.0,0.0,0.0,0.0,0.0,0.0,0.0,0.0,0.0,0.0,0.0,0.0,0.0,0.0,0.0,0.0,0.0,0.0,999.0,5174.31,0.01,0.0,0.0,0.0,0.0,0.0,5.3
2016-01-22,0.0,0.0,0.0,0.0,0.0,0.0,0.0,0.0,0.0,0.0,0.0,0.0,0.0,0.0,0.0,0.0,0.0,0.0,0.0,0.0,0.0,0.0,0.0,0.0,0.0,0.0,0.0,0.0,0.0,999.0,5603.88,0.01,0.0,0.0,0.0,0.0,0.0,5.74
2016-01-25,0.0,0.0,0.0,0.0,0.0,0.0,0.0,0.0,0.0,0.0,0.0,0.0,0.0,0.0,0.0,0.0,0.0,0.0,0.0,0.0,0.0,0.0,0.0,0.0,0.0,0.0,0.0,0.0,0.0,999.0,5174.31,0.01,0.0,0.0,0.0,0.0,0.0,5.3
2016-01-26,0.0,0.0,0.0,0.0,0.0,0.0,0.0,0.0,0.0,0.0,0.0,0.0,0.0,0.0,0.0,0.0,0.0,0.0,0.0,0.0,0.0,0.0,0.0,0.0,0.0,0.0,0.0,0.0,0.0,999.0,5271.94,0.01,0.0,0.0,0.0,0.0,0.0,5.4
2016-01-27,0.0,0.0,0.0,0.0,0.0,0.0,0.0,0.0,0.0,0.0,0.0,0.0,0.0,0.0,0.0,0.0,0.0,0.0,0.0,0.0,0.0,0.0,0.0,0.0,0.0,0.0,0.0,0.0,0.0,999.0,5076.68,0.01,0.0,0.0,0.0,0.0,0.0,5.2
2016-01-28,0.0,0.0,0.0,0.0,0.0,0.0,0.0,0.0,0.0,0.0,0.0,0.0,0.0,0.0,0.0,0.0,0.0,0.0,0.0,0.0,0.0,0.0,0.0,0.0,0.0,0.0,0.0,0.0,0.0,999.0,4979.05,0.01,0.0,0.0,0.0,0.0,0.0,5.1
2016-01-29,0.0,0.0,0.0,0.0,0.0,0.0,0.0,0.0,0.0,0.0,0.0,0.0,0.0,0.0,0.0,0.0,0.0,0.0,0.0,0.0,0.0,0.0,0.0,0.0,0.0,0.0,0.0,0.0,0.0,999.0,5018.11,0.01,0.0,0.0,0.0,0.0,0.0,5.14
2016-02-01,0.0,0.0,0.0,0.0,0.0,0.0,0.0,0.0,0.0,0.0,0.0,0.0,0.0,0.0,0.0,0.0,0.0,0.0,0.0,0.0,0.0,0.0,0.0,0.0,0.0,0.0,0.0,0.0,0.0,999.0,5066.92,0.01,0.0,0.0,0.0,0.0,0.0,5.19
2016-02-02,0.0,0.0,0.0,0.0,0.0,0.0,0.0,0.0,0.0,0.0,0.0,0.0,0.0,0.0,0.0,0.0,0.0,0.0,0.0,0.0,0.0,0.0,0.0,0.0,0.0,0.0,0.0,0.0,0.0,999.0,4979.05,0.01,0.0,0.0,0.0,0.0,0.0,5.1
2016-02-03,0.0,0.0,0.0,0.0,0.0,0.0,0.0,0.0,0.0,0.0,0.0,0.0,0.0,0.0,0.0,0.0,0.0,0.0,0.0,0.0,0.0,0.0,0.0,0.0,0.0,0.0,0.0,0.0,0.0,999.0,5076.68,0.01,0.0,0.0,0.0,0.0,0.0,5.2
2016-02-04,0.0,0.0,0.0,0.0,0.0,0.0,0.0,0.0,0.0,0.0,0.0,0.0,0.0,0.0,0.0,0.0,0.0,0.0,0.0,0.0,0.0,0.0,0.0,0.0,0.0,0.0,0.0,0.0,0.0,999.0,5174.31,0.01,0.0,0.0,0.0,0.0,0.0,5.3
2016-02-05,0.0,0.0,0.0,0.0,0.0,0.0,0.0,0.0,0.0,0.0,0.0,0.0,0.0,0.0,0.0,0.0,0.0,0.0,0.0,0.0,0.0,0.0,0.0,0.0,0.0,0.0,0.0,0.0,0.0,999.0,5359.81,0.01,0.0,0.0,0.0,0.0,0.0,5.49
2016-02-08,0.0,0.0,0.0,0.0,0.0,0.0,0.0,0.0,0.0,0.0,0.0,0.0,0.0,0.0,0.0,0.0,0.0,0.0,0.0,0.0,0.0,0.0,0.0,0.0,0.0,0.0,0.0,0.0,0.0,999.0,5154.79,0.01,0.0,0.0,0.0,0.0,0.0,5.28
2016-02-09,0.0,0.0,0.0,0.0,0.0,0.0,0.0,0.0,0.0,0.0,0.0,0.0,0.0,0.0,0.0,0.0,0.0,0.0,0.0,0.0,0.0,0.0,0.0,0.0,0.0,0.0,0.0,0.0,0.0,999.0,4705.69,0.01,0.0,0.0,0.0,0.0,0.0,4.82
2016-02-10,0.0,0.0,0.0,0.0,0.0,0.0,0.0,0.0,0.0,0.0,0.0,0.0,0.0,0.0,0.0,0.0,0.0,0.0,0.0,0.0,0.0,0.0,0.0,0.0,0.0,0.0,0.0,0.0,0.0,999.0,4734.98,0.0,0.0,0.0,0.0,0.0,0.0,4.85
2016-02-11,0.0,0.0,0.0,0.0,0.0,0.0,0.0,0.0,0.0,0.0,0.0,0.0,0.0,0.0,0.0,0.0,0.0,0.0,0.0,0.0,0.0,0.0,0.0,0.0,0.0,0.0,0.0,0.0,0.0,999.0,4695.93,0.0,0.0,0.0,0.0,0.0,0.0,4.81
2016-02-12,0.0,0.0,0.0,0.0,0.0,0.0,0.0,0.0,0.0,0.0,0.0,0.0,0.0,0.0,0.0,0.0,0.0,0.0,0.0,0.0,0.0,0.0,0.0,0.0,0.0,0.0,0.0,0.0,0.0,999.0,4647.12,0.0,0.0,0.0,0.0,0.0,0.0,4.76
2016-02-15,0.0,0.0,0.0,0.0,0.0,0.0,0.0,0.0,0.0,0.0,0.0,0.0,0.0,0.0,0.0,0.0,0.0,0.0,0.0,0.0,0.0,0.0,0.0,0.0,0.0,0.0,0.0,0.0,0.0,999.0,4686.17,0.0,0.0,0.0,0.0,0.0,0.0,4.8
2016-02-16,0.0,0.0,0.0,0.0,0.0,0.0,0.0,0.0,0.0,0.0,0.0,0.0,0.0,0.0,0.0,0.0,0.0,0.0,0.0,0.0,0.0,0.0,0.0,0.0,0.0,0.0,0.0,0.0,0.0,999.0,4783.8,0.0,0.0,0.0,0.0,0.0,0.0,4.9
2016-02-17,0.0,0.0,0.0,0.0,0.0,0.0,0.0,0.0,0.0,0.0,0.0,0.0,0.0,0.0,0.0,0.0,0.0,0.0,0.0,0.0,0.0,0.0,0.0,0.0,0.0,0.0,0.0,0.0,0.0,999.0,5174.31,0.0,0.0,0.0,0.0,0.0,0.0,5.3
2016-02-18,0.0,0.0,0.0,0.0,0.0,0.0,0.0,0.0,0.0,0.0,0.0,0.0,0.0,0.0,0.0,0.0,0.0,0.0,0.0,0.0,0.0,0.0,0.0,0.0,0.0,0.0,0.0,0.0,0.0,999.0,5174.31,0.01,0.0,0.0,0.0,0.0,0.0,5.3
2016-02-19,0.0,0.0,0.0,0.0,0.0,0.0,0.0,0.0,0.0,0.0,0.0,0.0,0.0,0.0,0.0,0.0,0.0,0.0,0.0,0.0,0.0,0.0,0.0,0.0,0.0,0.0,0.0,0.0,0.0,999.0,5174.31,0.01,0.0,0.0,0.0,0.0,0.0,5.3
2016-02-22,0.0,0.0,0.0,0.0,0.0,0.0,0.0,0.0,0.0,0.0,0.0,0.0,0.0,0.0,0.0,0.0,0.0,0.0,0.0,0.0,0.0,0.0,0.0,0.0,0.0,0.0,0.0,0.0,0.0,999.0,4871.66,0.01,0.0,0.0,0.0,0.0,0.0,4.99
2016-02-23,0.0,0.0,0.0,0.0,0.0,0.0,0.0,0.0,0.0,0.0,0.0,0.0,0.0,0.0,0.0,0.0,0.0,0.0,0.0,0.0,0.0,0.0,0.0,0.0,0.0,0.0,0.0,0.0,0.0,999.0,4979.05,0.01,0.0,0.0,0.0,0.0,0.0,5.1
2016-02-24,0.0,0.0,0.0,0.0,0.0,0.0,0.0,0.0,0.0,0.0,0.0,0.0,0.0,0.0,0.0,0.0,0.0,0.0,0.0,0.0,0.0,0.0,0.0,0.0,0.0,0.0,0.0,0.0,0.0,999.0,4881.43,0.01,0.0,0.0,0.0,0.0,0.0,5.0
2016-02-25,0.0,0.0,0.0,0.0,0.0,0.0,0.0,0.0,0.0,0.0,0.0,0.0,0.0,0.0,0.0,0.0,0.0,0.0,0.0,0.0,0.0,0.0,0.0,0.0,0.0,0.0,0.0,0.0,0.0,999.0,4783.8,0.01,0.0,0.0,0.0,0.0,0.0,4.9
2016-02-26,0.0,0.0,0.0,0.0,0.0,0.0,0.0,0.0,0.0,0.0,0.0,0.0,0.0,0.0,0.0,0.0,0.0,0.0,0.0,0.0,0.0,0.0,0.0,0.0,0.0,0.0,0.0,0.0,0.0,999.0,5145.02,0.0,0.0,0.0,0.0,0.0,0.0,5.27
2016-02-29,0.0,0.0,0.0,0.0,0.0,0.0,0.0,0.0,0.0,0.0,0.0,0.0,0.0,0.0,0.0,0.0,0.0,0.0,0.0,0.0,0.0,0.0,0.0,0.0,0.0,0.0,0.0,0.0,0.0,999.0,5271.94,0.01,0.0,0.0,0.0,0.0,0.0,5.4
2016-03-01,0.0,0.0,0.0,0.0,0.0,0.0,0.0,0.0,0.0,0.0,0.0,0.0,0.0,0.0,0.0,0.0,0.0,0.0,0.0,0.0,0.0,0.0,0.0,0.0,0.0,0.0,0.0,0.0,0.0,999.0,5145.02,0.01,0.0,0.0,0.0,0.0,0.0,5.27
2016-03-02,0.0,0.0,0.0,0.0,0.0,0.0,0.0,0.0,0.0,0.0,0.0,0.0,0.0,0.0,0.0,0.0,0.0,0.0,0.0,0.0,0.0,0.0,0.0,0.0,0.0,0.0,0.0,0.0,0.0,999.0,5359.81,0.01,0.0,0.0,0.0,0.0,0.0,5.49
2016-03-03,0.0,0.0,0.0,0.0,0.0,0.0,0.0,0.0,0.0,0.0,0.0,0.0,0.0,0.0,0.0,0.0,0.0,0.0,0.0,0.0,0.0,0.0,0.0,0.0,0.0,0.0,0.0,0.0,0.0,999.0,5271.94,0.01,0.0,0.0,0.0,0.0,0.0,5.4
2016-03-04,0.0,0.0,0.0,0.0,0.0,0.0,0.0,0.0,0.0,0.0,0.0,0.0,0.0,0.0,0.0,0.0,0.0,0.0,0.0,0.0,0.0,0.0,0.0,0.0,0.0,0.0,0.0,0.0,0.0,999.0,5174.31,0.01,0.0,0.0,0.0,0.0,0.0,5.3
2016-03-07,0.0,0.0,0.0,0.0,0.0,0.0,0.0,0.0,0.0,0.0,0.0,0.0,0.0,0.0,0.0,0.0,0.0,0.0,0.0,0.0,0.0,0.0,0.0,0.0,0.0,0.0,0.0,0.0,0.0,999.0,5105.97,0.01,0.0,0.0,0.0,0.0,0.0,5.23
2016-03-08,0.0,0.0,0.0,0.0,0.0,0.0,0.0,0.0,0.0,0.0,0.0,0.0,0.0,0.0,0.0,0.0,0.0,0.0,0.0,0.0,0.0,0.0,0.0,0.0,0.0,0.0,0.0,0.0,0.0,999.0,4979.05,0.01,0.0,0.0,0.0,0.0,0.0,5.1
2016-03-09,0.0,0.0,0.0,0.0,0.0,0.0,0.0,0.0,0.0,0.0,0.0,0.0,0.0,0.0,0.0,0.0,0.0,0.0,0.0,0.0,0.0,0.0,0.0,0.0,0.0,0.0,0.0,0.0,0.0,999.0,5076.68,0.01,0.0,0.0,0.0,0.0,0.0,5.2
2016-03-10,0.0,0.0,0.0,0.0,0.0,0.0,0.0,0.0,0.0,0.0,0.0,0.0,0.0,0.0,0.0,0.0,0.0,0.0,0.0,0.0,0.0,0.0,0.0,0.0,0.0,0.0,0.0,0.0,0.0,999.0,5076.68,0.01,0.0,0.0,0.0,0.0,0.0,5.2
2016-03-11,0.0,0.0,0.0,0.0,0.0,0.0,0.0,0.0,0.0,0.0,0.0,0.0,0.0,0.0,0.0,0.0,0.0,0.0,0.0,0.0,0.0,0.0,0.0,0.0,0.0,0.0,0.0,0.0,0.0,999.0,5467.2,0.01,0.0,0.0,0.0,0.0,0.0,5.6
2016-03-14,0.0,0.0,0.0,0.0,0.0,0.0,0.0,0.0,0.0,0.0,0.0,0.0,0.0,0.0,0.0,0.0,0.0,0.0,0.0,0.0,0.0,0.0,0.0,0.0,0.0,0.0,0.0,0.0,0.0,999.0,5467.2,0.01,0.0,0.0,0.0,0.0,0.0,5.6
2016-03-15,0.0,0.0,0.0,0.0,0.0,0.0,0.0,0.0,0.0,0.0,0.0,0.0,0.0,0.0,0.0,0.0,0.0,0.0,0.0,0.0,0.0,0.0,0.0,0.0,0.0,0.0,0.0,0.0,0.0,999.0,5467.2,0.01,0.0,0.0,0.0,0.0,0.0,5.6
2016-03-16,0.0,0.0,0.0,0.0,0.0,0.0,0.0,0.0,0.0,0.0,0.0,0.0,0.0,0.0,0.0,0.0,0.0,0.0,0.0,0.0,0.0,0.0,0.0,0.0,0.0,0.0,0.0,0.0,0.0,999.0,5467.2,0.01,0.0,0.0,0.0,0.0,0.0,5.6
2016-03-17,0.0,0.0,0.0,0.0,0.0,0.0,0.0,0.0,0.0,0.0,0.0,0.0,0.0,0.0,0.0,0.0,0.0,0.0,0.0,0.0,0.0,0.0,0.0,0.0,0.0,0.0,0.0,0.0,0.0,999.0,5467.2,0.01,0.0,0.0,0.0,0.0,0.0,5.6
2016-03-18,0.0,0.0,0.0,0.0,0.0,0.0,0.0,0.0,0.0,0.0,0.0,0.0,0.0,0.0,0.0,0.0,0.0,0.0,0.0,0.0,0.0,0.0,0.0,0.0,0.0,0.0,0.0,0.0,0.0,999.0,5564.83,0.01,0.0,0.0,0.0,0.0,0.0,5.7
2016-03-21,0.0,0.0,0.0,0.0,0.0,0.0,0.0,0.0,0.0,0.0,0.0,0.0,0.0,0.0,0.0,0.0,0.0,0.0,0.0,0.0,0.0,0.0,0.0,0.0,0.0,0.0,0.0,0.0,0.0,999.0,5369.57,0.01,0.0,0.0,0.0,0.0,0.0,5.5
2016-03-22,0.0,0.0,0.0,0.0,0.0,0.0,0.0,0.0,0.0,0.0,0.0,0.0,0.0,0.0,0.0,0.0,0.0,0.0,0.0,0.0,0.0,0.0,0.0,0.0,0.0,0.0,0.0,0.0,0.0,999.0,5369.57,0.01,0.0,0.0,0.0,0.0,0.0,5.5
2016-03-23,0.0,0.0,0.0,0.0,0.0,0.0,0.0,0.0,0.0,0.0,0.0,0.0,0.0,0.0,0.0,0.0,0.0,0.0,0.0,0.0,0.0,0.0,0.0,0.0,0.0,0.0,0.0,0.0,0.0,999.0,5271.94,0.01,0.0,0.0,0.0,0.0,0.0,5.4
2016-03-24,0.0,0.0,0.0,0.0,0.0,0.0,0.0,0.0,0.0,0.0,0.0,0.0,0.0,0.0,0.0,0.0,0.0,0.0,0.0,0.0,0.0,0.0,0.0,0.0,0.0,0.0,0.0,0.0,0.0,999.0,5271.94,0.01,0.0,0.0,0.0,0.0,0.0,5.4
2016-03-25,0.0,0.0,0.0,0.0,0.0,0.0,0.0,0.0,0.0,0.0,0.0,0.0,0.0,0.0,0.0,0.0,0.0,0.0,0.0,0.0,0.0,0.0,0.0,0.0,0.0,0.0,0.0,0.0,0.0,999.0,5271.94,0.01,0.0,0.0,0.0,0.0,0.0,0.0
2016-03-28,0.0,0.0,0.0,0.0,0.0,0.0,0.0,0.0,0.0,0.0,0.0,0.0,0.0,0.0,0.0,0.0,0.0,0.0,0.0,0.0,0.0,0.0,0.0,0.0,0.0,0.0,0.0,0.0,0.0,999.0,5271.94,0.01,0.0,0.0,0.0,0.0,0.0,0.0
2016-03-29,0.0,0.0,0.0,0.0,0.0,0.0,0.0,0.0,0.0,0.0,0.0,0.0,0.0,0.0,0.0,0.0,0.0,0.0,0.0,0.0,0.0,0.0,0.0,0.0,0.0,0.0,0.0,0.0,0.0,999.0,5057.16,0.01,0.0,0.0,0.0,0.0,0.0,5.18
2016-03-30,0.0,0.0,0.0,0.0,0.0,0.0,0.0,0.0,0.0,0.0,0.0,0.0,0.0,0.0,0.0,0.0,0.0,0.0,0.0,0.0,0.0,0.0,0.0,0.0,0.0,0.0,0.0,0.0,0.0,999.0,5252.41,0.01,0.0,0.0,0.0,0.0,0.0,5.38
2016-03-31,0.0,0.0,0.0,0.0,0.0,0.0,0.0,0.0,0.0,0.0,0.0,0.0,0.0,0.0,0.0,0.0,0.0,0.0,0.0,0.0,0.0,0.0,0.0,0.0,0.0,0.0,0.0,0.0,0.0,999.0,5252.41,0.01,0.0,0.0,0.0,0.0,0.0,5.38
2016-04-01,0.0,0.0,0.0,0.0,0.0,0.0,0.0,0.0,0.0,0.0,0.0,0.0,0.0,0.0,0.0,0.0,0.0,0.0,0.0,0.0,0.0,0.0,0.0,0.0,0.0,0.0,0.0,0.0,0.0,999.0,5252.41,0.01,0.0,0.0,0.0,0.0,0.0,5.38
2016-04-04,0.0,0.0,0.0,0.0,0.0,0.0,0.0,0.0,0.0,0.0,0.0,0.0,0.0,0.0,0.0,0.0,0.0,0.0,0.0,0.0,0.0,0.0,0.0,0.0,0.0,0.0,0.0,0.0,0.0,999.0,5252.41,0.01,0.0,0.0,0.0,0.0,0.0,5.38
2016-04-05,0.0,0.0,0.0,0.0,0.0,0.0,0.0,0.0,0.0,0.0,0.0,0.0,0.0,0.0,0.0,0.0,0.0,0.0,0.0,0.0,0.0,0.0,0.0,0.0,0.0,0.0,0.0,0.0,0.0,999.0,5271.94,0.01,0.0,0.0,0.0,0.0,0.0,5.4
2016-04-06,0.0,0.0,0.0,0.0,0.0,0.0,0.0,0.0,0.0,0.0,0.0,0.0,0.0,0.0,0.0,0.0,0.0,0.0,0.0,0.0,0.0,0.0,0.0,0.0,0.0,0.0,0.0,0.0,0.0,999.0,5271.94,0.01,0.0,0.0,0.0,0.0,0.0,5.4
2016-04-07,0.0,0.0,0.0,0.0,0.0,0.0,0.0,0.0,0.0,0.0,0.0,0.0,0.0,0.0,0.0,0.0,0.0,0.0,0.0,0.0,0.0,0.0,0.0,0.0,0.0,0.0,0.0,0.0,0.0,999.0,5174.31,0.01,0.0,0.0,0.0,0.0,0.0,5.3
2016-04-08,0.0,0.0,0.0,0.0,0.0,0.0,0.0,0.0,0.0,0.0,0.0,0.0,0.0,0.0,0.0,0.0,0.0,0.0,0.0,0.0,0.0,0.0,0.0,0.0,0.0,0.0,0.0,0.0,0.0,999.0,5262.18,0.01,0.0,0.0,0.0,0.0,0.0,5.39
2016-04-11,0.0,0.0,0.0,0.0,0.0,0.0,0.0,0.0,0.0,0.0,0.0,0.0,0.0,0.0,0.0,0.0,0.0,0.0,0.0,0.0,0.0,0.0,0.0,0.0,0.0,0.0,0.0,0.0,0.0,999.0,5271.94,0.01,0.0,0.0,0.0,0.0,0.0,5.4
2016-04-12,0.0,0.0,0.0,0.0,0.0,0.0,0.0,0.0,0.0,0.0,0.0,0.0,0.0,0.0,0.0,0.0,0.0,0.0,0.0,0.0,0.0,0.0,0.0,0.0,0.0,0.0,0.0,0.0,0.0,999.0,5262.18,0.01,0.0,0.0,0.0,0.0,0.0,5.39
2016-04-13,0.0,0.0,0.0,0.0,0.0,0.0,0.0,0.0,0.0,0.0,0.0,0.0,0.0,0.0,0.0,0.0,0.0,0.0,0.0,0.0,0.0,0.0,0.0,0.0,0.0,0.0,0.0,0.0,0.0,999.0,5174.31,0.01,0.0,0.0,0.0,0.0,0.0,5.3
2016-04-14,0.0,0.0,0.0,0.0,0.0,0.0,0.0,0.0,0.0,0.0,0.0,0.0,0.0,0.0,0.0,0.0,0.0,0.0,0.0,0.0,0.0,0.0,0.0,0.0,0.0,0.0,0.0,0.0,0.0,999.0,5252.41,0.01,0.0,0.0,0.0,0.0,0.0,5.38
2016-04-15,0.0,0.0,0.0,0.0,0.0,0.0,0.0,0.0,0.0,0.0,0.0,0.0,0.0,0.0,0.0,0.0,0.0,0.0,0.0,0.0,0.0,0.0,0.0,0.0,0.0,0.0,0.0,0.0,0.0,999.0,5252.41,0.01,0.0,0.0,0.0,0.0,0.0,5.38
2016-04-18,0.0,0.0,0.0,0.0,0.0,0.0,0.0,0.0,0.0,0.0,0.0,0.0,0.0,0.0,0.0,0.0,0.0,0.0,0.0,0.0,0.0,0.0,0.0,0.0,0.0,0.0,0.0,0.0,0.0,999.0,5281.7,0.01,0.0,0.0,0.0,0.0,0.0,5.41
2016-04-19,0.0,0.0,0.0,0.0,0.0,0.0,0.0,0.0,0.0,0.0,0.0,0.0,0.0,0.0,0.0,0.0,0.0,0.0,0.0,0.0,0.0,0.0,0.0,0.0,0.0,0.0,0.0,0.0,0.0,999.0,5564.83,0.01,0.0,0.0,0.0,0.0,0.0,5.7
2016-04-20,0.0,0.0,0.0,0.0,0.0,0.0,0.0,0.0,0.0,0.0,0.0,0.0,0.0,0.0,0.0,0.0,0.0,0.0,0.0,0.0,0.0,0.0,0.0,0.0,0.0,0.0,0.0,0.0,0.0,999.0,5369.57,0.01,0.0,0.0,0.0,0.0,0.0,5.5
2016-04-21,0.0,0.0,0.0,0.0,0.0,0.0,0.0,0.0,0.0,0.0,0.0,0.0,0.0,0.0,0.0,0.0,0.0,0.0,0.0,0.0,0.0,0.0,0.0,0.0,0.0,0.0,0.0,0.0,0.0,999.0,5379.33,0.01,0.0,0.0,0.0,0.0,0.0,5.51
2016-04-22,0.0,0.0,0.0,0.0,0.0,0.0,0.0,0.0,0.0,0.0,0.0,0.0,0.0,0.0,0.0,0.0,0.0,0.0,0.0,0.0,0.0,0.0,0.0,0.0,0.0,0.0,0.0,0.0,0.0,999.0,5564.83,0.01,0.0,0.0,0.0,0.0,0.0,5.7
2016-04-25,0.0,0.0,0.0,0.0,0.0,0.0,0.0,0.0,0.0,0.0,0.0,0.0,0.0,0.0,0.0,0.0,0.0,0.0,0.0,0.0,0.0,0.0,0.0,0.0,0.0,0.0,0.0,0.0,0.0,999.0,5525.77,0.01,0.0,0.0,0.0,0.0,0.0,5.66
2016-04-26,0.0,0.0,0.0,0.0,0.0,0.0,0.0,0.0,0.0,0.0,0.0,0.0,0.0,0.0,0.0,0.0,0.0,0.0,0.0,0.0,0.0,0.0,0.0,0.0,0.0,0.0,0.0,0.0,0.0,999.0,5525.77,0.01,0.0,0.0,0.0,0.0,0.0,5.66
2016-04-27,0.0,0.0,0.0,0.0,0.0,0.0,0.0,0.0,0.0,0.0,0.0,0.0,0.0,0.0,0.0,0.0,0.0,0.0,0.0,0.0,0.0,0.0,0.0,0.0,0.0,0.0,0.0,0.0,0.0,999.0,5525.77,0.01,0.0,0.0,0.0,0.0,0.0,5.66
2016-04-28,0.0,0.0,0.0,0.0,0.0,0.0,0.0,0.0,0.0,0.0,0.0,0.0,0.0,0.0,0.0,0.0,0.0,0.0,0.0,0.0,0.0,0.0,0.0,0.0,0.0,0.0,0.0,0.0,0.0,999.0,5467.2,0.01,0.0,0.0,0.0,0.0,0.0,5.6
2016-04-29,0.0,0.0,0.0,0.0,0.0,0.0,0.0,0.0,0.0,0.0,0.0,0.0,0.0,0.0,0.0,0.0,0.0,0.0,0.0,0.0,0.0,0.0,0.0,0.0,0.0,0.0,0.0,0.0,0.0,999.0,5447.67,0.01,0.0,0.0,0.0,0.0,0.0,5.58
2016-05-02,0.0,0.0,0.0,0.0,0.0,0.0,0.0,0.0,0.0,0.0,0.0,0.0,0.0,0.0,0.0,0.0,0.0,0.0,0.0,0.0,0.0,0.0,0.0,0.0,0.0,0.0,0.0,0.0,0.0,999.0,7224.51,0.01,0.0,0.0,0.0,0.0,0.0,7.4
2016-05-03,0.0,0.0,0.0,0.0,0.0,0.0,0.0,0.0,0.0,0.0,0.0,0.0,0.0,0.0,0.0,0.0,0.0,0.0,0.0,0.0,0.0,0.0,0.0,0.0,0.0,0.0,0.0,0.0,0.0,999.0,7654.08,0.01,0.0,0.0,0.0,0.0,0.0,7.84
2016-05-04,0.0,0.0,0.0,0.0,0.0,0.0,0.0,0.0,0.0,0.0,0.0,0.0,0.0,0.0,0.0,0.0,0.0,0.0,0.0,0.0,0.0,0.0,0.0,0.0,0.0,0.0,0.0,0.0,0.0,999.0,7214.75,0.01,0.0,0.0,0.0,0.0,0.0,7.39
2016-05-05,0.0,0.0,0.0,0.0,0.0,0.0,0.0,0.0,0.0,0.0,0.0,0.0,0.0,0.0,0.0,0.0,0.0,0.0,0.0,0.0,0.0,0.0,0.0,0.0,0.0,0.0,0.0,0.0,0.0,999.0,7322.14,0.01,0.0,0.0,0.0,0.0,0.0,7.5
2016-05-06,0.0,0.0,0.0,0.0,0.0,0.0,0.0,0.0,0.0,0.0,0.0,0.0,0.0,0.0,0.0,0.0,0.0,0.0,0.0,0.0,0.0,0.0,0.0,0.0,0.0,0.0,0.0,0.0,0.0,999.0,7009.73,0.01,0.0,0.0,0.0,0.0,0.0,7.18
2016-05-09,0.0,0.0,0.0,0.0,0.0,0.0,0.0,0.0,0.0,0.0,0.0,0.0,0.0,0.0,0.0,0.0,0.0,0.0,0.0,0.0,0.0,0.0,0.0,0.0,0.0,0.0,0.0,0.0,0.0,999.0,7468.58,0.01,0.0,0.0,0.0,0.0,0.0,7.65
2016-05-10,0.0,0.0,0.0,0.0,0.0,0.0,0.0,0.0,0.0,0.0,0.0,0.0,0.0,0.0,0.0,0.0,0.0,0.0,0.0,0.0,0.0,0.0,0.0,0.0,0.0,0.0,0.0,0.0,0.0,999.0,7419.77,0.01,0.0,0.0,0.0,0.0,0.0,7.6
2016-05-11,0.0,0.0,0.0,0.0,0.0,0.0,0.0,0.0,0.0,0.0,0.0,0.0,0.0,0.0,0.0,0.0,0.0,0.0,0.0,0.0,0.0,0.0,0.0,0.0,0.0,0.0,0.0,0.0,0.0,999.0,7693.13,0.01,0.0,0.0,0.0,0.0,0.0,7.88
2016-05-12,0.0,0.0,0.0,0.0,0.0,0.0,0.0,0.0,0.0,0.0,0.0,0.0,0.0,0.0,0.0,0.0,0.0,0.0,0.0,0.0,0.0,0.0,0.0,0.0,0.0,0.0,0.0,0.0,0.0,999.0,7722.42,0.01,0.0,0.0,0.0,0.0,0.0,7.91
2016-05-13,0.0,0.0,0.0,0.0,0.0,0.0,0.0,0.0,0.0,0.0,0.0,0.0,0.0,0.0,0.0,0.0,0.0,0.0,0.0,0.0,0.0,0.0,0.0,0.0,0.0,0.0,0.0,0.0,0.0,999.0,7907.91,0.01,0.0,0.0,0.0,0.0,0.0,8.1
2016-05-16,0.0,0.0,0.0,0.0,0.0,0.0,0.0,0.0,0.0,0.0,0.0,0.0,0.0,0.0,0.0,0.0,0.0,0.0,0.0,0.0,0.0,0.0,0.0,0.0,0.0,0.0,0.0,0.0,0.0,999.0,7868.86,0.01,0.0,0.0,0.0,0.0,0.0,8.06
2016-05-17,0.0,0.0,0.0,0.0,0.0,0.0,0.0,0.0,0.0,0.0,0.0,0.0,0.0,0.0,0.0,0.0,0.0,0.0,0.0,0.0,0.0,0.0,0.0,0.0,0.0,0.0,0.0,0.0,0.0,999.0,7761.47,0.01,0.0,0.0,0.0,0.0,0.0,7.95
2016-05-18,0.0,0.0,0.0,0.0,0.0,0.0,0.0,0.0,0.0,0.0,0.0,0.0,0.0,0.0,0.0,0.0,0.0,0.0,0.0,0.0,0.0,0.0,0.0,0.0,0.0,0.0,0.0,0.0,0.0,999.0,7712.65,0.01,0.0,0.0,0.0,0.0,0.0,7.9
2016-05-19,0.0,0.0,0.0,0.0,0.0,0.0,0.0,0.0,0.0,0.0,0.0,0.0,0.0,0.0,0.0,0.0,0.0,0.0,0.0,0.0,0.0,0.0,0.0,0.0,0.0,0.0,0.0,0.0,0.0,999.0,7693.13,0.01,0.0,0.0,0.0,0.0,0.0,7.88
2016-05-20,0.0,0.0,0.0,0.0,0.0,0.0,0.0,0.0,0.0,0.0,0.0,0.0,0.0,0.0,0.0,0.0,0.0,0.0,0.0,0.0,0.0,0.0,0.0,0.0,0.0,0.0,0.0,0.0,0.0,999.0,7605.26,0.01,0.0,0.0,0.0,0.0,0.0,7.79
2016-05-23,0.0,0.0,0.0,0.0,0.0,0.0,0.0,0.0,0.0,0.0,0.0,0.0,0.0,0.0,0.0,0.0,0.0,0.0,0.0,0.0,0.0,0.0,0.0,0.0,0.0,0.0,0.0,0.0,0.0,999.0,7244.04,0.01,0.0,0.0,0.0,0.0,0.0,7.42
2016-05-24,0.0,0.0,0.0,0.0,0.0,0.0,0.0,0.0,0.0,0.0,0.0,0.0,0.0,0.0,0.0,0.0,0.0,0.0,0.0,0.0,0.0,0.0,0.0,0.0,0.0,0.0,0.0,0.0,0.0,999.0,5847.95,0.01,0.0,0.0,0.0,0.0,0.0,5.99
2016-05-25,0.0,0.0,0.0,0.0,0.0,0.0,0.0,0.0,0.0,0.0,0.0,0.0,0.0,0.0,0.0,0.0,0.0,0.0,0.0,0.0,0.0,0.0,0.0,0.0,0.0,0.0,0.0,0.0,0.0,999.0,5027.87,0.01,0.0,0.0,0.0,0.0,0.0,5.15
2016-05-26,0.0,0.0,0.0,0.0,0.0,0.0,0.0,0.0,0.0,0.0,0.0,0.0,0.0,0.0,0.0,0.0,0.0,0.0,0.0,0.0,0.0,0.0,0.0,0.0,0.0,0.0,0.0,0.0,0.0,999.0,5613.64,0.01,0.0,0.0,0.0,0.0,0.0,5.75
2016-05-27,0.0,0.0,0.0,0.0,0.0,0.0,0.0,0.0,0.0,0.0,0.0,0.0,0.0,0.0,0.0,0.0,0.0,0.0,0.0,0.0,0.0,0.0,0.0,0.0,0.0,0.0,0.0,0.0,0.0,999.0,5711.27,0.01,0.0,0.0,0.0,0.0,0.0,5.85
2016-05-30,0.0,0.0,0.0,0.0,0.0,0.0,0.0,0.0,0.0,0.0,0.0,0.0,0.0,0.0,0.0,0.0,0.0,0.0,0.0,0.0,0.0,0.0,0.0,0.0,0.0,0.0,0.0,0.0,0.0,999.0,5613.64,0.01,0.0,0.0,0.0,0.0,0.0,5.75
2016-05-31,0.0,0.0,0.0,0.0,0.0,0.0,0.0,0.0,0.0,0.0,0.0,0.0,0.0,0.0,0.0,0.0,0.0,0.0,0.0,0.0,0.0,0.0,0.0,0.0,0.0,0.0,0.0,0.0,0.0,999.0,5320.75,0.01,0.0,0.0,0.0,0.0,0.0,5.45
2016-06-01,0.0,0.0,0.0,0.0,0.0,0.0,0.0,0.0,0.0,0.0,0.0,0.0,0.0,0.0,0.0,0.0,0.0,0.0,0.0,0.0,0.0,0.0,0.0,0.0,0.0,0.0,0.0,0.0,0.0,999.0,5369.57,0.01,0.0,0.0,0.0,0.0,0.0,5.5
2016-06-02,0.0,0.0,0.0,0.0,0.0,0.0,0.0,0.0,0.0,0.0,0.0,0.0,0.0,0.0,0.0,0.0,0.0,0.0,0.0,0.0,0.0,0.0,0.0,0.0,0.0,0.0,0.0,0.0,0.0,999.0,5555.06,0.01,0.0,0.0,0.0,0.0,0.0,5.69
2016-06-03,0.0,0.0,0.0,0.0,0.0,0.0,0.0,0.0,0.0,0.0,0.0,0.0,0.0,0.0,0.0,0.0,0.0,0.0,0.0,0.0,0.0,0.0,0.0,0.0,0.0,0.0,0.0,0.0,0.0,999.0,5193.84,0.01,0.0,0.0,0.0,0.0,0.0,5.32
2016-06-06,0.0,0.0,0.0,0.0,0.0,0.0,0.0,0.0,0.0,0.0,0.0,0.0,0.0,0.0,0.0,0.0,0.0,0.0,0.0,0.0,0.0,0.0,0.0,0.0,0.0,0.0,0.0,0.0,0.0,999.0,5369.57,0.01,0.0,0.0,0.0,0.0,0.0,5.5
2016-06-07,0.0,0.0,0.0,0.0,0.0,0.0,0.0,0.0,0.0,0.0,0.0,0.0,0.0,0.0,0.0,0.0,0.0,0.0,0.0,0.0,0.0,0.0,0.0,0.0,0.0,0.0,0.0,0.0,0.0,999.0,5369.57,0.01,0.0,0.0,0.0,0.0,0.0,5.5
2016-06-08,0.0,0.0,0.0,0.0,0.0,0.0,0.0,0.0,0.0,0.0,0.0,0.0,0.0,0.0,0.0,0.0,0.0,0.0,0.0,0.0,0.0,0.0,0.0,0.0,0.0,0.0,0.0,0.0,0.0,999.0,5066.92,0.01,0.0,0.0,0.0,0.0,0.0,5.19
2016-06-09,0.0,0.0,0.0,0.0,0.0,0.0,0.0,0.0,0.0,0.0,0.0,0.0,0.0,0.0,0.0,0.0,0.0,0.0,0.0,0.0,0.0,0.0,0.0,0.0,0.0,0.0,0.0,0.0,0.0,999.0,5076.68,0.01,0.0,0.0,0.0,0.0,0.0,5.2
2016-06-10,0.0,0.0,0.0,0.0,0.0,0.0,0.0,0.0,0.0,0.0,0.0,0.0,0.0,0.0,0.0,0.0,0.0,0.0,0.0,0.0,0.0,0.0,0.0,0.0,0.0,0.0,0.0,0.0,0.0,999.0,4988.82,0.01,0.0,0.0,0.0,0.0,0.0,5.11
2016-06-13,0.0,0.0,0.0,0.0,0.0,0.0,0.0,0.0,0.0,0.0,0.0,0.0,0.0,0.0,0.0,0.0,0.0,0.0,0.0,0.0,0.0,0.0,0.0,0.0,0.0,0.0,0.0,0.0,0.0,999.0,4881.43,0.01,0.0,0.0,0.0,0.0,0.0,5.0
2016-06-14,0.0,0.0,0.0,0.0,0.0,0.0,0.0,0.0,0.0,0.0,0.0,0.0,0.0,0.0,0.0,0.0,0.0,0.0,0.0,0.0,0.0,0.0,0.0,0.0,0.0,0.0,0.0,0.0,0.0,999.0,4813.09,0.01,0.0,0.0,0.0,0.0,0.0,4.93
2016-06-15,0.0,0.0,0.0,0.0,0.0,0.0,0.0,0.0,0.0,0.0,0.0,0.0,0.0,0.0,0.0,0.0,0.0,0.0,0.0,0.0,0.0,0.0,0.0,0.0,0.0,0.0,0.0,0.0,0.0,999.0,4783.8,0.0,0.0,0.0,0.0,0.0,0.0,4.9
2016-06-16,0.0,0.0,0.0,0.0,0.0,0.0,0.0,0.0,0.0,0.0,0.0,0.0,0.0,0.0,0.0,0.0,0.0,0.0,0.0,0.0,0.0,0.0,0.0,0.0,0.0,0.0,0.0,0.0,0.0,999.0,4881.43,0.0,0.0,0.0,0.0,0.0,0.0,5.0
2016-06-17,0.0,0.0,0.0,0.0,0.0,0.0,0.0,0.0,0.0,0.0,0.0,0.0,0.0,0.0,0.0,0.0,0.0,0.0,0.0,0.0,0.0,0.0,0.0,0.0,0.0,0.0,0.0,0.0,0.0,999.0,5174.31,0.0,0.0,0.0,0.0,0.0,0.0,5.3
2016-06-20,0.0,0.0,0.0,0.0,0.0,0.0,0.0,0.0,0.0,0.0,0.0,0.0,0.0,0.0,0.0,0.0,0.0,0.0,0.0,0.0,0.0,0.0,0.0,0.0,0.0,0.0,0.0,0.0,0.0,999.0,5271.94,0.01,0.0,0.0,0.0,0.0,0.0,5.4
2016-06-21,0.0,0.0,0.0,0.0,0.0,0.0,0.0,0.0,0.0,0.0,0.0,0.0,0.0,0.0,0.0,0.0,0.0,0.0,0.0,0.0,0.0,0.0,0.0,0.0,0.0,0.0,0.0,0.0,0.0,999.0,5271.94,0.01,0.0,0.0,0.0,0.0,0.0,5.4
2016-06-22,0.0,0.0,0.0,0.0,0.0,0.0,0.0,0.0,0.0,0.0,0.0,0.0,0.0,0.0,0.0,0.0,0.0,0.0,0.0,0.0,0.0,0.0,0.0,0.0,0.0,0.0,0.0,0.0,0.0,999.0,5271.94,0.01,0.0,0.0,0.0,0.0,0.0,5.4
2016-06-23,0.0,0.0,0.0,0.0,0.0,0.0,0.0,0.0,0.0,0.0,0.0,0.0,0.0,0.0,0.0,0.0,0.0,0.0,0.0,0.0,0.0,0.0,0.0,0.0,0.0,0.0,0.0,0.0,0.0,999.0,5369.57,0.01,0.0,0.0,0.0,0.0,0.0,5.5
2016-06-24,0.0,0.0,0.0,0.0,0.0,0.0,0.0,0.0,0.0,0.0,0.0,0.0,0.0,0.0,0.0,0.0,0.0,0.0,0.0,0.0,0.0,0.0,0.0,0.0,0.0,0.0,0.0,0.0,0.0,999.0,5271.94,0.01,0.0,0.0,0.0,0.0,0.0,5.4
2016-06-27,0.0,0.0,0.0,0.0,0.0,0.0,0.0,0.0,0.0,0.0,0.0,0.0,0.0,0.0,0.0,0.0,0.0,0.0,0.0,0.0,0.0,0.0,0.0,0.0,0.0,0.0,0.0,0.0,0.0,999.0,5271.94,0.01,0.0,0.0,0.0,0.0,0.0,5.4
2016-06-28,0.0,0.0,0.0,0.0,0.0,0.0,0.0,0.0,0.0,0.0,0.0,0.0,0.0,0.0,0.0,0.0,0.0,0.0,0.0,0.0,0.0,0.0,0.0,0.0,0.0,0.0,0.0,0.0,0.0,999.0,5271.94,0.01,0.0,0.0,0.0,0.0,0.0,5.4
2016-06-29,0.0,0.0,0.0,0.0,0.0,0.0,0.0,0.0,0.0,0.0,0.0,0.0,0.0,0.0,0.0,0.0,0.0,0.0,0.0,0.0,0.0,0.0,0.0,0.0,0.0,0.0,0.0,0.0,0.0,999.0,5359.81,0.01,0.0,0.0,0.0,0.0,0.0,5.49
2016-06-30,0.0,0.0,0.0,0.0,0.0,0.0,0.0,0.0,0.0,0.0,0.0,0.0,0.0,0.0,0.0,0.0,0.0,0.0,0.0,0.0,0.0,0.0,0.0,0.0,0.0,0.0,0.0,0.0,0.0,999.0,5008.34,0.01,0.0,0.0,0.0,0.0,0.0,5.13
2016-07-01,0.0,0.0,0.0,0.0,0.0,0.0,0.0,0.0,0.0,0.0,0.0,0.0,0.0,0.0,0.0,0.0,0.0,0.0,0.0,0.0,0.0,0.0,0.0,0.0,0.0,0.0,0.0,0.0,0.0,999.0,5164.55,0.01,0.0,0.0,0.0,0.0,0.0,5.29
2016-07-04,0.0,0.0,0.0,0.0,0.0,0.0,0.0,0.0,0.0,0.0,0.0,0.0,0.0,0.0,0.0,0.0,0.0,0.0,0.0,0.0,0.0,0.0,0.0,0.0,0.0,0.0,0.0,0.0,0.0,999.0,5164.55,0.01,0.0,0.0,0.0,0.0,0.0,5.29
2016-07-05,0.0,0.0,0.0,0.0,0.0,0.0,0.0,0.0,0.0,0.0,0.0,0.0,0.0,0.0,0.0,0.0,0.0,0.0,0.0,0.0,0.0,0.0,0.0,0.0,0.0,0.0,0.0,0.0,0.0,999.0,5271.94,0.01,0.0,0.0,0.0,0.0,0.0,5.4
2016-07-06,0.0,0.0,0.0,0.0,0.0,0.0,0.0,0.0,0.0,0.0,0.0,0.0,0.0,0.0,0.0,0.0,0.0,0.0,0.0,0.0,0.0,0.0,0.0,0.0,0.0,0.0,0.0,0.0,0.0,999.0,5350.04,0.01,0.0,0.0,0.0,0.0,0.0,5.48
2016-07-07,0.0,0.0,0.0,0.0,0.0,0.0,0.0,0.0,0.0,0.0,0.0,0.0,0.0,0.0,0.0,0.0,0.0,0.0,0.0,0.0,0.0,0.0,0.0,0.0,0.0,0.0,0.0,0.0,0.0,999.0,5271.94,0.01,0.0,0.0,0.0,0.0,0.0,5.4
2016-07-08,0.0,0.0,0.0,0.0,0.0,0.0,0.0,0.0,0.0,0.0,0.0,0.0,0.0,0.0,0.0,0.0,0.0,0.0,0.0,0.0,0.0,0.0,0.0,0.0,0.0,0.0,0.0,0.0,0.0,999.0,5350.04,0.01,0.0,0.0,0.0,0.0,0.0,5.48
2016-07-11,0.0,0.0,0.0,0.0,0.0,0.0,0.0,0.0,0.0,0.0,0.0,0.0,0.0,0.0,0.0,0.0,0.0,0.0,0.0,0.0,0.0,0.0,0.0,0.0,0.0,0.0,0.0,0.0,0.0,999.0,5340.28,0.01,0.0,0.0,0.0,0.0,0.0,5.47
2016-07-12,0.0,0.0,0.0,0.0,0.0,0.0,0.0,0.0,0.0,0.0,0.0,0.0,0.0,0.0,0.0,0.0,0.0,0.0,0.0,0.0,0.0,0.0,0.0,0.0,0.0,0.0,0.0,0.0,0.0,999.0,5350.04,0.01,0.0,0.0,0.0,0.0,0.0,5.48
2016-07-13,0.0,0.0,0.0,0.0,0.0,0.0,0.0,0.0,0.0,0.0,0.0,0.0,0.0,0.0,0.0,0.0,0.0,0.0,0.0,0.0,0.0,0.0,0.0,0.0,0.0,0.0,0.0,0.0,0.0,999.0,5271.94,0.01,0.0,0.0,0.0,0.0,0.0,5.4
2016-07-14,0.0,0.0,0.0,0.0,0.0,0.0,0.0,0.0,0.0,0.0,0.0,0.0,0.0,0.0,0.0,0.0,0.0,0.0,0.0,0.0,0.0,0.0,0.0,0.0,0.0,0.0,0.0,0.0,0.0,999.0,5340.28,0.01,0.0,0.0,0.0,0.0,0.0,5.47
2016-07-15,0.0,0.0,0.0,0.0,0.0,0.0,0.0,0.0,0.0,0.0,0.0,0.0,0.0,0.0,0.0,0.0,0.0,0.0,0.0,0.0,0.0,0.0,0.0,0.0,0.0,0.0,0.0,0.0,0.0,999.0,5340.28,0.01,0.0,0.0,0.0,0.0,0.0,5.47
2016-07-18,0.0,0.0,0.0,0.0,0.0,0.0,0.0,0.0,0.0,0.0,0.0,0.0,0.0,0.0,0.0,0.0,0.0,0.0,0.0,0.0,0.0,0.0,0.0,0.0,0.0,0.0,0.0,0.0,0.0,999.0,5525.77,0.01,0.0,0.0,0.0,0.0,0.0,5.66
2016-07-19,0.0,0.0,0.0,0.0,0.0,0.0,0.0,0.0,0.0,0.0,0.0,0.0,0.0,0.0,0.0,0.0,0.0,0.0,0.0,0.0,0.0,0.0,0.0,0.0,0.0,0.0,0.0,0.0,0.0,999.0,5271.94,0.01,0.0,0.0,0.0,0.0,0.0,5.4
2016-07-20,0.0,0.0,0.0,0.0,0.0,0.0,0.0,0.0,0.0,0.0,0.0,0.0,0.0,0.0,0.0,0.0,0.0,0.0,0.0,0.0,0.0,0.0,0.0,0.0,0.0,0.0,0.0,0.0,0.0,999.0,5662.45,0.01,0.0,0.0,0.0,0.0,0.0,5.8
2016-07-21,0.0,0.0,0.0,0.0,0.0,0.0,0.0,0.0,0.0,0.0,0.0,0.0,0.0,0.0,0.0,0.0,0.0,0.0,0.0,0.0,0.0,0.0,0.0,0.0,0.0,0.0,0.0,0.0,0.0,999.0,5740.56,0.01,0.0,0.0,0.0,0.0,0.0,5.88
2016-07-22,0.0,0.0,0.0,0.0,0.0,0.0,0.0,0.0,0.0,0.0,0.0,0.0,0.0,0.0,0.0,0.0,0.0,0.0,0.0,0.0,0.0,0.0,0.0,0.0,0.0,0.0,0.0,0.0,0.0,999.0,7224.51,0.01,0.0,0.0,0.0,0.0,0.0,7.4
2016-07-25,0.0,0.0,0.0,0.0,0.0,0.0,0.0,0.0,0.0,0.0,0.0,0.0,0.0,0.0,0.0,0.0,0.0,0.0,0.0,0.0,0.0,0.0,0.0,0.0,0.0,0.0,0.0,0.0,0.0,999.0,7126.88,0.01,0.0,0.0,0.0,0.0,0.0,7.3
2016-07-26,0.0,0.0,0.0,0.0,0.0,0.0,0.0,0.0,0.0,0.0,0.0,0.0,0.0,0.0,0.0,0.0,0.0,0.0,0.0,0.0,0.0,0.0,0.0,0.0,0.0,0.0,0.0,0.0,0.0,999.0,6707.08,0.01,0.0,0.0,0.0,0.0,0.0,6.87
2016-07-27,0.0,0.0,0.0,0.0,0.0,0.0,0.0,0.0,0.0,0.0,0.0,0.0,0.0,0.0,0.0,0.0,0.0,0.0,0.0,0.0,0.0,0.0,0.0,0.0,0.0,0.0,0.0,0.0,0.0,999.0,6599.69,0.01,0.0,0.0,0.0,0.0,0.0,6.76
2016-07-28,0.0,0.0,0.0,0.0,0.0,0.0,0.0,0.0,0.0,0.0,0.0,0.0,0.0,0.0,0.0,0.0,0.0,0.0,0.0,0.0,0.0,0.0,0.0,0.0,0.0,0.0,0.0,0.0,0.0,999.0,6365.38,0.01,0.0,0.0,0.0,0.0,0.0,6.52
2016-07-29,0.0,0.0,0.0,0.0,0.0,0.0,0.0,0.0,0.0,0.0,0.0,0.0,0.0,0.0,0.0,0.0,0.0,0.0,0.0,0.0,0.0,0.0,0.0,0.0,0.0,0.0,0.0,0.0,0.0,999.0,6463.01,0.01,0.0,0.0,0.0,0.0,0.0,6.62
2016-08-01,0.0,0.0,0.0,0.0,0.0,0.0,0.0,0.0,0.0,0.0,0.0,0.0,0.0,0.0,0.0,0.0,0.0,0.0,0.0,0.0,0.0,0.0,0.0,0.0,0.0,0.0,0.0,0.0,0.0,999.0,6463.01,0.01,0.0,0.0,0.0,0.0,0.0,6.62
2016-08-02,0.0,0.0,0.0,0.0,0.0,0.0,0.0,0.0,0.0,0.0,0.0,0.0,0.0,0.0,0.0,0.0,0.0,0.0,0.0,0.0,0.0,0.0,0.0,0.0,0.0,0.0,0.0,0.0,0.0,999.0,6589.92,0.01,0.0,0.0,0.0,0.0,0.0,6.75
2016-08-03,0.0,0.0,0.0,0.0,0.0,0.0,0.0,0.0,0.0,0.0,0.0,0.0,0.0,0.0,0.0,0.0,0.0,0.0,0.0,0.0,0.0,0.0,0.0,0.0,0.0,0.0,0.0,0.0,0.0,999.0,6443.48,0.01,0.0,0.0,0.0,0.0,0.0,6.6
2016-08-04,0.0,0.0,0.0,0.0,0.0,0.0,0.0,0.0,0.0,0.0,0.0,0.0,0.0,0.0,0.0,0.0,0.0,0.0,0.0,0.0,0.0,0.0,0.0,0.0,0.0,0.0,0.0,0.0,0.0,999.0,6677.79,0.01,0.0,0.0,0.0,0.0,0.0,6.84
2016-08-05,0.0,0.0,0.0,0.0,0.0,0.0,0.0,0.0,0.0,0.0,0.0,0.0,0.0,0.0,0.0,0.0,0.0,0.0,0.0,0.0,0.0,0.0,0.0,0.0,0.0,0.0,0.0,0.0,0.0,999.0,6736.37,0.01,0.0,0.0,0.0,0.0,0.0,6.9
2016-08-08,0.0,0.0,0.0,0.0,0.0,0.0,0.0,0.0,0.0,0.0,0.0,0.0,0.0,0.0,0.0,0.0,0.0,0.0,0.0,0.0,0.0,0.0,0.0,0.0,0.0,0.0,0.0,0.0,0.0,999.0,6834.0,0.01,0.0,0.0,0.0,0.0,0.0,7.0
2016-08-09,0.0,0.0,0.0,0.0,0.0,0.0,0.0,0.0,0.0,0.0,0.0,0.0,0.0,0.0,0.0,0.0,0.0,0.0,0.0,0.0,0.0,0.0,0.0,0.0,0.0,0.0,0.0,0.0,0.0,999.0,7117.12,0.01,0.0,0.0,0.0,0.0,0.0,7.29
2016-08-10,0.0,0.0,0.0,0.0,0.0,0.0,0.0,0.0,0.0,0.0,0.0,0.0,0.0,0.0,0.0,0.0,0.0,0.0,0.0,0.0,0.0,0.0,0.0,0.0,0.0,0.0,0.0,0.0,0.0,999.0,7175.7,0.01,0.0,0.0,0.0,0.0,0.0,7.35
2016-08-11,0.0,0.0,0.0,0.0,0.0,0.0,0.0,0.0,0.0,0.0,0.0,0.0,0.0,0.0,0.0,0.0,0.0,0.0,0.0,0.0,0.0,0.0,0.0,0.0,0.0,0.0,0.0,0.0,0.0,999.0,7175.7,0.01,0.0,0.0,0.0,0.0,0.0,7.35
2016-08-12,0.0,0.0,0.0,0.0,0.0,0.0,0.0,0.0,0.0,0.0,0.0,0.0,0.0,0.0,0.0,0.0,0.0,0.0,0.0,0.0,0.0,0.0,0.0,0.0,0.0,0.0,0.0,0.0,0.0,999.0,7029.25,0.01,0.0,0.0,0.0,0.0,0.0,7.2
2016-08-15,0.0,0.0,0.0,0.0,0.0,0.0,0.0,0.0,0.0,0.0,0.0,0.0,0.0,0.0,0.0,0.0,0.0,0.0,0.0,0.0,0.0,0.0,0.0,0.0,0.0,0.0,0.0,0.0,0.0,999.0,6931.62,0.01,0.0,0.0,0.0,0.0,0.0,7.1
2016-08-16,0.0,0.0,0.0,0.0,0.0,0.0,0.0,0.0,0.0,0.0,0.0,0.0,0.0,0.0,0.0,0.0,0.0,0.0,0.0,0.0,0.0,0.0,0.0,0.0,0.0,0.0,0.0,0.0,0.0,999.0,6931.62,0.01,0.0,0.0,0.0,0.0,0.0,7.1
2016-08-17,0.0,0.0,0.0,0.0,0.0,0.0,0.0,0.0,0.0,0.0,0.0,0.0,0.0,0.0,0.0,0.0,0.0,0.0,0.0,0.0,0.0,0.0,0.0,0.0,0.0,0.0,0.0,0.0,0.0,999.0,6931.62,0.01,0.0,0.0,0.0,0.0,0.0,7.1
2016-08-18,0.0,0.0,0.0,0.0,0.0,0.0,0.0,0.0,0.0,0.0,0.0,0.0,0.0,0.0,0.0,0.0,0.0,0.0,0.0,0.0,0.0,0.0,0.0,0.0,0.0,0.0,0.0,0.0,0.0,999.0,6931.62,0.01,0.0,0.0,0.0,0.0,0.0,7.1
2016-08-19,0.0,0.0,0.0,0.0,0.0,0.0,0.0,0.0,0.0,0.0,0.0,0.0,0.0,0.0,0.0,0.0,0.0,0.0,0.0,0.0,0.0,0.0,0.0,0.0,0.0,0.0,0.0,0.0,0.0,999.0,6834.0,0.01,0.0,0.0,0.0,0.0,0.0,7.0
2016-08-22,0.0,0.0,0.0,0.0,0.0,0.0,0.0,0.0,0.0,0.0,0.0,0.0,0.0,0.0,0.0,0.0,0.0,0.0,0.0,0.0,0.0,0.0,0.0,0.0,0.0,0.0,0.0,0.0,0.0,999.0,7126.88,0.01,0.0,0.0,0.0,0.0,0.0,7.3
2016-08-23,0.0,0.0,0.0,0.0,0.0,0.0,0.0,0.0,0.0,0.0,0.0,0.0,0.0,0.0,0.0,0.0,0.0,0.0,0.0,0.0,0.0,0.0,0.0,0.0,0.0,0.0,0.0,0.0,0.0,999.0,7029.25,0.01,0.0,0.0,0.0,0.0,0.0,7.2
2016-08-24,0.0,0.0,0.0,0.0,0.0,0.0,0.0,0.0,0.0,0.0,0.0,0.0,0.0,0.0,0.0,0.0,0.0,0.0,0.0,0.0,0.0,0.0,0.0,0.0,0.0,0.0,0.0,0.0,0.0,999.0,7029.25,0.01,0.0,0.0,0.0,0.0,0.0,7.2
2016-08-25,0.0,0.0,0.0,0.0,0.0,0.0,0.0,0.0,0.0,0.0,0.0,0.0,0.0,0.0,0.0,0.0,0.0,0.0,0.0,0.0,0.0,0.0,0.0,0.0,0.0,0.0,0.0,0.0,0.0,999.0,7165.93,0.01,0.0,0.0,0.0,0.0,0.0,7.34
2016-08-26,0.0,0.0,0.0,0.0,0.0,0.0,0.0,0.0,0.0,0.0,0.0,0.0,0.0,0.0,0.0,0.0,0.0,0.0,0.0,0.0,0.0,0.0,0.0,0.0,0.0,0.0,0.0,0.0,0.0,999.0,7146.41,0.01,0.0,0.0,0.0,0.0,0.0,7.32
2016-08-29,0.0,0.0,0.0,0.0,0.0,0.0,0.0,0.0,0.0,0.0,0.0,0.0,0.0,0.0,0.0,0.0,0.0,0.0,0.0,0.0,0.0,0.0,0.0,0.0,0.0,0.0,0.0,0.0,0.0,999.0,7126.88,0.01,0.0,0.0,0.0,0.0,0.0,7.3
2016-08-30,0.0,0.0,0.0,0.0,0.0,0.0,0.0,0.0,0.0,0.0,0.0,0.0,0.0,0.0,0.0,0.0,0.0,0.0,0.0,0.0,0.0,0.0,0.0,0.0,0.0,0.0,0.0,0.0,0.0,999.0,7126.88,0.01,0.0,0.0,0.0,0.0,0.0,7.3
2016-08-31,0.0,0.0,0.0,0.0,0.0,0.0,0.0,0.0,0.0,0.0,0.0,0.0,0.0,0.0,0.0,0.0,0.0,0.0,0.0,0.0,0.0,0.0,0.0,0.0,0.0,0.0,0.0,0.0,0.0,999.0,7029.25,0.01,0.0,0.0,0.0,0.0,0.0,7.2
2016-09-01,0.0,0.0,0.0,0.0,0.0,0.0,0.0,0.0,0.0,0.0,0.0,0.0,0.0,0.0,0.0,0.0,0.0,0.0,0.0,0.0,0.0,0.0,0.0,0.0,0.0,0.0,0.0,0.0,0.0,999.0,7029.25,0.01,0.0,0.0,0.0,0.0,0.0,7.2
2016-09-02,0.0,0.0,0.0,0.0,0.0,0.0,0.0,0.0,0.0,0.0,0.0,0.0,0.0,0.0,0.0,0.0,0.0,0.0,0.0,0.0,0.0,0.0,0.0,0.0,0.0,0.0,0.0,0.0,0.0,999.0,7029.25,0.01,0.0,0.0,0.0,0.0,0.0,7.2
2016-09-05,0.0,0.0,0.0,0.0,0.0,0.0,0.0,0.0,0.0,0.0,0.0,0.0,0.0,0.0,0.0,0.0,0.0,0.0,0.0,0.0,0.0,0.0,0.0,0.0,0.0,0.0,0.0,0.0,0.0,999.0,6834.0,0.01,0.0,0.0,0.0,0.0,0.0,7.0
2016-09-06,0.0,0.0,0.0,0.0,0.0,0.0,0.0,0.0,0.0,0.0,0.0,0.0,0.0,0.0,0.0,0.0,0.0,0.0,0.0,0.0,0.0,0.0,0.0,0.0,0.0,0.0,0.0,0.0,0.0,999.0,6834.0,0.01,0.0,0.0,0.0,0.0,0.0,7.0
2016-09-07,0.0,0.0,0.0,0.0,0.0,0.0,0.0,0.0,0.0,0.0,0.0,0.0,0.0,0.0,0.0,0.0,0.0,0.0,0.0,0.0,0.0,0.0,0.0,0.0,0.0,0.0,0.0,0.0,0.0,999.0,6834.0,0.01,0.0,0.0,0.0,0.0,0.0,7.0
2016-09-08,0.0,0.0,0.0,0.0,0.0,0.0,0.0,0.0,0.0,0.0,0.0,0.0,0.0,0.0,0.0,0.0,0.0,0.0,0.0,0.0,0.0,0.0,0.0,0.0,0.0,0.0,0.0,0.0,0.0,999.0,6834.0,0.01,0.0,0.0,0.0,0.0,0.0,7.0
2016-09-09,0.0,0.0,0.0,0.0,0.0,0.0,0.0,0.0,0.0,0.0,0.0,0.0,0.0,0.0,0.0,0.0,0.0,0.0,0.0,0.0,0.0,0.0,0.0,0.0,0.0,0.0,0.0,0.0,0.0,999.0,6970.68,0.01,0.0,0.0,0.0,0.0,0.0,7.14
2016-09-12,0.0,0.0,0.0,0.0,0.0,0.0,0.0,0.0,0.0,0.0,0.0,0.0,0.0,0.0,0.0,0.0,0.0,0.0,0.0,0.0,0.0,0.0,0.0,0.0,0.0,0.0,0.0,0.0,0.0,999.0,6736.37,0.01,0.0,0.0,0.0,0.0,0.0,6.9
2016-09-13,0.0,0.0,0.0,0.0,0.0,0.0,0.0,0.0,0.0,0.0,0.0,0.0,0.0,0.0,0.0,0.0,0.0,0.0,0.0,0.0,0.0,0.0,0.0,0.0,0.0,0.0,0.0,0.0,0.0,999.0,6648.5,0.01,0.0,0.0,0.0,0.0,0.0,6.81
2016-09-14,0.0,0.0,0.0,0.0,0.0,0.0,0.0,0.0,0.0,0.0,0.0,0.0,0.0,0.0,0.0,0.0,0.0,0.0,0.0,0.0,0.0,0.0,0.0,0.0,0.0,0.0,0.0,0.0,0.0,999.0,7029.25,0.01,0.0,0.0,0.0,0.0,0.0,7.2
2016-09-15,0.0,0.0,0.0,0.0,0.0,0.0,0.0,0.0,0.0,0.0,0.0,0.0,0.0,0.0,0.0,0.0,0.0,0.0,0.0,0.0,0.0,0.0,0.0,0.0,0.0,0.0,0.0,0.0,0.0,999.0,7029.25,0.01,0.0,0.0,0.0,0.0,0.0,7.2
2016-09-16,0.0,0.0,0.0,0.0,0.0,0.0,0.0,0.0,0.0,0.0,0.0,0.0,0.0,0.0,0.0,0.0,0.0,0.0,0.0,0.0,0.0,0.0,0.0,0.0,0.0,0.0,0.0,0.0,0.0,999.0,7078.07,0.01,0.0,0.0,0.0,0.0,0.0,7.25
2016-09-19,0.0,0.0,0.0,0.0,0.0,0.0,0.0,0.0,0.0,0.0,0.0,0.0,0.0,0.0,0.0,0.0,0.0,0.0,0.0,0.0,0.0,0.0,0.0,0.0,0.0,0.0,0.0,0.0,0.0,999.0,7195.22,0.01,0.0,0.0,0.0,0.0,0.0,7.37
2016-09-20,0.0,0.0,0.0,0.0,0.0,0.0,0.0,0.0,0.0,0.0,0.0,0.0,0.0,0.0,0.0,0.0,0.0,0.0,0.0,0.0,0.0,0.0,0.0,0.0,0.0,0.0,0.0,0.0,0.0,999.0,7204.98,0.01,0.0,0.0,0.0,0.0,0.0,7.38
2016-09-21,0.0,0.0,0.0,0.0,0.0,0.0,0.0,0.0,0.0,0.0,0.0,0.0,0.0,0.0,0.0,0.0,0.0,0.0,0.0,0.0,0.0,0.0,0.0,0.0,0.0,0.0,0.0,0.0,0.0,999.0,7224.51,0.01,0.0,0.0,0.0,0.0,0.0,7.4
2016-09-22,0.0,0.0,0.0,0.0,0.0,0.0,0.0,0.0,0.0,0.0,0.0,0.0,0.0,0.0,0.0,0.0,0.0,0.0,0.0,0.0,0.0,0.0,0.0,0.0,0.0,0.0,0.0,0.0,0.0,999.0,6834.0,0.01,0.0,0.0,0.0,0.0,0.0,7.0
2016-09-23,0.0,0.0,0.0,0.0,0.0,0.0,0.0,0.0,0.0,0.0,0.0,0.0,0.0,0.0,0.0,0.0,0.0,0.0,0.0,0.0,0.0,0.0,0.0,0.0,0.0,0.0,0.0,0.0,0.0,999.0,6834.0,0.01,0.0,0.0,0.0,0.0,0.0,7.0
2016-09-26,0.0,0.0,0.0,0.0,0.0,0.0,0.0,0.0,0.0,0.0,0.0,0.0,0.0,0.0,0.0,0.0,0.0,0.0,0.0,0.0,0.0,0.0,0.0,0.0,0.0,0.0,0.0,0.0,0.0,999.0,6834.0,0.01,0.0,0.0,0.0,0.0,0.0,7.0
2016-09-27,0.0,0.0,0.0,0.0,0.0,0.0,0.0,0.0,0.0,0.0,0.0,0.0,0.0,0.0,0.0,0.0,0.0,0.0,0.0,0.0,0.0,0.0,0.0,0.0,0.0,0.0,0.0,0.0,0.0,999.0,7029.25,0.01,0.0,0.0,0.0,0.0,0.0,7.2
2016-09-28,0.0,0.0,0.0,0.0,0.0,0.0,0.0,0.0,0.0,0.0,0.0,0.0,0.0,0.0,0.0,0.0,0.0,0.0,0.0,0.0,0.0,0.0,0.0,0.0,0.0,0.0,0.0,0.0,0.0,999.0,6834.0,0.01,0.0,0.0,0.0,0.0,0.0,7.0
2016-09-29,0.0,0.0,0.0,0.0,0.0,0.0,0.0,0.0,0.0,0.0,0.0,0.0,0.0,0.0,0.0,0.0,0.0,0.0,0.0,0.0,0.0,0.0,0.0,0.0,0.0,0.0,0.0,0.0,0.0,999.0,6658.26,0.01,0.0,0.0,0.0,0.0,0.0,6.82
2016-09-30,0.0,0.0,0.0,0.0,0.0,0.0,0.0,0.0,0.0,0.0,0.0,0.0,0.0,0.0,0.0,0.0,0.0,0.0,0.0,0.0,0.0,0.0,0.0,0.0,0.0,0.0,0.0,0.0,0.0,999.0,6755.89,0.01,0.0,0.0,0.0,0.0,0.0,6.92
2016-10-03,0.0,0.0,0.0,0.0,0.0,0.0,0.0,0.0,0.0,0.0,0.0,0.0,0.0,0.0,0.0,0.0,0.0,0.0,0.0,0.0,0.0,0.0,0.0,0.0,0.0,0.0,0.0,0.0,0.0,999.0,6853.52,0.01,0.0,0.0,0.0,0.0,0.0,7.02
2016-10-04,0.0,0.0,0.0,0.0,0.0,0.0,0.0,0.0,0.0,0.0,0.0,0.0,0.0,0.0,0.0,0.0,0.0,0.0,0.0,0.0,0.0,0.0,0.0,0.0,0.0,0.0,0.0,0.0,0.0,999.0,7224.51,0.01,0.0,0.0,0.0,0.0,0.0,7.4
2016-10-05,0.0,0.0,0.0,0.0,0.0,0.0,0.0,0.0,0.0,0.0,0.0,0.0,0.0,0.0,0.0,0.0,0.0,0.0,0.0,0.0,0.0,0.0,0.0,0.0,0.0,0.0,0.0,0.0,0.0,999.0,7165.93,0.01,0.0,0.0,0.0,0.0,0.0,7.34
2016-10-06,0.0,0.0,0.0,0.0,0.0,0.0,0.0,0.0,0.0,0.0,0.0,0.0,0.0,0.0,0.0,0.0,0.0,0.0,0.0,0.0,0.0,0.0,0.0,0.0,0.0,0.0,0.0,0.0,0.0,999.0,6882.81,0.01,0.0,0.0,0.0,0.0,0.0,7.05
2016-10-07,0.0,0.0,0.0,0.0,0.0,0.0,0.0,0.0,0.0,0.0,0.0,0.0,0.0,0.0,0.0,0.0,0.0,0.0,0.0,0.0,0.0,0.0,0.0,0.0,0.0,0.0,0.0,0.0,0.0,999.0,6834.0,0.01,0.0,0.0,0.0,0.0,0.0,7.0
2016-10-10,0.0,0.0,0.0,0.0,0.0,0.0,0.0,0.0,0.0,0.0,0.0,0.0,0.0,0.0,0.0,0.0,0.0,0.0,0.0,0.0,0.0,0.0,0.0,0.0,0.0,0.0,0.0,0.0,0.0,999.0,6931.62,0.01,0.0,0.0,0.0,0.0,0.0,7.1
2016-10-11,0.0,0.0,0.0,0.0,0.0,0.0,0.0,0.0,0.0,0.0,0.0,0.0,0.0,0.0,0.0,0.0,0.0,0.0,0.0,0.0,0.0,0.0,0.0,0.0,0.0,0.0,0.0,0.0,0.0,999.0,6912.1,0.01,0.0,0.0,0.0,0.0,0.0,7.08
2016-10-12,0.0,0.0,0.0,0.0,0.0,0.0,0.0,0.0,0.0,0.0,0.0,0.0,0.0,0.0,0.0,0.0,0.0,0.0,0.0,0.0,0.0,0.0,0.0,0.0,0.0,0.0,0.0,0.0,0.0,999.0,6834.0,0.01,0.0,0.0,0.0,0.0,0.0,7.0
2016-10-13,0.0,0.0,0.0,0.0,0.0,0.0,0.0,0.0,0.0,0.0,0.0,0.0,0.0,0.0,0.0,0.0,0.0,0.0,0.0,0.0,0.0,0.0,0.0,0.0,0.0,0.0,0.0,0.0,0.0,999.0,7029.25,0.01,0.0,0.0,0.0,0.0,0.0,7.2
2016-10-14,0.0,0.0,0.0,0.0,0.0,0.0,0.0,0.0,0.0,0.0,0.0,0.0,0.0,0.0,0.0,0.0,0.0,0.0,0.0,0.0,0.0,0.0,0.0,0.0,0.0,0.0,0.0,0.0,0.0,999.0,6931.62,0.01,0.0,0.0,0.0,0.0,0.0,7.1
2016-10-17,0.0,0.0,0.0,0.0,0.0,0.0,0.0,0.0,0.0,0.0,0.0,0.0,0.0,0.0,0.0,0.0,0.0,0.0,0.0,0.0,0.0,0.0,0.0,0.0,0.0,0.0,0.0,0.0,0.0,999.0,6931.62,0.01,0.0,0.0,0.0,0.0,0.0,7.1
2016-10-18,0.0,0.0,0.0,0.0,0.0,0.0,0.0,0.0,0.0,0.0,0.0,0.0,0.0,0.0,0.0,0.0,0.0,0.0,0.0,0.0,0.0,0.0,0.0,0.0,0.0,0.0,0.0,0.0,0.0,999.0,6951.15,0.01,0.0,0.0,0.0,0.0,0.0,7.12
2016-10-19,0.0,0.0,0.0,0.0,0.0,0.0,0.0,0.0,0.0,0.0,0.0,0.0,0.0,0.0,0.0,0.0,0.0,0.0,0.0,0.0,0.0,0.0,0.0,0.0,0.0,0.0,0.0,0.0,0.0,999.0,7029.25,0.01,0.0,0.0,0.0,0.0,0.0,7.2
2016-10-20,0.0,0.0,0.0,0.0,0.0,0.0,0.0,0.0,0.0,0.0,0.0,0.0,0.0,0.0,0.0,0.0,0.0,0.0,0.0,0.0,0.0,0.0,0.0,0.0,0.0,0.0,0.0,0.0,0.0,999.0,7126.88,0.01,0.0,0.0,0.0,0.0,0.0,7.3
2016-10-21,0.0,0.0,0.0,0.0,0.0,0.0,0.0,0.0,0.0,0.0,0.0,0.0,0.0,0.0,0.0,0.0,0.0,0.0,0.0,0.0,0.0,0.0,0.0,0.0,0.0,0.0,0.0,0.0,0.0,999.0,7029.25,0.01,0.0,0.0,0.0,0.0,0.0,7.2
2016-10-24,0.0,0.0,0.0,0.0,0.0,0.0,0.0,0.0,0.0,0.0,0.0,0.0,0.0,0.0,0.0,0.0,0.0,0.0,0.0,0.0,0.0,0.0,0.0,0.0,0.0,0.0,0.0,0.0,0.0,999.0,7058.54,0.01,0.0,0.0,0.0,0.0,0.0,7.23
2016-10-25,0.0,0.0,0.0,0.0,0.0,0.0,0.0,0.0,0.0,0.0,0.0,0.0,0.0,0.0,0.0,0.0,0.0,0.0,0.0,0.0,0.0,0.0,0.0,0.0,0.0,0.0,0.0,0.0,0.0,999.0,7078.07,0.01,0.0,0.0,0.0,0.0,0.0,7.25
2016-10-26,0.0,0.0,0.0,0.0,0.0,0.0,0.0,0.0,0.0,0.0,0.0,0.0,0.0,0.0,0.0,0.0,0.0,0.0,0.0,0.0,0.0,0.0,0.0,0.0,0.0,0.0,0.0,0.0,0.0,999.0,7126.88,0.01,0.0,0.0,0.0,0.0,0.0,7.3
2016-10-27,0.0,0.0,0.0,0.0,0.0,0.0,0.0,0.0,0.0,0.0,0.0,0.0,0.0,0.0,0.0,0.0,0.0,0.0,0.0,0.0,0.0,0.0,0.0,0.0,0.0,0.0,0.0,0.0,0.0,999.0,6931.62,0.01,0.0,0.0,0.0,0.0,0.0,7.1
2016-10-28,0.0,0.0,0.0,0.0,0.0,0.0,0.0,0.0,0.0,0.0,0.0,0.0,0.0,0.0,0.0,0.0,0.0,0.0,0.0,0.0,0.0,0.0,0.0,0.0,0.0,0.0,0.0,0.0,0.0,999.0,7810.28,0.01,0.0,0.0,0.0,0.0,0.0,8.0
2016-10-31,0.0,0.0,0.0,0.0,0.0,0.0,0.0,0.0,0.0,0.0,0.0,0.0,0.0,0.0,0.0,0.0,0.0,0.0,0.0,0.0,0.0,0.0,0.0,0.0,0.0,0.0,0.0,0.0,0.0,999.0,7810.28,0.01,0.0,0.0,0.0,0.0,0.0,8.0
2016-11-01,0.0,0.0,0.0,0.0,0.0,0.0,0.0,0.0,0.0,0.0,0.0,0.0,0.0,0.0,0.0,0.0,0.0,0.0,0.0,0.0,0.0,0.0,0.0,0.0,0.0,0.0,0.0,0.0,0.0,999.0,13472.73,0.01,0.0,0.0,0.0,0.0,0.0,13.8
2016-11-02,0.0,0.0,0.0,0.0,0.0,0.0,0.0,0.0,0.0,0.0,0.0,0.0,0.0,0.0,0.0,0.0,0.0,0.0,0.0,0.0,0.0,0.0,0.0,0.0,0.0,0.0,0.0,0.0,0.0,999.0,13658.23,0.01,0.0,0.0,0.0,0.0,0.0,13.99
2016-11-03,0.0,0.0,0.0,0.0,0.0,0.0,0.0,0.0,0.0,0.0,0.0,0.0,0.0,0.0,0.0,0.0,0.0,0.0,0.0,0.0,0.0,0.0,0.0,0.0,0.0,0.0,0.0,0.0,0.0,999.0,12691.71,0.01,0.0,0.0,0.0,0.0,0.0,13.0
2016-11-04,0.0,0.0,0.0,0.0,0.0,0.0,0.0,0.0,0.0,0.0,0.0,0.0,0.0,0.0,0.0,0.0,0.0,0.0,0.0,0.0,0.0,0.0,0.0,0.0,0.0,0.0,0.0,0.0,0.0,999.0,12545.26,0.01,0.0,0.0,0.0,0.0,0.0,12.85
2016-11-07,0.0,0.0,0.0,0.0,0.0,0.0,0.0,0.0,0.0,0.0,0.0,0.0,0.0,0.0,0.0,0.0,0.0,0.0,0.0,0.0,0.0,0.0,0.0,0.0,0.0,0.0,0.0,0.0,0.0,999.0,16372.3,0.01,0.0,0.0,0.0,0.0,0.0,16.77
2016-11-08,0.0,0.0,0.0,0.0,0.0,0.0,0.0,0.0,0.0,0.0,0.0,0.0,0.0,0.0,0.0,0.0,0.0,0.0,0.0,0.0,0.0,0.0,0.0,0.0,0.0,0.0,0.0,0.0,0.0,999.0,16274.67,0.01,0.0,0.0,0.0,0.0,0.0,16.67
2016-11-09,0.0,0.0,0.0,0.0,0.0,0.0,0.0,0.0,0.0,0.0,0.0,0.0,0.0,0.0,0.0,0.0,0.0,0.0,0.0,0.0,0.0,0.0,0.0,0.0,0.0,0.0,0.0,0.0,0.0,999.0,18549.42,0.01,0.0,0.0,0.0,0.0,0.0,19.0
2016-11-10,0.0,0.0,0.0,0.0,0.0,0.0,0.0,0.0,0.0,0.0,0.0,0.0,0.0,0.0,0.0,0.0,0.0,0.0,0.0,0.0,0.0,0.0,0.0,0.0,0.0,0.0,0.0,0.0,0.0,999.0,18207.72,0.01,0.0,0.0,0.0,0.0,0.0,18.65
2016-11-11,0.0,0.0,0.0,0.0,0.0,0.0,0.0,0.0,0.0,0.0,0.0,0.0,0.0,0.0,0.0,0.0,0.0,0.0,0.0,0.0,0.0,0.0,0.0,0.0,0.0,0.0,0.0,0.0,0.0,999.0,17026.41,0.01,0.0,0.0,0.0,0.0,0.0,17.44
2016-11-14,0.0,0.0,0.0,0.0,0.0,0.0,0.0,0.0,0.0,0.0,0.0,0.0,0.0,0.0,0.0,0.0,0.0,0.0,0.0,0.0,0.0,0.0,0.0,0.0,0.0,0.0,0.0,0.0,0.0,999.0,16430.88,0.01,0.0,0.0,0.0,0.0,0.0,16.83
2016-11-15,0.0,0.0,0.0,0.0,0.0,0.0,0.0,0.0,0.0,0.0,0.0,0.0,0.0,0.0,0.0,0.0,0.0,0.0,0.0,0.0,0.0,0.0,0.0,0.0,0.0,0.0,0.0,0.0,0.0,999.0,17866.02,0.01,0.0,0.0,0.0,0.0,0.0,18.3
2016-11-16,0.0,0.0,0.0,0.0,0.0,0.0,0.0,0.0,0.0,0.0,0.0,0.0,0.0,0.0,0.0,0.0,0.0,0.0,0.0,0.0,0.0,0.0,0.0,0.0,0.0,0.0,0.0,0.0,0.0,999.0,20013.85,0.01,0.0,0.0,0.0,0.0,0.0,20.5
2016-11-17,0.0,0.0,0.0,0.0,0.0,0.0,0.0,0.0,0.0,0.0,0.0,0.0,0.0,0.0,0.0,0.0,0.0,0.0,0.0,0.0,0.0,0.0,0.0,0.0,0.0,0.0,0.0,0.0,0.0,999.0,22825.55,0.01,0.0,0.0,0.0,0.0,0.0,23.38
2016-11-18,0.0,0.0,0.0,0.0,0.0,0.0,0.0,0.0,0.0,0.0,0.0,0.0,0.0,0.0,0.0,0.0,0.0,0.0,0.0,0.0,0.0,0.0,0.0,0.0,0.0,0.0,0.0,0.0,0.0,999.0,23528.47,0.01,0.0,0.0,0.0,0.0,0.0,24.1
2016-11-21,0.0,0.0,0.0,0.0,0.0,0.0,0.0,0.0,0.0,0.0,0.0,0.0,0.0,0.0,0.0,0.0,0.0,0.0,0.0,0.0,0.0,0.0,0.0,0.0,0.0,0.0,0.0,0.0,0.0,999.0,23313.69,0.01,0.0,0.0,0.0,0.0,0.0,23.88
2016-11-22,0.0,0.0,0.0,0.0,0.0,0.0,0.0,0.0,0.0,0.0,0.0,0.0,0.0,0.0,0.0,0.0,0.0,0.0,0.0,0.0,0.0,0.0,0.0,0.0,0.0,0.0,0.0,0.0,0.0,999.0,21478.27,0.01,0.0,0.0,0.0,0.0,0.0,22.0
2016-11-23,0.0,0.0,0.0,0.0,0.0,0.0,0.0,0.0,0.0,0.0,0.0,0.0,0.0,0.0,0.0,0.0,0.0,0.0,0.0,0.0,0.0,0.0,0.0,0.0,0.0,0.0,0.0,0.0,0.0,999.0,22210.49,0.01,0.0,0.0,0.0,0.0,0.0,22.75
2016-11-24,0.0,0.0,0.0,0.0,0.0,0.0,0.0,0.0,0.0,0.0,0.0,0.0,0.0,0.0,0.0,0.0,0.0,0.0,0.0,0.0,0.0,0.0,0.0,0.0,0.0,0.0,0.0,0.0,0.0,999.0,21673.53,0.01,0.0,0.0,0.0,0.0,0.0,22.2
2016-11-25,0.0,0.0,0.0,0.0,0.0,0.0,0.0,0.0,0.0,0.0,0.0,0.0,0.0,0.0,0.0,0.0,0.0,0.0,0.0,0.0,0.0,0.0,0.0,0.0,0.0,0.0,0.0,0.0,0.0,999.0,21966.42,0.01,0.0,0.0,0.0,0.0,0.0,22.5
2016-11-28,0.0,0.0,0.0,0.0,0.0,0.0,0.0,0.0,0.0,0.0,0.0,0.0,0.0,0.0,0.0,0.0,0.0,0.0,0.0,0.0,0.0,0.0,0.0,0.0,0.0,0.0,0.0,0.0,0.0,999.0,20501.99,0.01,0.0,0.0,0.0,0.0,0.0,21.0
2016-11-29,0.0,0.0,0.0,0.0,0.0,0.0,0.0,0.0,0.0,0.0,0.0,0.0,0.0,0.0,0.0,0.0,0.0,0.0,0.0,0.0,0.0,0.0,0.0,0.0,0.0,0.0,0.0,0.0,0.0,999.0,20384.83,0.01,0.0,0.0,0.0,0.0,0.0,20.88
2016-11-30,0.0,0.0,0.0,0.0,0.0,0.0,0.0,0.0,0.0,0.0,0.0,0.0,0.0,0.0,0.0,0.0,0.0,0.0,0.0,0.0,0.0,0.0,0.0,0.0,0.0,0.0,0.0,0.0,0.0,999.0,18276.06,0.01,0.0,0.0,0.0,0.0,0.0,18.72
2016-12-01,0.0,0.0,0.0,0.0,0.0,0.0,0.0,0.0,0.0,0.0,0.0,0.0,0.0,0.0,0.0,0.0,0.0,0.0,0.0,0.0,0.0,0.0,0.0,0.0,0.0,0.0,0.0,0.0,0.0,999.0,18256.53,0.01,0.0,0.0,0.0,0.0,0.0,18.7
2016-12-02,0.0,0.0,0.0,0.0,0.0,0.0,0.0,0.0,0.0,0.0,0.0,0.0,0.0,0.0,0.0,0.0,0.0,0.0,0.0,0.0,0.0,0.0,0.0,0.0,0.0,0.0,0.0,0.0,0.0,999.0,19037.56,0.01,0.0,0.0,0.0,0.0,0.0,19.5
2016-12-05,0.0,0.0,0.0,0.0,0.0,0.0,0.0,0.0,0.0,0.0,0.0,0.0,0.0,0.0,0.0,0.0,0.0,0.0,0.0,0.0,0.0,0.0,0.0,0.0,0.0,0.0,0.0,0.0,0.0,999.0,19037.56,0.01,0.0,0.0,0.0,0.0,0.0,19.5
2016-12-06,0.0,0.0,0.0,0.0,0.0,0.0,0.0,0.0,0.0,0.0,0.0,0.0,0.0,0.0,0.0,0.0,0.0,0.0,0.0,0.0,0.0,0.0,0.0,0.0,0.0,0.0,0.0,0.0,0.0,999.0,18598.23,0.01,0.0,0.0,0.0,0.0,0.0,19.05
2016-12-07,0.0,0.0,0.0,0.0,0.0,0.0,0.0,0.0,0.0,0.0,0.0,0.0,0.0,0.0,0.0,0.0,0.0,0.0,0.0,0.0,0.0,0.0,0.0,0.0,0.0,0.0,0.0,0.0,0.0,999.0,19486.65,0.01,0.0,0.0,0.0,0.0,0.0,19.96
2016-12-08,0.0,0.0,0.0,0.0,0.0,0.0,0.0,0.0,0.0,0.0,0.0,0.0,0.0,0.0,0.0,0.0,0.0,0.0,0.0,0.0,0.0,0.0,0.0,0.0,0.0,0.0,0.0,0.0,0.0,999.0,18607.99,0.01,0.0,0.0,0.0,0.0,0.0,19.06
2016-12-09,0.0,0.0,0.0,0.0,0.0,0.0,0.0,0.0,0.0,0.0,0.0,0.0,0.0,0.0,0.0,0.0,0.0,0.0,0.0,0.0,0.0,0.0,0.0,0.0,0.0,0.0,0.0,0.0,0.0,999.0,18061.28,0.01,0.0,0.0,0.0,0.0,0.0,18.5
2016-12-12,0.0,0.0,0.0,0.0,0.0,0.0,0.0,0.0,0.0,0.0,0.0,0.0,0.0,0.0,0.0,0.0,0.0,0.0,0.0,0.0,0.0,0.0,0.0,0.0,0.0,0.0,0.0,0.0,0.0,999.0,17866.02,0.01,0.0,0.0,0.0,0.0,0.0,18.3
2016-12-13,0.0,0.0,0.0,0.0,0.0,0.0,0.0,0.0,0.0,0.0,0.0,0.0,0.0,0.0,0.0,0.0,0.0,0.0,0.0,0.0,0.0,0.0,0.0,0.0,0.0,0.0,0.0,0.0,0.0,999.0,17299.77,0.01,0.0,0.0,0.0,0.0,0.0,17.72
2016-12-14,0.0,0.0,0.0,0.0,0.0,0.0,0.0,0.0,0.0,0.0,0.0,0.0,0.0,0.0,0.0,0.0,0.0,0.0,0.0,0.0,0.0,0.0,0.0,0.0,0.0,0.0,0.0,0.0,0.0,999.0,18861.83,0.01,0.0,0.0,0.0,0.0,0.0,19.32
2016-12-15,0.0,0.0,0.0,0.0,0.0,0.0,0.0,0.0,0.0,0.0,0.0,0.0,0.0,0.0,0.0,0.0,0.0,0.0,0.0,0.0,0.0,0.0,0.0,0.0,0.0,0.0,0.0,0.0,0.0,999.0,18607.99,0.01,0.0,0.0,0.0,0.0,0.0,19.06
2016-12-16,0.0,0.0,0.0,0.0,0.0,0.0,0.0,0.0,0.0,0.0,0.0,0.0,0.0,0.0,0.0,0.0,0.0,0.0,0.0,0.0,0.0,0.0,0.0,0.0,0.0,0.0,0.0,0.0,0.0,999.0,19027.8,0.01,0.0,0.0,0.0,0.0,0.0,19.49
2016-12-19,1000.0,19212.98,0.05,0.04,0.05,0.02,0.0,19212.98,0.0,1000.0,0.0,0.0,0.0,0.0,1000.0,0.0,0.0,0.0,0.0,0.0,0.0,0.0,0.02,0.0,0.0,0.0,0.0,0.0,0.0,0.0,0.0,0.0,0.0,0.0,1.0,100.0,1.001,19.66
2016-12-20,1000.0,20268.42,0.05,0.04,0.05,0.02,0.0,20268.42,0.0,1000.0,0.0,0.0,0.0,0.0,0.0,0.0,0.0,0.0,0.0,0.0,0.0,0.0,0.0,0.0,0.0,0.0,0.0,0.0,0.0,0.0,0.0,0.0,0.0,0.0,1.0,100.0,1.001,20.74
2016-12-21,1000.0,20258.65,0.05,0.05,0.05,0.02,0.0,20258.65,0.0,1000.0,0.0,0.0,0.0,0.0,0.0,0.0,0.0,0.0,0.0,0.0,0.0,0.0,0.0,0.0,0.0,0.0,0.0,0.0,0.0,0.0,0.0,0.0,0.0,0.0,1.0,100.0,1.001,20.73
2016-12-22,1000.0,21011.14,0.05,0.05,0.05,0.02,0.0,21011.14,0.0,1000.0,0.0,0.0,0.0,0.0,0.0,0.0,0.0,0.0,0.0,0.0,0.0,0.0,0.0,0.0,0.0,0.0,0.0,0.0,0.0,0.0,0.0,0.0,0.0,0.0,1.0,100.0,1.001,21.5
2016-12-23,1000.0,21011.14,0.05,0.05,0.05,0.02,0.0,21011.14,0.0,1000.0,0.0,0.0,0.0,0.0,0.0,0.0,0.0,0.0,0.0,0.0,0.0,0.0,0.0,0.0,0.0,0.0,0.0,0.0,0.0,0.0,0.0,0.0,0.0,0.0,1.0,100.0,1.001,21.5
2016-12-26,1000.0,21011.14,0.05,0.05,0.05,0.02,0.0,21011.14,0.0,1000.0,0.0,0.0,0.0,0.0,0.0,0.0,0.0,0.0,0.0,0.0,0.0,0.0,0.0,0.0,0.0,0.0,0.0,0.0,0.0,0.0,0.0,0.0,0.0,0.0,1.0,100.0,1.001,0.0
2016-12-27,1000.0,21206.59,0.05,0.05,0.05,0.02,0.0,21206.59,0.0,1000.0,0.0,0.0,0.0,0.0,0.0,0.0,0.0,0.0,0.0,0.0,0.0,0.0,0.0,0.0,0.0,0.0,0.0,0.0,0.0,0.0,0.0,0.0,0.0,0.0,1.0,100.0,1.001,21.7
2016-12-28,1000.0,20639.78,0.05,0.05,0.05,0.02,0.0,20639.78,0.0,1000.0,0.0,0.0,0.0,0.0,0.0,0.0,0.0,0.0,0.0,0.0,0.0,0.0,0.0,0.0,0.0,0.0,0.0,0.0,0.0,0.0,0.0,0.0,0.0,0.0,1.0,100.0,1.001,21.12
2016-12-29,1000.0,20454.1,0.05,0.05,0.05,0.02,0.0,20454.1,0.0,1000.0,0.0,0.0,0.0,0.0,0.0,0.0,0.0,0.0,0.0,0.0,0.0,0.0,0.0,0.0,0.0,0.0,0.0,0.0,0.0,0.0,0.0,0.0,0.0,0.0,1.0,100.0,1.001,20.93
2016-12-30,1000.0,20424.78,0.05,0.06,0.05,0.02,0.0,20424.78,0.0,1000.0,0.0,0.0,0.0,0.0,0.0,0.0,0.0,0.0,0.0,0.0,0.0,0.0,0.0,0.0,0.0,0.0,0.0,0.0,0.0,0.0,0.0,0.0,0.0,0.0,1.0,100.0,1.001,20.9
2017-01-02,1000.0,19515.93,0.05,0.06,0.05,0.02,0.0,19515.93,0.0,1000.0,0.0,0.0,0.0,0.0,0.0,0.0,0.0,0.0,0.0,0.0,0.0,0.0,0.0,0.0,0.0,0.0,0.0,0.0,0.0,0.0,0.0,0.0,0.0,0.0,1.0,100.0,1.001,19.97
2017-01-03,1000.0,18655.94,0.05,0.07,0.05,0.02,0.0,18655.94,0.0,1000.0,0.0,0.0,0.0,0.0,0.0,0.0,0.0,0.0,0.0,0.0,0.0,0.0,0.0,0.0,0.0,0.0,0.0,0.0,0.0,0.0,0.0,0.0,0.0,0.0,1.0,100.0,1.001,19.09
2017-01-04,0.0,0.0,0.0,0.0,0.0,0.0,0.0,0.0,0.0,0.0,0.0,0.0,0.0,0.0,0.0,0.0,0.0,0.0,0.0,0.0,0.0,0.0,0.0,0.0,1000.0,0.0,0.02,0.0,0.0,999.0,19086.37,0.01,0.0,0.0,0.0,0.0,0.0,19.55
2017-01-05,0.0,0.0,0.0,0.0,0.0,0.0,0.0,0.0,0.0,0.0,0.0,0.0,0.0,0.0,0.0,0.0,0.0,0.0,0.0,0.0,0.0,0.0,0.0,0.0,0.0,0.0,0.0,0.0,0.0,999.0,20833.92,0.01,0.0,0.0,0.0,0.0,0.0,21.34
2017-01-06,0.0,0.0,0.0,0.0,0.0,0.0,0.0,0.0,0.0,0.0,0.0,0.0,0.0,0.0,0.0,0.0,0.0,0.0,0.0,0.0,0.0,0.0,0.0,0.0,0.0,0.0,0.0,0.0,0.0,999.0,20365.31,0.01,0.0,0.0,0.0,0.0,0.0,20.86
2017-01-09,0.0,0.0,0.0,0.0,0.0,0.0,0.0,0.0,0.0,0.0,0.0,0.0,0.0,0.0,0.0,0.0,0.0,0.0,0.0,0.0,0.0,0.0,0.0,0.0,0.0,0.0,0.0,0.0,0.0,999.0,20970.6,0.01,0.0,0.0,0.0,0.0,0.0,21.48
2017-01-10,0.0,0.0,0.0,0.0,0.0,0.0,0.0,0.0,0.0,0.0,0.0,0.0,0.0,0.0,0.0,0.0,0.0,0.0,0.0,0.0,0.0,0.0,0.0,0.0,0.0,0.0,0.0,0.0,0.0,999.0,21536.85,0.01,0.0,0.0,0.0,0.0,0.0,22.06
2017-01-11,0.0,0.0,0.0,0.0,0.0,0.0,0.0,0.0,0.0,0.0,0.0,0.0,0.0,0.0,0.0,0.0,0.0,0.0,0.0,0.0,0.0,0.0,0.0,0.0,0.0,0.0,0.0,0.0,0.0,999.0,22679.1,0.01,0.0,0.0,0.0,0.0,0.0,23.23
2017-01-12,0.0,0.0,0.0,0.0,0.0,0.0,0.0,0.0,0.0,0.0,0.0,0.0,0.0,0.0,0.0,0.0,0.0,0.0,0.0,0.0,0.0,0.0,0.0,0.0,0.0,0.0,0.0,0.0,0.0,999.0,22054.28,0.01,0.0,0.0,0.0,0.0,0.0,22.59
2017-01-13,0.0,0.0,0.0,0.0,0.0,0.0,0.0,0.0,0.0,0.0,0.0,0.0,0.0,0.0,0.0,0.0,0.0,0.0,0.0,0.0,0.0,0.0,0.0,0.0,0.0,0.0,0.0,0.0,0.0,999.0,22923.18,0.01,0.0,0.0,0.0,0.0,0.0,23.48
2017-01-16,0.0,0.0,0.0,0.0,0.0,0.0,0.0,0.0,0.0,0.0,0.0,0.0,0.0,0.0,0.0,0.0,0.0,0.0,0.0,0.0,0.0,0.0,0.0,0.0,0.0,0.0,0.0,0.0,0.0,999.0,26642.82,0.01,0.0,0.0,0.0,0.0,0.0,27.29
2017-01-17,0.0,0.0,0.0,0.0,0.0,0.0,0.0,0.0,0.0,0.0,0.0,0.0,0.0,0.0,0.0,0.0,0.0,0.0,0.0,0.0,0.0,0.0,0.0,0.0,0.0,0.0,0.0,0.0,0.0,999.0,27209.07,0.01,0.0,0.0,0.0,0.0,0.0,27.87
2017-01-18,0.0,0.0,0.0,0.0,0.0,0.0,0.0,0.0,0.0,0.0,0.0,0.0,0.0,0.0,0.0,0.0,0.0,0.0,0.0,0.0,0.0,0.0,0.0,0.0,0.0,0.0,0.0,0.0,0.0,999.0,25959.42,0.01,0.0,0.0,0.0,0.0,0.0,26.59
2017-01-19,0.0,0.0,0.0,0.0,0.0,0.0,0.0,0.0,0.0,0.0,0.0,0.0,0.0,0.0,0.0,0.0,0.0,0.0,0.0,0.0,0.0,0.0,0.0,0.0,0.0,0.0,0.0,0.0,0.0,999.0,29581.44,0.01,0.0,0.0,0.0,0.0,0.0,30.3
2017-01-20,0.0,0.0,0.0,0.0,0.0,0.0,0.0,0.0,0.0,0.0,0.0,0.0,0.0,0.0,0.0,0.0,0.0,0.0,0.0,0.0,0.0,0.0,0.0,0.0,0.0,0.0,0.0,0.0,0.0,999.0,27287.17,0.01,0.0,0.0,0.0,0.0,0.0,27.95
2017-01-23,0.0,0.0,0.0,0.0,0.0,0.0,0.0,0.0,0.0,0.0,0.0,0.0,0.0,0.0,0.0,0.0,0.0,0.0,0.0,0.0,0.0,0.0,0.0,0.0,0.0,0.0,0.0,0.0,0.0,999.0,28527.05,0.01,0.0,0.0,0.0,0.0,0.0,29.22
2017-01-24,0.0,0.0,0.0,0.0,0.0,0.0,0.0,0.0,0.0,0.0,0.0,0.0,0.0,0.0,0.0,0.0,0.0,0.0,0.0,0.0,0.0,0.0,0.0,0.0,0.0,0.0,0.0,0.0,0.0,999.0,28312.27,0.01,0.0,0.0,0.0,0.0,0.0,29.0
2017-01-25,0.0,0.0,0.0,0.0,0.0,0.0,0.0,0.0,0.0,0.0,0.0,0.0,0.0,0.0,0.0,0.0,0.0,0.0,0.0,0.0,0.0,0.0,0.0,0.0,0.0,0.0,0.0,0.0,0.0,999.0,28751.6,0.01,0.0,0.0,0.0,0.0,0.0,29.45
2017-01-26,0.0,0.0,0.0,0.0,0.0,0.0,0.0,0.0,0.0,0.0,0.0,0.0,0.0,0.0,0.0,0.0,0.0,0.0,0.0,0.0,0.0,0.0,0.0,0.0,0.0,0.0,0.0,0.0,0.0,999.0,26369.46,0.01,0.0,0.0,0.0,0.0,0.0,27.01
2017-01-27,0.0,0.0,0.0,0.0,0.0,0.0,0.0,0.0,0.0,0.0,0.0,0.0,0.0,0.0,0.0,0.0,0.0,0.0,0.0,0.0,0.0,0.0,0.0,0.0,0.0,0.0,0.0,0.0,0.0,999.0,26310.88,0.01,0.0,0.0,0.0,0.0,0.0,26.95
2017-01-30,0.0,0.0,0.0,0.0,0.0,0.0,0.0,0.0,0.0,0.0,0.0,0.0,0.0,0.0,0.0,0.0,0.0,0.0,0.0,0.0,0.0,0.0,0.0,0.0,0.0,0.0,0.0,0.0,0.0,999.0,23186.77,0.01,0.0,0.0,0.0,0.0,0.0,23.75
2017-01-31,0.0,0.0,0.0,0.0,0.0,0.0,0.0,0.0,0.0,0.0,0.0,0.0,0.0,0.0,0.0,0.0,0.0,0.0,0.0,0.0,0.0,0.0,0.0,0.0,0.0,0.0,0.0,0.0,0.0,999.0,22659.58,0.01,0.0,0.0,0.0,0.0,0.0,23.21
2017-02-01,0.0,0.0,0.0,0.0,0.0,0.0,0.0,0.0,0.0,0.0,0.0,0.0,0.0,0.0,0.0,0.0,0.0,0.0,0.0,0.0,0.0,0.0,0.0,0.0,0.0,0.0,0.0,0.0,0.0,999.0,22649.82,0.01,0.0,0.0,0.0,0.0,0.0,23.2
2017-02-02,0.0,0.0,0.0,0.0,0.0,0.0,0.0,0.0,0.0,0.0,0.0,0.0,0.0,0.0,0.0,0.0,0.0,0.0,0.0,0.0,0.0,0.0,0.0,0.0,0.0,0.0,0.0,0.0,0.0,999.0,22932.94,0.01,0.0,0.0,0.0,0.0,0.0,23.49
2017-02-03,0.0,0.0,0.0,0.0,0.0,0.0,0.0,0.0,0.0,0.0,0.0,0.0,0.0,0.0,0.0,0.0,0.0,0.0,0.0,0.0,0.0,0.0,0.0,0.0,0.0,0.0,0.0,0.0,0.0,999.0,20814.4,0.01,0.0,0.0,0.0,0.0,0.0,21.32
2017-02-06,0.0,0.0,0.0,0.0,0.0,0.0,0.0,0.0,0.0,0.0,0.0,0.0,0.0,0.0,0.0,0.0,0.0,0.0,0.0,0.0,0.0,0.0,0.0,0.0,0.0,0.0,0.0,0.0,0.0,999.0,23840.88,0.01,0.0,0.0,0.0,0.0,0.0,24.42
2017-02-07,0.0,0.0,0.0,0.0,0.0,0.0,0.0,0.0,0.0,0.0,0.0,0.0,0.0,0.0,0.0,0.0,0.0,0.0,0.0,0.0,0.0,0.0,0.0,0.0,0.0,0.0,0.0,0.0,0.0,999.0,24504.76,0.01,0.0,0.0,0.0,0.0,0.0,25.1
2017-02-08,0.0,0.0,0.0,0.0,0.0,0.0,0.0,0.0,0.0,0.0,0.0,0.0,0.0,0.0,0.0,0.0,0.0,0.0,0.0,0.0,0.0,0.0,0.0,0.0,0.0,0.0,0.0,0.0,0.0,999.0,24641.44,0.01,0.0,0.0,0.0,0.0,0.0,25.24
2017-02-09,0.0,0.0,0.0,0.0,0.0,0.0,0.0,0.0,0.0,0.0,0.0,0.0,0.0,0.0,0.0,0.0,0.0,0.0,0.0,0.0,0.0,0.0,0.0,0.0,0.0,0.0,0.0,0.0,0.0,999.0,23899.46,0.01,0.0,0.0,0.0,0.0,0.0,24.48
2017-02-10,0.0,0.0,0.0,0.0,0.0,0.0,0.0,0.0,0.0,0.0,0.0,0.0,0.0,0.0,0.0,0.0,0.0,0.0,0.0,0.0,0.0,0.0,0.0,0.0,0.0,0.0,0.0,0.0,0.0,999.0,23469.89,0.01,0.0,0.0,0.0,0.0,0.0,24.04
2017-02-13,0.0,0.0,0.0,0.0,0.0,0.0,0.0,0.0,0.0,0.0,0.0,0.0,0.0,0.0,0.0,0.0,0.0,0.0,0.0,0.0,0.0,0.0,0.0,0.0,0.0,0.0,0.0,0.0,0.0,999.0,22640.05,0.01,0.0,0.0,0.0,0.0,0.0,23.19
2017-02-14,0.0,0.0,0.0,0.0,0.0,0.0,0.0,0.0,0.0,0.0,0.0,0.0,0.0,0.0,0.0,0.0,0.0,0.0,0.0,0.0,0.0,0.0,0.0,0.0,0.0,0.0,0.0,0.0,0.0,999.0,21497.8,0.01,0.0,0.0,0.0,0.0,0.0,22.02
2017-02-15,0.0,0.0,0.0,0.0,0.0,0.0,0.0,0.0,0.0,0.0,0.0,0.0,0.0,0.0,0.0,0.0,0.0,0.0,0.0,0.0,0.0,0.0,0.0,0.0,0.0,0.0,0.0,0.0,0.0,999.0,22601.0,0.01,0.0,0.0,0.0,0.0,0.0,23.15
2017-02-16,0.0,0.0,0.0,0.0,0.0,0.0,0.0,0.0,0.0,0.0,0.0,0.0,0.0,0.0,0.0,0.0,0.0,0.0,0.0,0.0,0.0,0.0,0.0,0.0,0.0,0.0,0.0,0.0,0.0,999.0,22405.74,0.01,0.0,0.0,0.0,0.0,0.0,22.95
2017-02-17,0.0,0.0,0.0,0.0,0.0,0.0,0.0,0.0,0.0,0.0,0.0,0.0,0.0,0.0,0.0,0.0,0.0,0.0,0.0,0.0,0.0,0.0,0.0,0.0,0.0,0.0,0.0,0.0,0.0,999.0,22308.12,0.01,0.0,0.0,0.0,0.0,0.0,22.85
2017-02-20,0.0,0.0,0.0,0.0,0.0,0.0,0.0,0.0,0.0,0.0,0.0,0.0,0.0,0.0,0.0,0.0,0.0,0.0,0.0,0.0,0.0,0.0,0.0,0.0,0.0,0.0,0.0,0.0,0.0,999.0,22308.12,0.01,0.0,0.0,0.0,0.0,0.0,22.85
2017-02-21,0.0,0.0,0.0,0.0,0.0,0.0,0.0,0.0,0.0,0.0,0.0,0.0,0.0,0.0,0.0,0.0,0.0,0.0,0.0,0.0,0.0,0.0,0.0,0.0,0.0,0.0,0.0,0.0,0.0,999.0,22747.44,0.01,0.0,0.0,0.0,0.0,0.0,23.3
2017-02-22,0.0,0.0,0.0,0.0,0.0,0.0,0.0,0.0,0.0,0.0,0.0,0.0,0.0,0.0,0.0,0.0,0.0,0.0,0.0,0.0,0.0,0.0,0.0,0.0,0.0,0.0,0.0,0.0,0.0,999.0,21009.66,0.01,0.0,0.0,0.0,0.0,0.0,21.52
2017-02-23,0.0,0.0,0.0,0.0,0.0,0.0,0.0,0.0,0.0,0.0,0.0,0.0,0.0,0.0,0.0,0.0,0.0,0.0,0.0,0.0,0.0,0.0,0.0,0.0,0.0,0.0,0.0,0.0,0.0,999.0,21175.62,0.01,0.0,0.0,0.0,0.0,0.0,21.69
2017-02-24,0.0,0.0,0.0,0.0,0.0,0.0,0.0,0.0,0.0,0.0,0.0,0.0,0.0,0.0,0.0,0.0,0.0,0.0,0.0,0.0,0.0,0.0,0.0,0.0,0.0,0.0,0.0,0.0,0.0,999.0,21019.42,0.01,0.0,0.0,0.0,0.0,0.0,21.53
2017-02-27,0.0,0.0,0.0,0.0,0.0,0.0,0.0,0.0,0.0,0.0,0.0,0.0,0.0,0.0,0.0,0.0,0.0,0.0,0.0,0.0,0.0,0.0,0.0,0.0,0.0,0.0,0.0,0.0,0.0,999.0,21380.64,0.01,0.0,0.0,0.0,0.0,0.0,21.9
2017-02-28,2400.0,51271.09,0.09,0.12,0.09,0.05,0.0,51271.09,0.0,2400.0,0.0,0.0,0.0,0.0,2400.0,0.0,0.0,0.0,0.0,0.0,0.0,0.0,0.05,0.0,0.0,0.0,0.0,0.0,0.0,0.0,0.0,0.0,0.0,0.0,1.0,100.0,2.4024,21.86
2017-03-01,2400.0,54179.43,0.09,0.12,0.09,0.05,0.0,54179.43,0.0,2400.0,0.0,0.0,0.0,0.0,0.0,0.0,0.0,0.0,0.0,0.0,0.0,0.0,0.0,0.0,0.0,0.0,0.0,0.0,0.0,0.0,0.0,0.0,0.0,0.0,1.0,100.0,2.4024,23.1
2017-03-02,2400.0,54296.7,0.09,0.12,0.09,0.06,0.0,54296.7,0.0,2400.0,0.0,0.0,0.0,0.0,0.0,0.0,0.0,0.0,0.0,0.0,0.0,0.0,0.0,0.0,0.0,0.0,0.0,0.0,0.0,0.0,0.0,0.0,0.0,0.0,1.0,100.0,2.4024,23.15
2017-03-03,2400.0,54413.97,0.09,0.13,0.09,0.06,0.0,54413.97,0.0,2400.0,0.0,0.0,0.0,0.0,0.0,0.0,0.0,0.0,0.0,0.0,0.0,0.0,0.0,0.0,0.0,0.0,0.0,0.0,0.0,0.0,0.0,0.0,0.0,0.0,1.0,100.0,2.4024,23.2
2017-03-06,8500.0,190639.46,0.31,0.48,0.31,0.2,0.0,190639.46,0.0,8500.0,0.0,0.0,0.0,0.14,0.0,0.0,0.0,6100.0,0.0,0.0,0.14,0.0,0.0,0.0,0.0,0.0,0.0,0.0,0.0,0.0,0.0,0.0,0.0,0.0,1.0,100.0,8.5085,22.95
2017-03-07,8500.0,187399.84,0.31,0.49,0.31,0.2,0.0,187399.84,0.0,8500.0,0.0,0.0,0.0,0.0,0.0,0.0,0.0,0.0,0.0,0.0,0.0,0.0,0.0,0.0,0.0,0.0,0.0,0.0,0.0,0.0,0.0,0.0,0.0,0.0,1.0,100.0,8.5085,22.56
2017-03-08,8500.0,194792.83,0.31,0.52,0.31,0.19,0.0,194792.83,0.0,8500.0,0.0,0.0,0.0,0.0,0.0,0.0,0.0,0.0,0.0,0.0,0.0,0.0,0.0,0.0,0.0,0.0,0.0,0.0,0.0,0.0,0.0,0.0,0.0,0.0,1.0,100.0,8.5085,23.45
2017-03-09,8500.0,205176.24,0.31,0.56,0.31,0.2,0.0,205176.24,0.0,8500.0,0.0,0.0,0.0,0.0,0.0,0.0,0.0,0.0,0.0,0.0,0.0,0.0,0.0,0.0,0.0,0.0,0.0,0.0,0.0,0.0,0.0,0.0,0.0,0.0,1.0,100.0,8.5085,24.7
2017-03-10,8500.0,206339.18,0.31,0.57,0.31,0.21,0.0,206339.18,0.0,8500.0,0.0,0.0,0.0,0.0,0.0,0.0,0.0,0.0,0.0,0.0,0.0,0.0,0.0,0.0,0.0,0.0,0.0,0.0,0.0,0.0,0.0,0.0,0.0,0.0,1.0,100.0,8.5085,24.84
2017-03-13,8500.0,209744.94,0.31,0.59,0.31,0.21,0.0,209744.94,0.0,8500.0,0.0,0.0,0.0,0.0,0.0,0.0,0.0,0.0,0.0,0.0,0.0,0.0,0.0,0.0,0.0,0.0,0.0,0.0,0.0,0.0,0.0,0.0,0.0,0.0,1.0,100.0,8.5085,25.25
2017-03-14,8500.0,211157.09,0.31,0.61,0.31,0.21,0.0,211157.09,0.0,8500.0,0.0,0.0,0.0,0.0,0.0,0.0,0.0,0.0,0.0,0.0,0.0,0.0,0.0,0.0,0.0,0.0,0.0,0.0,0.0,0.0,0.0,0.0,0.0,0.0,1.0,100.0,8.5085,25.42
2017-03-15,9377.0,235784.3,0.34,0.72,0.34,0.24,0.0,235784.3,0.0,9377.0,0.0,0.0,0.0,0.02,77.0,0.0,0.0,800.0,0.0,0.0,0.02,0.0,0.0,0.0,0.0,0.0,0.0,0.0,0.0,0.0,0.0,0.0,0.0,0.82,0.9837,99.18,9.3864,25.73
2017-03-16,9377.0,233676.63,0.34,0.72,0.34,0.24,0.0,233676.63,0.0,9377.0,0.0,0.0,0.0,0.0,0.0,0.0,0.0,0.0,0.0,0.0,0.0,0.0,0.0,0.0,0.0,0.0,0.0,0.0,0.0,0.0,0.0,0.0,0.0,0.81,0.9839,99.19,9.3864,25.5
2017-03-17,9377.0,233676.63,0.34,0.72,0.34,0.24,0.0,233676.63,0.0,9377.0,0.0,0.0,0.0,0.0,0.0,0.0,0.0,0.0,0.0,0.0,0.0,0.0,0.0,0.0,0.0,0.0,0.0,0.0,0.0,0.0,0.0,0.0,0.0,0.82,0.9837,99.18,9.3864,25.5
2017-03-20,9377.0,237342.15,0.34,0.78,0.34,0.24,0.0,237342.15,0.0,9377.0,0.0,0.0,0.0,0.0,0.0,0.0,0.0,0.0,0.0,0.0,0.0,0.0,0.0,0.0,0.0,0.0,0.0,0.0,0.0,0.0,0.0,0.0,0.0,0.83,0.9834,99.17,9.3864,25.9
2017-03-21,9377.0,234776.29,0.34,0.86,0.34,0.24,0.0,234776.29,0.0,9377.0,0.0,0.0,0.0,0.0,0.0,0.0,0.0,0.0,0.0,0.0,0.0,0.0,0.0,0.0,0.0,0.0,0.0,0.0,0.0,0.0,0.0,0.0,0.0,0.81,0.9839,99.19,9.3864,25.62
2017-03-22,9377.0,235509.39,0.34,0.9,0.34,0.24,0.0,235509.39,0.0,9377.0,0.0,0.0,0.0,0.0,0.0,0.0,0.0,0.0,0.0,0.0,0.0,0.0,0.0,0.0,0.0,0.0,0.0,0.0,0.0,0.0,0.0,0.0,0.0,0.82,0.9837,99.18,9.3864,25.7
2017-03-23,9377.0,233401.72,0.34,0.92,0.34,0.24,0.0,233401.72,0.0,9377.0,0.0,0.0,0.0,0.0,0.0,0.0,0.0,0.0,0.0,0.0,0.0,0.0,0.0,0.0,0.0,0.0,0.0,0.0,0.0,0.0,0.0,0.0,0.0,0.81,0.9838,99.19,9.3864,25.47
2017-03-24,9377.0,231385.69,0.34,0.94,0.34,0.24,0.0,231385.69,0.0,9377.0,0.0,0.0,0.0,0.0,0.0,0.0,0.0,0.0,0.0,0.0,0.0,0.0,0.0,0.0,0.0,0.0,0.0,0.0,0.0,0.0,0.0,0.0,0.0,0.81,0.9838,99.19,9.3864,25.25
2017-03-27,9377.0,231019.13,0.34,0.99,0.34,0.24,0.0,231019.13,0.0,9377.0,0.0,0.0,0.0,0.0,0.0,0.0,0.0,0.0,0.0,0.0,0.0,0.0,0.0,0.0,0.0,0.0,0.0,0.0,0.0,0.0,0.0,0.0,0.0,0.82,0.9837,99.18,9.3864,25.21
2017-03-28,9315.0,227488.95,0.34,1.01,0.34,0.23,0.0,227488.95,738.0,9315.0,18023.28,0.0,0.0,0.0,0.0,0.0,0.0,0.0,0.0,0.0,0.0,0.0,0.0,738.0,62.0,0.01,0.0,100.0,73.87,0.0,0.0,0.0,100.0,0.82,0.9837,99.18,9.3243,24.99
2017-03-29,9315.0,226851.73,0.34,1.09,0.34,0.23,0.0,226851.73,738.0,9315.0,17972.79,0.0,0.0,0.0,0.0,0.0,0.0,0.0,0.0,0.0,0.0,0.0,0.0,0.0,0.0,0.01,0.0,100.0,73.87,0.0,0.0,0.0,100.0,0.82,0.9837,99.18,9.3243,24.92
2017-03-30,9315.0,224120.77,0.34,1.17,0.34,0.23,0.0,224120.77,738.0,9315.0,17756.43,0.0,0.0,0.0,0.0,0.0,0.0,0.0,0.0,0.0,0.0,0.0,0.0,0.0,0.0,0.02,0.0,100.0,73.87,0.0,0.0,0.0,100.0,0.82,0.9837,99.18,9.3243,24.62
2017-03-31,9315.0,219751.23,0.34,1.18,0.34,0.23,0.0,219751.23,738.0,9315.0,17410.24,0.0,0.0,0.0,0.0,0.0,0.0,0.0,0.0,0.0,0.0,0.0,0.0,0.0,0.0,0.02,0.0,100.0,73.87,0.0,0.0,0.0,100.0,0.81,0.9839,99.19,9.3243,24.14
2017-04-03,9315.0,213834.15,0.34,1.22,0.34,0.23,0.0,213834.15,738.0,9315.0,16941.45,0.0,0.0,0.0,0.0,0.0,0.0,0.0,0.0,0.0,0.0,0.0,0.0,0.0,0.0,0.02,0.0,100.0,73.87,0.0,0.0,0.0,100.0,0.8,0.9841,99.2,9.3243,23.49
2017-04-04,9315.0,217748.53,0.34,1.23,0.34,0.22,0.0,217748.53,738.0,9315.0,17251.57,0.0,0.0,0.0,0.0,0.0,0.0,0.0,0.0,0.0,0.0,0.0,0.0,0.0,0.0,0.02,0.0,100.0,73.87,0.0,0.0,0.0,100.0,0.83,0.9834,99.17,9.3243,23.92
2017-04-05,9315.0,222664.25,0.34,1.25,0.34,0.22,0.0,222664.25,738.0,9315.0,17641.03,0.0,0.0,0.0,0.0,0.0,0.0,0.0,0.0,0.0,0.0,0.0,0.0,0.0,0.0,0.02,0.0,100.0,73.87,0.0,0.0,0.0,100.0,0.84,0.9833,99.16,9.3243,24.46
2017-04-06,9315.0,227124.82,0.34,1.35,0.34,0.23,0.0,227124.82,738.0,9315.0,17994.43,0.0,0.0,0.0,0.0,0.0,0.0,0.0,0.0,0.0,0.0,0.0,0.0,0.0,0.0,0.02,0.0,100.0,73.87,0.0,0.0,0.0,100.0,0.84,0.9833,99.16,9.3243,24.95
2017-04-07,9315.0,223483.54,0.34,1.36,0.34,0.23,0.0,223483.54,738.0,9315.0,17705.94,0.0,0.0,0.0,0.0,0.0,0.0,0.0,0.0,0.0,0.0,0.0,0.0,0.0,0.0,0.02,0.0,100.0,73.87,0.0,0.0,0.0,100.0,0.81,0.9839,99.19,9.3243,24.55
2017-04-10,9315.0,220024.33,0.34,1.4,0.34,0.23,0.0,220024.33,738.0,9315.0,17431.88,0.0,0.0,0.0,0.0,0.0,0.0,0.0,0.0,0.0,0.0,0.0,0.0,0.0,0.0,0.02,0.0,100.0,73.87,0.0,0.0,0.0,100.0,0.81,0.9839,99.19,9.3243,24.17
2017-04-11,9315.0,222937.35,0.34,1.44,0.34,0.23,0.0,222937.35,738.0,9315.0,17662.67,0.0,0.0,0.0,0.0,0.0,0.0,0.0,0.0,0.0,0.0,0.0,0.0,0.0,0.0,0.02,0.0,100.0,73.87,0.0,0.0,0.0,100.0,0.84,0.9834,99.16,9.3243,24.49
2017-04-12,9315.0,222937.35,0.34,1.47,0.34,0.23,0.0,222937.35,738.0,9315.0,17662.67,0.0,0.0,0.0,0.0,0.0,0.0,0.0,0.0,0.0,0.0,0.0,0.0,0.0,0.0,0.02,0.0,100.0,73.87,0.0,0.0,0.0,100.0,0.82,0.9837,99.18,9.3243,24.49
2017-04-13,9315.0,220388.45,0.34,1.54,0.34,0.23,0.0,220388.45,738.0,9315.0,17460.73,0.0,0.0,0.0,0.0,0.0,0.0,0.0,0.0,0.0,0.0,0.0,0.0,0.0,0.0,0.02,0.0,100.0,73.87,0.0,0.0,0.0,100.0,0.81,0.9838,99.19,9.3243,24.21
2017-04-14,9315.0,220388.45,0.34,1.59,0.34,0.23,0.0,220388.45,738.0,9315.0,17460.73,0.0,0.0,0.0,0.0,0.0,0.0,0.0,0.0,0.0,0.0,0.0,0.0,0.0,0.0,0.02,0.0,100.0,73.87,0.0,0.0,0.0,100.0,0.82,0.9837,99.18,9.3243,0.0
2017-04-17,9315.0,220388.45,0.34,1.59,0.34,0.23,0.0,220388.45,738.0,9315.0,17460.73,0.0,0.0,0.0,0.0,0.0,0.0,0.0,0.0,0.0,0.0,0.0,0.0,0.0,77.0,0.02,0.0,100.0,73.87,0.0,0.0,0.0,100.0,0.82,0.9837,99.18,9.3243,0.0
2017-04-18,9315.0,205095.08,0.34,1.59,0.34,0.23,0.0,205095.08,738.0,9315.0,16249.08,0.0,0.0,0.0,0.0,0.0,0.0,0.0,0.0,0.0,0.0,0.0,0.0,0.0,0.0,0.02,0.0,100.0,73.87,0.0,0.0,0.0,100.0,0.76,0.9848,99.24,9.3243,22.53
2017-04-19,9315.0,199178.0,0.34,1.59,0.34,0.21,0.0,199178.0,738.0,9315.0,15780.29,0.0,0.0,0.0,0.0,0.0,0.0,0.0,0.0,0.0,0.0,0.0,0.0,0.0,0.0,0.02,0.0,100.0,73.87,0.0,0.0,0.0,100.0,0.79,0.9842,99.21,9.3243,21.88
2017-04-20,9315.0,211012.16,0.34,1.54,0.34,0.21,0.0,211012.16,738.0,9315.0,16717.87,0.0,0.0,0.0,0.0,0.0,0.0,0.0,0.0,0.0,0.0,0.0,0.0,0.0,0.0,0.02,0.0,100.0,73.87,0.0,0.0,0.0,100.0,0.87,0.9828,99.13,9.3243,23.18
2017-04-21,9315.0,213196.93,0.34,1.49,0.34,0.22,0.0,213196.93,738.0,9315.0,16890.96,0.0,0.0,0.0,0.0,0.0,0.0,0.0,0.0,0.0,0.0,0.0,0.0,0.0,0.0,0.02,0.0,100.0,73.87,0.0,0.0,0.0,100.0,0.83,0.9836,99.17,9.3243,23.42
2017-04-24,9315.0,226578.63,0.34,1.52,0.34,0.22,0.0,226578.63,738.0,9315.0,17951.16,0.0,0.0,0.0,0.0,0.0,0.0,0.0,0.0,0.0,0.0,0.0,0.0,0.0,0.0,0.02,0.0,100.0,73.87,0.0,0.0,0.0,100.0,0.87,0.9827,99.13,9.3243,24.89
2017-04-25,9315.0,234043.25,0.34,1.6,0.34,0.23,0.0,234043.25,738.0,9315.0,18542.56,0.0,0.0,0.0,0.0,0.0,0.0,0.0,0.0,0.0,0.0,0.0,0.0,0.0,0.0,0.02,0.0,100.0,73.87,0.0,0.0,0.0,100.0,0.85,0.9831,99.15,9.3243,25.71
2017-04-26,9315.0,247151.86,0.34,1.65,0.34,0.24,0.0,247151.86,738.0,9315.0,19581.11,0.0,0.0,0.0,0.0,0.0,0.0,0.0,0.0,0.0,0.0,0.0,0.0,0.0,0.0,0.02,0.0,100.0,73.87,0.0,0.0,0.0,100.0,0.87,0.9827,99.13,9.3243,27.15
2017-04-27,9315.0,247151.86,0.34,1.65,0.34,0.25,0.0,247151.86,738.0,9315.0,19581.11,0.0,0.0,0.0,0.0,0.0,0.0,0.0,0.0,0.0,0.0,0.0,0.0,0.0,0.0,0.02,0.0,100.0,73.87,0.0,0.0,0.0,100.0,0.83,0.9835,99.17,9.3243,27.15
2017-04-28,9238.0,241226.83,0.33,1.59,0.33,0.25,0.0,241226.83,738.0,9238.0,19270.99,0.0,0.0,0.0,0.0,0.0,0.0,0.0,0.0,0.0,0.0,0.0,0.0,0.0,77.0,0.02,0.0,100.0,73.87,0.0,0.0,0.0,100.0,0.0,1.0,100.0,9.2472,26.72
2017-05-01,9238.0,241226.83,0.33,1.72,0.33,0.25,0.0,241226.83,738.0,9238.0,19270.99,0.0,0.0,0.0,0.0,0.0,0.0,0.0,0.0,0.0,0.0,0.0,0.0,0.0,0.0,0.02,0.0,100.0,73.87,0.0,0.0,0.0,100.0,0.0,1.0,100.0,9.2472,0.0
2017-05-02,9238.0,163405.9,0.33,1.72,0.33,0.25,0.0,163405.9,738.0,9238.0,13054.08,0.0,0.0,0.0,0.0,0.0,0.0,0.0,0.0,0.0,0.0,0.0,0.0,0.0,0.0,0.02,0.0,100.0,73.87,0.0,0.0,0.0,100.0,0.0,1.0,100.0,9.2472,18.1
2017-05-03,9238.0,152120.96,0.33,1.16,0.33,0.17,0.0,152120.96,738.0,9238.0,12152.55,0.0,0.0,0.0,0.0,0.0,0.0,0.0,0.0,0.0,0.0,0.0,0.0,0.0,0.0,0.01,0.0,100.0,73.87,0.0,0.0,0.0,100.0,0.0,1.0,100.0,9.2472,16.85
2017-05-04,9238.0,144447.2,0.33,1.03,0.33,0.16,0.0,144447.2,738.0,9238.0,11539.51,0.0,0.0,0.0,0.0,0.0,0.0,0.0,0.0,0.0,0.0,0.0,0.0,0.0,0.0,0.01,0.0,100.0,73.87,0.0,0.0,0.0,100.0,0.0,1.0,100.0,9.2472,16.0
2017-05-05,9238.0,166655.96,0.33,0.9,0.33,0.15,0.0,166655.96,738.0,9238.0,13313.71,0.0,0.0,0.0,0.0,0.0,0.0,0.0,0.0,0.0,0.0,0.0,0.0,0.0,0.0,0.01,0.0,100.0,73.87,0.0,0.0,0.0,100.0,0.0,1.0,100.0,9.2472,18.46
2017-05-08,9238.0,157086.33,0.33,0.81,0.33,0.18,0.0,157086.33,738.0,9238.0,12549.22,0.0,0.0,0.0,0.0,0.0,0.0,0.0,0.0,0.0,0.0,0.0,0.0,0.0,0.0,0.01,0.0,100.0,73.87,0.0,0.0,0.0,100.0,0.0,1.0,100.0,9.2472,17.4
2017-05-09,9238.0,153565.43,0.33,0.76,0.33,0.17,0.0,153565.43,738.0,9238.0,12267.95,0.0,0.0,0.0,0.0,0.0,0.0,0.0,0.0,0.0,0.0,0.0,0.0,0.0,0.0,0.01,0.0,100.0,73.87,0.0,0.0,0.0,100.0,0.0,1.0,100.0,9.2472,17.01
2017-05-10,9238.0,150676.49,0.33,0.72,0.33,0.16,0.0,150676.49,738.0,9238.0,12037.16,0.0,0.0,0.0,0.0,0.0,0.0,0.0,0.0,0.0,0.0,0.0,0.0,0.0,0.0,0.01,0.0,100.0,73.87,0.0,0.0,0.0,100.0,0.0,1.0,100.0,9.2472,16.69
2017-05-11,9238.0,144447.2,0.33,0.7,0.33,0.16,0.0,144447.2,738.0,9238.0,11539.51,0.0,0.0,0.0,0.0,0.0,0.0,0.0,0.0,0.0,0.0,0.0,0.0,0.0,0.0,0.01,0.0,100.0,73.87,0.0,0.0,0.0,100.0,0.0,1.0,100.0,9.2472,16.0
2017-05-12,9238.0,138849.87,0.33,0.67,0.33,0.15,0.0,138849.87,738.0,9238.0,11092.36,0.0,0.0,0.0,0.0,0.0,0.0,0.0,0.0,0.0,0.0,0.0,0.0,0.0,0.0,0.01,0.0,100.0,73.87,0.0,0.0,0.0,100.0,0.0,1.0,100.0,9.2472,15.38
2017-05-15,9238.0,143544.41,0.33,0.63,0.33,0.15,0.0,143544.41,738.0,9238.0,11467.39,0.0,0.0,0.0,0.0,0.0,0.0,0.0,0.0,0.0,0.0,0.0,0.0,0.0,0.0,0.01,0.0,100.0,73.87,0.0,0.0,0.0,100.0,0.0,1.0,100.0,9.2472,15.9
2017-05-16,9238.0,141467.98,0.33,0.62,0.33,0.15,0.0,141467.98,738.0,9238.0,11301.51,0.0,0.0,0.0,0.0,0.0,0.0,0.0,0.0,0.0,0.0,0.0,0.0,0.0,0.0,0.01,0.0,100.0,73.87,0.0,0.0,0.0,100.0,0.0,1.0,100.0,9.2472,15.67
2017-05-17,9238.0,135148.41,0.33,0.6,0.33,0.15,0.0,135148.41,738.0,9238.0,10796.66,0.0,0.0,0.0,0.0,0.0,0.0,0.0,0.0,0.0,0.0,0.0,0.0,0.0,0.0,0.01,0.0,100.0,73.87,0.0,0.0,0.0,100.0,0.0,1.0,100.0,9.2472,14.97
2017-05-18,9238.0,130724.72,0.33,0.58,0.33,0.15,0.0,130724.72,738.0,9238.0,10443.26,0.0,0.0,0.0,0.0,0.0,0.0,0.0,0.0,0.0,0.0,0.0,0.0,0.0,0.0,0.01,0.0,100.0,73.87,0.0,0.0,0.0,100.0,0.0,1.0,100.0,9.2472,14.48
2017-05-19,9238.0,135238.69,0.33,0.56,0.33,0.14,0.0,135238.69,738.0,9238.0,10803.87,0.0,0.0,0.0,0.0,0.0,0.0,0.0,0.0,0.0,0.0,0.0,0.0,0.0,0.0,0.01,0.0,100.0,73.87,0.0,0.0,0.0,100.0,0.0,1.0,100.0,9.2472,14.98
2017-05-22,9238.0,125939.9,0.33,0.54,0.33,0.15,0.0,125939.9,738.0,9238.0,10061.01,0.0,0.0,0.0,0.0,0.0,0.0,0.0,0.0,0.0,0.0,0.0,0.0,0.0,0.0,0.01,0.0,100.0,73.87,0.0,0.0,0.0,100.0,0.0,1.0,100.0,9.2472,13.95
2017-05-23,9865.0,132559.54,0.36,0.53,0.36,0.15,0.0,132559.54,738.0,9865.0,9916.77,0.0,0.0,0.0,627.0,0.0,0.0,0.0,0.0,0.0,0.0,0.0,0.01,0.0,0.0,0.01,0.0,100.0,73.87,0.0,0.0,0.0,100.0,5.96,0.8879,94.04,9.8749,13.75
2017-05-24,9865.0,134969.71,0.36,0.51,0.36,0.14,0.0,134969.71,738.0,9865.0,10097.08,0.0,0.0,0.0,0.0,0.0,0.0,0.0,0.0,0.0,0.0,0.0,0.0,0.0,0.0,0.01,0.0,100.0,73.87,0.0,0.0,0.0,100.0,6.09,0.8855,93.91,9.8749,14.0
2017-05-25,9865.0,135355.34,0.36,0.48,0.36,0.15,0.0,135355.34,738.0,9865.0,10125.92,0.0,0.0,0.0,0.0,0.0,0.0,0.0,0.0,0.0,0.0,0.0,0.0,0.0,0.0,0.01,0.0,100.0,73.87,0.0,0.0,0.0,100.0,6.04,0.8865,93.96,9.8749,14.04
2017-05-26,9865.0,139211.62,0.36,0.48,0.36,0.15,0.0,139211.62,738.0,9865.0,10414.41,0.0,0.0,0.0,0.0,0.0,0.0,0.0,0.0,0.0,0.0,0.0,0.0,0.0,0.0,0.01,0.0,100.0,73.87,0.0,0.0,0.0,100.0,6.18,0.884,93.82,9.8749,14.44
2017-05-29,9865.0,134873.3,0.36,0.45,0.36,0.15,0.0,134873.3,738.0,9865.0,10089.86,0.0,0.0,0.0,0.0,0.0,0.0,0.0,0.0,0.0,0.0,0.0,0.0,0.0,0.0,0.01,0.0,100.0,73.87,0.0,0.0,0.0,100.0,6.07,0.886,93.93,9.8749,13.99
2017-05-30,9865.0,132559.54,0.36,0.44,0.36,0.15,0.0,132559.54,738.0,9865.0,9916.77,0.0,0.0,0.0,0.0,0.0,0.0,0.0,0.0,0.0,0.0,0.0,0.0,0.0,0.0,0.01,0.0,100.0,73.87,0.0,0.0,0.0,100.0,5.92,0.8886,94.08,9.8749,13.75
2017-05-31,9865.0,137283.48,0.36,0.43,0.36,0.14,0.0,137283.48,738.0,9865.0,10270.17,0.0,0.0,0.0,0.0,0.0,0.0,0.0,0.0,0.0,0.0,0.0,0.0,0.0,0.0,0.01,0.0,100.0,73.87,0.0,0.0,0.0,100.0,6.21,0.8834,93.79,9.8749,14.24
2017-06-01,9865.0,137283.48,0.36,0.42,0.36,0.15,0.0,137283.48,738.0,9865.0,10270.17,0.0,0.0,0.0,0.0,0.0,0.0,0.0,0.0,0.0,0.0,0.0,0.0,0.0,0.0,0.01,0.0,100.0,73.87,0.0,0.0,0.0,100.0,6.04,0.8865,93.96,9.8749,14.24
2017-06-02,9865.0,139790.06,0.36,0.42,0.36,0.15,0.0,139790.06,738.0,9865.0,10457.68,0.0,0.0,0.0,0.0,0.0,0.0,0.0,0.0,0.0,0.0,0.0,0.0,0.0,0.0,0.01,0.0,100.0,73.87,0.0,0.0,0.0,100.0,6.14,0.8848,93.86,9.8749,14.5
2017-06-05,9865.0,135258.93,0.36,0.42,0.36,0.15,0.0,135258.93,738.0,9865.0,10118.71,0.0,0.0,0.0,0.0,0.0,0.0,0.0,0.0,0.0,0.0,0.0,0.0,0.0,0.0,0.01,0.0,100.0,73.87,0.0,0.0,0.0,100.0,5.86,0.8896,94.14,9.8749,14.03
2017-06-06,9865.0,139790.06,0.36,0.41,0.36,0.15,0.0,139790.06,738.0,9865.0,10457.68,0.0,0.0,0.0,0.0,0.0,0.0,0.0,0.0,0.0,0.0,0.0,0.0,0.0,0.0,0.01,0.0,100.0,73.87,0.0,0.0,0.0,100.0,6.21,0.8835,93.79,9.8749,14.5
2017-06-07,9865.0,136705.03,0.36,0.42,0.36,0.15,0.0,136705.03,738.0,9865.0,10226.89,0.0,0.0,0.0,0.0,0.0,0.0,0.0,0.0,0.0,0.0,0.0,0.0,0.0,0.0,0.01,0.0,100.0,73.87,0.0,0.0,0.0,100.0,5.93,0.8885,94.07,9.8749,14.18
2017-06-08,9865.0,136994.26,0.36,0.42,0.36,0.15,0.0,136994.26,738.0,9865.0,10248.53,0.0,0.0,0.0,0.0,0.0,0.0,0.0,0.0,0.0,0.0,0.0,0.0,0.0,0.0,0.01,0.0,100.0,73.87,0.0,0.0,0.0,100.0,6.05,0.8863,93.95,9.8749,14.21
2017-06-09,9865.0,135548.15,0.36,0.42,0.36,0.15,0.0,135548.15,738.0,9865.0,10140.35,0.0,0.0,0.0,0.0,0.0,0.0,0.0,0.0,0.0,0.0,0.0,0.0,0.0,0.0,0.01,0.0,100.0,73.87,0.0,0.0,0.0,100.0,5.97,0.8877,94.03,9.8749,14.06
2017-06-12,9865.0,139500.84,0.36,0.43,0.36,0.15,0.0,139500.84,738.0,9865.0,10436.05,0.0,0.0,0.0,0.0,0.0,0.0,0.0,0.0,0.0,0.0,0.0,0.0,0.0,0.0,0.01,0.0,100.0,73.87,0.0,0.0,0.0,100.0,6.19,0.8838,93.81,9.8749,14.47
2017-06-13,9865.0,151069.67,0.36,0.43,0.36,0.15,0.0,151069.67,738.0,9865.0,11301.51,0.0,0.0,0.0,0.0,0.0,0.0,0.0,0.0,0.0,0.0,0.0,0.0,0.0,0.0,0.01,0.0,100.0,73.87,0.0,0.0,0.0,100.0,6.52,0.8781,93.48,9.8749,15.67
2017-06-14,9865.0,144514.0,0.36,0.46,0.36,0.16,0.0,144514.0,738.0,9865.0,10811.08,0.0,0.0,0.0,0.0,0.0,0.0,0.0,0.0,0.0,0.0,0.0,0.0,0.0,0.0,0.01,0.0,100.0,73.87,0.0,0.0,0.0,100.0,5.88,0.8892,94.12,9.8749,14.99
2017-06-15,9865.0,139115.21,0.36,0.48,0.36,0.15,0.0,139115.21,738.0,9865.0,10407.2,0.0,0.0,0.0,0.0,0.0,0.0,0.0,0.0,0.0,0.0,0.0,0.0,0.0,0.0,0.01,0.0,100.0,73.87,0.0,0.0,0.0,100.0,5.86,0.8897,94.14,9.8749,14.43
2017-06-16,9865.0,142682.26,0.36,0.51,0.36,0.15,0.0,142682.26,738.0,9865.0,10674.05,0.0,0.0,0.0,0.0,0.0,0.0,0.0,0.0,0.0,0.0,0.0,0.0,0.0,0.0,0.01,0.0,100.0,73.87,0.0,0.0,0.0,100.0,6.19,0.8838,93.81,9.8749,14.8
2017-06-19,9865.0,141814.6,0.36,0.54,0.36,0.15,0.0,141814.6,738.0,9865.0,10609.14,0.0,0.0,0.0,0.0,0.0,0.0,0.0,0.0,0.0,0.0,0.0,0.0,0.0,0.0,0.01,0.0,100.0,73.87,0.0,0.0,0.0,100.0,6.04,0.8866,93.96,9.8749,14.71
2017-06-20,9865.0,143646.33,0.36,0.56,0.36,0.15,0.0,143646.33,738.0,9865.0,10746.17,0.0,0.0,0.0,0.0,0.0,0.0,0.0,0.0,0.0,0.0,0.0,0.0,0.0,0.0,0.01,0.0,100.0,73.87,0.0,0.0,0.0,100.0,6.12,0.885,93.88,9.8749,14.9
2017-06-21,9865.0,143646.33,0.36,0.59,0.36,0.15,0.0,143646.33,738.0,9865.0,10746.17,0.0,0.0,0.0,0.0,0.0,0.0,0.0,0.0,0.0,0.0,0.0,0.0,0.0,0.0,0.01,0.0,100.0,73.87,0.0,0.0,0.0,100.0,6.05,0.8863,93.95,9.8749,14.9
2017-06-22,9865.0,143067.89,0.36,0.6,0.36,0.15,0.0,143067.89,738.0,9865.0,10702.9,0.0,0.0,0.0,0.0,0.0,0.0,0.0,0.0,0.0,0.0,0.0,0.0,0.0,0.0,0.01,0.0,100.0,73.87,0.0,0.0,0.0,100.0,6.04,0.8864,93.96,9.8749,14.84
2017-06-23,9865.0,142778.67,0.36,0.62,0.36,0.15,0.0,142778.67,738.0,9865.0,10681.26,0.0,0.0,0.0,0.0,0.0,0.0,0.0,0.0,0.0,0.0,0.0,0.0,0.0,0.0,0.01,0.0,100.0,73.87,0.0,0.0,0.0,100.0,6.06,0.8862,93.94,9.8749,14.81
2017-06-26,9865.0,142007.42,0.36,0.65,0.36,0.15,0.0,142007.42,738.0,9865.0,10623.57,0.0,0.0,0.0,0.0,0.0,0.0,0.0,0.0,0.0,0.0,0.0,0.0,0.0,0.0,0.01,0.0,100.0,73.87,0.0,0.0,0.0,100.0,6.04,0.8865,93.96,9.8749,14.73
2017-06-27,9865.0,139790.06,0.36,0.66,0.36,0.15,0.0,139790.06,738.0,9865.0,10457.68,0.0,0.0,0.0,0.0,0.0,0.0,0.0,0.0,0.0,0.0,0.0,0.0,0.0,0.0,0.01,0.0,100.0,73.87,0.0,0.0,0.0,100.0,5.95,0.888,94.05,9.8749,14.5
2017-06-28,9865.0,146634.95,0.36,0.68,0.36,0.15,0.0,146634.95,738.0,9865.0,10969.75,0.0,0.0,0.0,0.0,0.0,0.0,0.0,0.0,0.0,0.0,0.0,0.0,0.0,0.0,0.01,0.0,100.0,73.87,0.0,0.0,0.0,100.0,6.33,0.8814,93.67,9.8749,15.21
2017-06-29,9865.0,144514.0,0.36,0.7,0.36,0.16,0.0,144514.0,738.0,9865.0,10811.08,0.0,0.0,0.0,0.0,0.0,0.0,0.0,0.0,0.0,0.0,0.0,0.0,0.0,0.0,0.01,0.0,100.0,73.87,0.0,0.0,0.0,100.0,6.01,0.8871,93.99,9.8749,14.99
2017-06-30,9865.0,147309.8,0.36,0.74,0.36,0.15,0.0,147309.8,738.0,9865.0,11020.24,0.0,0.0,0.0,0.0,0.0,0.0,0.0,0.0,0.0,0.0,0.0,0.0,0.0,0.0,0.01,0.0,100.0,73.87,0.0,0.0,0.0,100.0,6.18,0.884,93.82,9.8749,15.28
2017-07-03,9865.0,148852.31,0.36,0.77,0.36,0.16,0.0,148852.31,738.0,9865.0,11135.63,0.0,0.0,0.0,0.0,0.0,0.0,0.0,0.0,0.0,0.0,0.0,0.0,0.0,0.0,0.01,0.0,100.0,73.87,0.0,0.0,0.0,100.0,6.08,0.8858,93.92,9.8749,15.44
2017-07-04,9865.0,144610.4,0.36,0.84,0.36,0.16,0.0,144610.4,738.0,9865.0,10818.29,0.0,0.0,0.0,0.0,0.0,0.0,0.0,0.0,0.0,0.0,0.0,0.0,0.0,0.0,0.01,0.0,100.0,73.87,0.0,0.0,0.0,100.0,6.02,0.8868,93.98,9.8749,15.0
2017-07-05,9865.0,146538.54,0.36,0.94,0.36,0.15,0.0,146538.54,738.0,9865.0,10962.54,0.0,0.0,0.0,0.0,0.0,0.0,0.0,0.0,0.0,0.0,0.0,0.0,0.0,0.0,0.01,0.0,100.0,73.87,0.0,0.0,0.0,100.0,6.17,0.8842,93.83,9.8749,15.2
2017-07-06,9865.0,145767.29,0.36,1.05,0.36,0.16,0.0,145767.29,738.0,9865.0,10904.84,0.0,0.0,0.0,0.0,0.0,0.0,0.0,0.0,0.0,0.0,0.0,0.0,0.0,0.0,0.01,0.0,100.0,73.87,0.0,0.0,0.0,100.0,6.06,0.8862,93.94,9.8749,15.12
2017-07-07,9865.0,143453.52,0.36,1.08,0.36,0.16,0.0,143453.52,738.0,9865.0,10731.75,0.0,0.0,0.0,0.0,0.0,0.0,0.0,0.0,0.0,0.0,0.0,0.0,0.0,0.0,0.01,0.0,100.0,73.87,0.0,0.0,0.0,100.0,5.99,0.8873,94.01,9.8749,14.88
2017-07-10,9865.0,143453.52,0.36,1.21,0.36,0.15,0.0,143453.52,738.0,9865.0,10731.75,0.0,0.0,0.0,0.0,0.0,0.0,0.0,0.0,0.0,0.0,0.0,0.0,0.0,0.0,0.01,0.0,100.0,73.87,0.0,0.0,0.0,100.0,6.07,0.8859,93.93,9.8749,14.88
2017-07-11,9865.0,138633.17,0.36,1.31,0.36,0.15,0.0,138633.17,738.0,9865.0,10371.14,0.0,0.0,0.0,0.0,0.0,0.0,0.0,0.0,0.0,0.0,0.0,0.0,0.0,0.0,0.01,0.0,100.0,73.87,0.0,0.0,0.0,100.0,5.87,0.8895,94.13,9.8749,14.38
2017-07-12,9865.0,138633.17,0.35,1.43,0.35,0.15,0.0,138633.17,738.0,9865.0,10371.14,0.0,0.0,0.0,0.0,0.0,0.0,0.0,0.0,0.0,0.0,0.0,0.0,0.0,0.0,0.01,0.0,100.0,73.87,0.0,0.0,0.0,100.0,6.06,0.8862,93.94,9.8749,14.38
2017-07-13,9865.0,144417.59,0.35,1.5,0.35,0.15,0.0,144417.59,738.0,9865.0,10803.87,0.0,0.0,0.0,0.0,0.0,0.0,0.0,0.0,0.0,0.0,0.0,0.0,0.0,0.0,0.01,0.0,100.0,73.87,0.0,0.0,0.0,100.0,6.29,0.8821,93.71,9.8749,14.98
2017-07-14,9865.0,143164.3,0.35,1.56,0.35,0.15,0.0,143164.3,738.0,9865.0,10710.11,0.0,0.0,0.0,0.0,0.0,0.0,0.0,0.0,0.0,0.0,0.0,0.0,0.0,0.0,0.01,0.0,100.0,73.87,0.0,0.0,0.0,100.0,6.03,0.8867,93.97,9.8749,14.85
2017-07-17,9865.0,142296.64,0.35,1.61,0.35,0.15,0.0,142296.64,738.0,9865.0,10645.2,0.0,0.0,0.0,0.0,0.0,0.0,0.0,0.0,0.0,0.0,0.0,0.0,0.0,0.0,0.01,0.0,100.0,73.87,0.0,0.0,0.0,100.0,6.04,0.8865,93.96,9.8749,14.76
2017-07-18,9865.0,140464.91,0.35,1.74,0.35,0.15,0.0,140464.91,738.0,9865.0,10508.17,0.0,0.0,0.0,0.0,0.0,0.0,0.0,0.0,0.0,0.0,0.0,0.0,0.0,0.0,0.01,0.0,100.0,73.87,0.0,0.0,0.0,100.0,6.02,0.8868,93.98,9.8749,14.57
2017-07-19,9865.0,142103.82,0.35,1.69,0.35,0.15,0.0,142103.82,738.0,9865.0,10630.78,0.0,0.0,0.0,0.0,0.0,0.0,0.0,0.0,0.0,0.0,0.0,0.0,0.0,0.0,0.01,0.0,100.0,73.87,0.0,0.0,0.0,100.0,6.14,0.8847,93.86,9.8749,14.74
2017-07-20,9865.0,138536.77,0.35,1.77,0.35,0.15,0.0,138536.77,738.0,9865.0,10363.93,0.0,0.0,0.0,0.0,0.0,0.0,0.0,0.0,0.0,0.0,0.0,0.0,0.0,0.0,0.01,0.0,100.0,73.87,0.0,0.0,0.0,100.0,5.94,0.8882,94.06,9.8749,14.37
2017-07-21,9865.0,132463.13,0.35,1.75,0.35,0.15,0.0,132463.13,738.0,9865.0,9909.56,0.0,0.0,0.0,0.0,0.0,0.0,0.0,0.0,0.0,0.0,0.0,0.0,0.0,0.0,0.01,0.0,100.0,73.87,0.0,0.0,0.0,100.0,5.81,0.8905,94.19,9.8749,13.74
2017-07-24,9865.0,131402.65,0.35,1.59,0.35,0.14,0.0,131402.65,738.0,9865.0,9830.22,0.0,0.0,0.0,0.0,0.0,0.0,0.0,0.0,0.0,0.0,0.0,0.0,0.0,0.0,0.01,0.0,100.0,73.87,0.0,0.0,0.0,100.0,5.99,0.8873,94.01,9.8749,13.63
2017-07-25,9865.0,132559.54,0.35,1.62,0.35,0.14,0.0,132559.54,738.0,9865.0,9916.77,0.0,0.0,0.0,0.0,0.0,0.0,0.0,0.0,0.0,0.0,0.0,0.0,0.0,0.0,0.01,0.0,100.0,73.87,0.0,0.0,0.0,100.0,6.09,0.8857,93.91,9.8749,13.75
2017-07-26,9865.0,133523.61,0.35,2.02,0.35,0.14,0.0,133523.61,738.0,9865.0,9988.89,0.0,0.0,0.0,0.0,0.0,0.0,0.0,0.0,0.0,0.0,0.0,0.0,0.0,0.0,0.01,0.0,100.0,73.87,0.0,0.0,0.0,100.0,6.03,0.8866,93.97,9.8749,13.85
2017-07-27,9865.0,134969.71,0.35,2.22,0.35,0.14,0.0,134969.71,738.0,9865.0,10097.08,0.14,0.0,0.0,0.0,9865.0,0.0,0.0,0.0,0.14,0.0,0.0,0.0,738.0,0.0,0.01,0.0,100.0,73.87,0.0,0.0,0.0,100.0,6.1,0.8855,93.9,9.8749,14.0
2017-07-28,9865.0,134969.71,0.35,2.29,0.35,0.14,0.0,134969.71,738.0,9865.0,10097.08,0.0,0.0,0.0,0.0,0.0,0.0,0.0,0.0,0.0,0.0,0.0,0.0,0.0,0.0,0.01,0.0,100.0,73.87,0.0,0.0,0.0,100.0,6.06,0.8862,93.94,9.8749,14.0
2017-07-31,9865.0,134198.45,0.35,2.34,0.35,0.14,0.0,134198.45,738.0,9865.0,10039.38,0.0,0.0,0.0,0.0,0.0,0.0,0.0,0.0,0.0,0.0,0.0,0.0,0.0,0.0,0.01,0.0,100.0,73.87,0.0,0.0,0.0,100.0,6.05,0.8863,93.95,9.8749,13.92
2017-08-01,9865.0,134873.3,0.35,2.4,0.35,0.14,0.0,134873.3,738.0,9865.0,10089.86,0.0,0.0,0.0,0.0,0.0,0.0,0.0,0.0,0.0,0.0,0.0,0.0,0.0,0.0,0.01,0.0,100.0,73.87,0.0,0.0,0.0,100.0,6.09,0.8856,93.91,9.8749,13.99
2017-08-02,9865.0,134776.9,0.35,2.41,0.35,0.14,0.0,134776.9,738.0,9865.0,10082.65,0.0,0.0,0.0,0.0,0.0,0.0,0.0,0.0,0.0,0.0,0.0,0.0,0.0,0.0,0.01,0.0,100.0,73.87,0.0,0.0,0.0,100.0,6.06,0.8862,93.94,9.8749,13.98
2017-08-03,9865.0,132848.76,0.35,2.47,0.35,0.14,0.0,132848.76,738.0,9865.0,9938.41,0.0,0.0,0.0,0.0,0.0,0.0,0.0,0.0,0.0,0.0,0.0,0.0,0.0,0.0,0.01,0.0,100.0,73.87,0.0,0.0,0.0,100.0,5.99,0.8875,94.01,9.8749,13.78
2017-08-04,9865.0,133330.79,0.35,2.52,0.35,0.14,0.0,133330.79,738.0,9865.0,9974.47,0.0,0.0,0.0,0.0,0.0,0.0,0.0,0.0,0.0,0.0,0.0,0.0,0.0,0.0,0.01,0.0,100.0,73.87,0.0,0.0,0.0,100.0,6.06,0.8862,93.94,9.8749,13.83
2017-08-07,9865.0,136512.22,0.35,2.63,0.35,0.14,0.0,136512.22,738.0,9865.0,10212.47,0.0,0.0,0.0,0.0,0.0,0.0,0.0,0.0,0.0,0.0,0.0,0.0,0.0,0.0,0.01,0.0,100.0,73.87,0.0,0.0,0.0,100.0,6.19,0.8839,93.81,9.8749,14.16
2017-08-08,9865.0,137765.51,0.35,2.66,0.35,0.15,0.0,137765.51,738.0,9865.0,10306.23,0.0,0.0,0.0,0.0,0.0,0.0,0.0,0.0,0.0,0.0,0.0,0.0,0.0,0.0,0.01,0.0,100.0,73.87,0.0,0.0,0.0,100.0,6.09,0.8857,93.91,9.8749,14.29
2017-08-09,9865.0,138343.95,0.35,2.66,0.35,0.15,0.0,138343.95,738.0,9865.0,10349.5,0.0,0.0,0.0,0.0,0.0,0.0,0.0,0.0,0.0,0.0,0.0,0.0,0.0,0.0,0.01,0.0,100.0,73.87,0.0,0.0,0.0,100.0,6.09,0.8856,93.91,9.8749,14.35
2017-08-10,9865.0,137379.88,0.35,2.88,0.35,0.15,0.0,137379.88,738.0,9865.0,10277.38,0.0,0.0,0.0,0.0,0.0,0.0,0.0,0.0,0.0,0.0,0.0,0.0,0.0,0.0,0.01,0.0,100.0,73.87,0.0,0.0,0.0,100.0,6.03,0.8867,93.97,9.8749,14.25
2017-08-11,9865.0,139115.21,0.35,2.98,0.35,0.15,0.0,139115.21,738.0,9865.0,10407.2,0.0,0.0,0.0,0.0,0.0,0.0,0.0,0.0,0.0,0.0,0.0,0.0,0.0,0.0,0.01,0.0,100.0,73.87,0.0,0.0,0.0,100.0,6.13,0.8849,93.87,9.8749,14.43
2017-08-14,9865.0,141332.57,0.35,3.22,0.35,0.15,0.0,141332.57,738.0,9865.0,10573.08,0.0,0.0,0.0,0.0,0.0,0.0,0.0,0.0,0.0,0.0,0.0,0.0,0.0,0.0,0.01,0.0,100.0,73.87,0.0,0.0,0.0,100.0,6.17,0.8842,93.83,9.8749,14.66
2017-08-15,9865.0,143453.52,0.35,3.31,0.35,0.15,0.0,143453.52,738.0,9865.0,10731.75,0.0,0.0,0.0,0.0,0.0,0.0,0.0,0.0,0.0,0.0,0.0,0.0,0.0,0.0,0.01,0.0,100.0,73.87,0.0,0.0,0.0,100.0,6.16,0.8843,93.84,9.8749,14.88
2017-08-16,9865.0,144128.37,0.35,3.26,0.35,0.15,0.0,144128.37,738.0,9865.0,10782.23,0.0,0.0,0.0,0.0,0.0,0.0,0.0,0.0,0.0,0.0,0.0,0.0,0.0,0.0,0.01,0.0,100.0,73.87,0.0,0.0,0.0,100.0,6.1,0.8855,93.9,9.8749,14.95
2017-08-17,9865.0,146152.91,0.35,3.29,0.35,0.15,0.0,146152.91,738.0,9865.0,10933.69,0.0,0.0,0.0,0.0,0.0,0.0,0.0,0.0,0.0,0.0,0.0,0.0,0.0,0.0,0.01,0.0,100.0,73.87,0.0,0.0,0.0,100.0,6.19,0.8838,93.81,9.8749,15.16
2017-08-18,9865.0,144996.03,0.35,3.26,0.35,0.16,0.0,144996.03,738.0,9865.0,10847.14,0.0,0.0,0.0,0.0,0.0,0.0,0.0,0.0,0.0,0.0,0.0,0.0,0.0,0.0,0.01,0.0,100.0,73.87,0.0,0.0,0.0,100.0,6.06,0.8861,93.94,9.8749,15.04
2017-08-21,9865.0,144514.0,0.35,3.25,0.35,0.15,0.0,144514.0,738.0,9865.0,10811.08,0.0,0.0,0.0,0.0,0.0,0.0,0.0,0.0,0.0,0.0,0.0,0.0,0.0,0.0,0.01,0.0,100.0,73.87,0.0,0.0,0.0,100.0,6.09,0.8856,93.91,9.8749,14.99
2017-08-22,9865.0,143839.15,0.35,3.33,0.35,0.15,0.0,143839.15,738.0,9865.0,10760.6,0.0,0.0,0.0,0.0,0.0,0.0,0.0,0.0,0.0,0.0,0.0,0.0,0.0,0.0,0.01,0.0,100.0,73.87,0.0,0.0,0.0,100.0,6.08,0.8858,93.92,9.8749,14.92
2017-08-23,9865.0,143549.93,0.35,3.36,0.35,0.15,0.0,143549.93,738.0,9865.0,10738.96,0.0,0.0,0.0,0.0,0.0,0.0,0.0,0.0,0.0,0.0,0.0,0.0,0.0,0.0,0.01,0.0,100.0,73.87,0.0,0.0,0.0,100.0,6.1,0.8855,93.9,9.8749,14.89
2017-08-24,9865.0,144417.59,0.35,3.61,0.35,0.15,0.0,144417.59,738.0,9865.0,10803.87,0.0,0.0,0.0,0.0,0.0,0.0,0.0,0.0,0.0,0.0,0.0,0.0,0.0,0.0,0.01,0.0,100.0,73.87,0.0,0.0,0.0,100.0,6.14,0.8847,93.86,9.8749,14.98
2017-08-25,9865.0,143646.33,0.35,3.75,0.35,0.15,0.0,143646.33,738.0,9865.0,10746.17,0.0,0.0,0.0,0.0,0.0,0.0,0.0,0.0,0.0,0.0,0.0,0.0,0.0,0.0,0.01,0.0,100.0,73.87,0.0,0.0,0.0,100.0,6.06,0.8862,93.94,9.8749,14.9
2017-08-28,9865.0,144514.0,0.35,3.78,0.35,0.15,0.0,144514.0,738.0,9865.0,10811.08,0.0,0.0,0.0,0.0,0.0,0.0,0.0,0.0,0.0,0.0,0.0,0.0,0.0,0.0,0.01,0.0,100.0,73.87,0.0,0.0,0.0,100.0,6.1,0.8855,93.9,9.8749,14.99
2017-08-29,9865.0,144803.22,0.35,3.83,0.35,0.15,0.0,144803.22,738.0,9865.0,10832.72,0.0,0.0,0.0,0.0,0.0,0.0,0.0,0.0,0.0,0.0,0.0,0.0,0.0,0.0,0.01,0.0,100.0,73.87,0.0,0.0,0.0,100.0,6.15,0.8845,93.85,9.8749,15.02
2017-08-30,9865.0,145092.44,0.35,4.55,0.35,0.15,0.0,145092.44,738.0,9865.0,10854.36,0.0,0.0,0.0,0.0,0.0,0.0,0.0,0.0,0.0,0.0,0.0,0.0,0.0,0.0,0.01,0.0,100.0,73.87,0.0,0.0,0.0,100.0,6.18,0.884,93.82,9.8749,15.05
2017-08-31,9865.0,142200.23,0.35,4.49,0.35,0.15,0.0,142200.23,738.0,9865.0,10637.99,0.0,0.0,0.0,0.0,0.0,0.0,0.0,0.0,0.0,0.0,0.0,0.0,0.0,0.0,0.01,0.0,100.0,73.87,0.0,0.0,0.0,100.0,6.12,0.8851,93.88,9.8749,14.75
2017-09-01,9865.0,143067.89,0.35,4.61,0.35,0.15,0.0,143067.89,738.0,9865.0,10702.9,0.0,0.0,0.0,0.0,0.0,0.0,0.0,0.0,0.0,0.0,0.0,0.0,0.0,0.0,0.01,0.0,100.0,73.87,0.0,0.0,0.0,100.0,6.12,0.8852,93.88,9.8749,14.84
2017-09-04,9865.0,144610.4,0.35,6.39,0.35,0.15,0.0,144610.4,738.0,9865.0,10818.29,0.0,0.0,0.0,0.0,0.0,0.0,0.0,0.0,0.0,0.0,0.0,0.0,0.0,0.0,0.01,0.0,100.0,73.87,0.0,0.0,0.0,100.0,6.17,0.8841,93.83,9.8749,15.0
2017-09-05,9865.0,144031.96,0.35,6.59,0.35,0.15,0.0,144031.96,738.0,9865.0,10775.02,0.0,0.0,0.0,0.0,0.0,0.0,0.0,0.0,0.0,0.0,0.0,0.0,0.0,0.0,0.01,0.0,100.0,73.87,0.0,0.0,0.0,100.0,6.11,0.8853,93.89,9.8749,14.94
2017-09-06,9865.0,144417.59,0.35,6.62,0.35,0.15,0.0,144417.59,738.0,9865.0,10803.87,0.0,0.0,0.0,0.0,0.0,0.0,0.0,0.0,0.0,0.0,0.0,0.0,0.0,0.0,0.01,0.0,100.0,73.87,0.0,0.0,0.0,100.0,6.14,0.8847,93.86,9.8749,14.98
2017-09-07,9865.0,142778.67,0.35,6.38,0.35,0.15,0.0,142778.67,738.0,9865.0,10681.26,0.0,0.0,0.0,0.0,0.0,0.0,0.0,0.0,0.0,0.0,0.0,0.0,0.0,0.0,0.01,0.0,100.0,73.87,0.0,0.0,0.0,100.0,6.05,0.8863,93.95,9.8749,14.81
2017-09-08,9865.0,143357.11,0.35,6.42,0.35,0.15,0.0,143357.11,738.0,9865.0,10724.54,0.0,0.0,0.0,0.0,0.0,0.0,0.0,0.0,0.0,0.0,0.0,0.0,0.0,0.0,0.01,0.0,100.0,73.87,0.0,0.0,0.0,100.0,6.13,0.885,93.87,9.8749,14.87
2017-09-11,9865.0,140946.94,0.35,6.61,0.35,0.15,0.0,140946.94,738.0,9865.0,10544.23,0.0,0.0,0.0,0.0,0.0,0.0,0.0,0.0,0.0,0.0,0.0,0.0,0.0,0.0,0.01,0.0,100.0,73.87,0.0,0.0,0.0,100.0,6.03,0.8867,93.97,9.8749,14.62
2017-09-12,9865.0,144321.18,0.35,6.76,0.35,0.15,0.0,144321.18,738.0,9865.0,10796.66,0.0,0.0,0.0,0.0,0.0,0.0,0.0,0.0,0.0,0.0,0.0,0.0,0.0,0.0,0.01,0.0,100.0,73.87,0.0,0.0,0.0,100.0,6.23,0.8832,93.77,9.8749,14.97
2017-09-13,9865.0,153287.03,0.35,6.74,0.35,0.15,0.0,153287.03,738.0,9865.0,11467.39,0.0,0.0,0.0,0.0,0.0,0.0,0.0,0.0,0.0,0.0,0.0,0.0,0.0,0.0,0.01,0.0,100.0,73.87,0.0,0.0,0.0,100.0,6.48,0.8788,93.52,9.8749,15.9
2017-09-14,9865.0,182594.74,0.35,5.6,0.35,0.16,0.0,182594.74,738.0,9865.0,13659.9,0.0,0.0,0.0,0.0,0.0,0.0,0.0,0.0,0.0,0.0,0.0,0.0,0.0,0.0,0.01,0.0,100.0,73.87,0.0,0.0,0.0,100.0,7.22,0.866,92.78,9.8749,18.94
2017-09-15,9865.0,192139.02,0.35,2.48,0.35,0.19,0.0,192139.02,738.0,9865.0,14373.91,0.0,0.0,0.0,0.0,0.0,0.0,0.0,0.0,0.0,0.0,0.0,0.0,0.0,0.0,0.01,0.0,100.0,73.87,0.0,0.0,0.0,100.0,6.58,0.8771,93.42,9.8749,19.93
2017-09-18,9865.0,204382.7,0.35,1.64,0.35,0.2,0.0,204382.7,738.0,9865.0,15289.86,0.0,0.0,0.0,0.0,0.0,0.0,0.0,0.0,0.0,0.0,0.0,0.0,0.0,0.0,0.01,0.0,100.0,73.87,0.0,0.0,0.0,100.0,6.66,0.8756,93.34,9.8749,21.2
2017-09-19,9865.0,203900.67,0.35,1.54,0.35,0.2,0.0,203900.67,738.0,9865.0,15253.8,0.0,0.0,0.0,0.0,0.0,0.0,0.0,0.0,0.0,0.0,0.0,0.0,0.0,0.0,0.02,0.0,100.0,73.87,0.0,0.0,0.0,100.0,6.64,0.876,93.36,9.8749,21.15
2017-09-20,5560.0,109486.62,0.2,0.79,0.2,0.11,0.0,109486.62,738.0,5560.0,14532.58,0.0,0.0,0.0,0.0,0.0,0.0,0.0,0.0,0.0,0.0,0.0,0.0,0.0,4305.0,0.02,0.09,100.0,73.87,0.0,0.0,0.0,100.0,11.25,0.8003,88.75,5.5656,20.15
2017-09-21,5560.0,103238.0,0.2,0.72,0.2,0.11,0.0,103238.0,738.0,5560.0,13703.17,0.0,0.0,0.0,0.0,0.0,0.0,0.0,0.0,0.0,0.0,0.0,0.0,0.0,0.0,0.01,0.0,100.0,73.87,0.0,0.0,0.0,100.0,10.5,0.8121,89.5,5.5656,19.0
2017-09-22,5560.0,103238.0,0.2,0.69,0.2,0.11,0.0,103238.0,738.0,5560.0,13703.17,0.0,0.0,0.0,0.0,0.0,0.0,0.0,0.0,0.0,0.0,0.0,0.0,0.0,0.0,0.01,0.0,100.0,73.87,0.0,0.0,0.0,100.0,11.0,0.8042,89.0,5.5656,19.0
2017-09-25,5560.0,105411.43,0.2,0.69,0.2,0.11,0.0,105411.43,738.0,5560.0,13991.66,0.0,0.0,0.0,0.0,0.0,0.0,0.0,0.0,0.0,0.0,0.0,0.0,0.0,0.0,0.01,0.0,100.0,73.87,0.0,0.0,0.0,100.0,11.19,0.8013,88.81,5.5656,19.4
2017-09-26,4822.0,90712.92,0.17,0.6,0.17,0.09,0.0,90712.92,0.0,4822.0,0.0,0.0,0.0,0.0,0.0,0.0,0.01,0.0,738.0,0.0,0.0,0.0,0.0,0.0,738.0,0.0,0.02,0.0,0.0,0.0,0.0,0.0,0.0,12.89,0.7755,87.11,4.8268,19.25
2017-09-27,4822.0,89487.7,0.17,0.55,0.17,0.09,0.0,89487.7,0.0,4822.0,0.0,0.0,0.0,0.0,0.0,0.0,0.0,0.0,0.0,0.0,0.0,0.0,0.0,0.0,0.0,0.0,0.0,0.0,0.0,0.0,0.0,0.0,0.0,12.83,0.7763,87.17,4.8268,18.99
2017-09-28,4822.0,88545.23,0.17,0.55,0.17,0.09,0.0,88545.23,0.0,4822.0,0.0,0.0,0.0,0.0,0.0,0.0,0.0,0.0,0.0,0.0,0.0,0.0,0.0,0.0,0.0,0.0,0.0,0.0,0.0,0.0,0.0,0.0,0.0,12.88,0.7756,87.12,4.8268,18.79
2017-09-29,4822.0,91325.52,0.17,0.55,0.17,0.09,0.0,91325.52,0.0,4822.0,0.0,0.0,0.0,0.0,0.0,0.0,0.0,0.0,0.0,0.0,0.0,0.0,0.0,0.0,0.0,0.0,0.0,0.0,0.0,0.0,0.0,0.0,0.0,13.36,0.7685,86.64,4.8268,19.38
2017-10-02,4822.0,91419.77,0.17,0.54,0.17,0.09,0.0,91419.77,0.0,4822.0,0.0,0.0,0.0,0.0,0.0,0.0,0.0,0.0,0.0,0.0,0.0,0.0,0.0,0.0,0.0,0.0,0.0,0.0,0.0,0.0,0.0,0.0,0.0,13.02,0.7735,86.98,4.8268,19.4
2017-10-03,4822.0,85812.06,0.17,0.53,0.17,0.09,0.0,85812.06,0.0,4822.0,0.0,0.0,0.0,0.0,0.0,0.0,0.0,0.0,0.0,0.0,0.0,0.0,0.0,0.0,0.0,0.0,0.0,0.0,0.0,0.0,0.0,0.0,0.0,12.31,0.784,87.69,4.8268,18.21
2017-10-04,4822.0,90712.92,0.17,0.5,0.17,0.09,0.0,90712.92,0.0,4822.0,0.0,0.0,0.0,0.0,0.0,0.0,0.0,0.0,0.0,0.0,0.0,0.0,0.0,0.0,0.0,0.0,0.0,0.0,0.0,0.0,0.0,0.0,0.0,13.64,0.7644,86.36,4.8268,19.25
2017-10-05,4822.0,91891.01,0.17,0.46,0.17,0.09,0.0,91891.01,0.0,4822.0,0.0,0.0,0.0,0.0,0.0,0.0,0.0,0.0,0.0,0.0,0.0,0.0,0.0,0.0,0.0,0.0,0.0,0.0,0.0,0.0,0.0,0.0,0.0,13.15,0.7715,86.85,4.8268,19.5
2017-10-06,4822.0,88498.11,0.17,0.46,0.17,0.09,0.0,88498.11,0.0,4822.0,0.0,0.0,0.0,0.0,0.0,0.0,0.0,0.0,0.0,0.0,0.0,0.0,0.0,0.0,0.0,0.0,0.0,0.0,0.0,0.0,0.0,0.0,0.0,12.58,0.78,87.42,4.8268,18.78
2017-10-09,4822.0,85105.21,0.17,0.45,0.17,0.09,0.0,85105.21,0.0,4822.0,0.0,0.0,0.0,0.0,0.0,0.0,0.0,0.0,0.0,0.0,0.0,0.0,0.0,0.0,0.0,0.0,0.0,0.0,0.0,0.0,0.0,0.0,0.0,12.56,0.7803,87.44,4.8268,18.06
2017-10-10,4822.0,82324.92,0.17,0.43,0.17,0.09,0.0,82324.92,0.0,4822.0,0.0,0.0,0.0,0.0,0.0,0.0,0.0,0.0,0.0,0.0,0.0,0.0,0.0,0.0,0.0,0.0,0.0,0.0,0.0,0.0,0.0,0.0,0.0,12.64,0.7792,87.36,4.8268,17.47
2017-10-11,4822.0,83267.39,0.17,0.41,0.17,0.08,0.0,83267.39,0.0,4822.0,0.0,0.0,0.0,0.0,0.0,0.0,0.0,0.0,0.0,0.0,0.0,0.0,0.0,0.0,0.0,0.0,0.0,0.0,0.0,0.0,0.0,0.0,0.0,13.12,0.772,86.88,4.8268,17.67
2017-10-12,4822.0,83644.38,0.17,0.41,0.17,0.09,0.0,83644.38,0.0,4822.0,0.0,0.0,0.0,0.0,0.0,0.0,0.0,0.0,0.0,0.0,0.0,0.0,0.0,0.0,0.0,0.0,0.0,0.0,0.0,0.0,0.0,0.0,0.0,13.07,0.7728,86.93,4.8268,17.75
2017-10-13,4822.0,84869.59,0.17,0.4,0.17,0.09,0.0,84869.59,0.0,4822.0,0.0,0.0,0.0,0.0,0.0,0.0,0.0,0.0,0.0,0.0,0.0,0.0,0.0,0.0,0.0,0.0,0.0,0.0,0.0,0.0,0.0,0.0,0.0,13.18,0.7711,86.82,4.8268,18.01
2017-10-16,4822.0,82419.16,0.17,0.4,0.17,0.09,0.0,82419.16,0.0,4822.0,0.0,0.0,0.0,0.0,0.0,0.0,0.0,0.0,0.0,0.0,0.0,0.0,0.0,0.0,0.0,0.0,0.0,0.0,0.0,0.0,0.0,0.0,0.0,12.67,0.7786,87.33,4.8268,17.49
2017-10-17,4822.0,81665.19,0.17,0.39,0.17,0.08,0.0,81665.19,0.0,4822.0,0.0,0.0,0.0,0.0,0.0,0.0,0.0,0.0,0.0,0.0,0.0,0.0,0.0,0.0,0.0,0.0,0.0,0.0,0.0,0.0,0.0,0.0,0.0,12.88,0.7755,87.12,4.8268,17.33
2017-10-18,4822.0,81005.46,0.17,0.38,0.17,0.08,0.0,81005.46,0.0,4822.0,0.0,0.0,0.0,0.0,0.0,0.0,0.0,0.0,0.0,0.0,0.0,0.0,0.0,0.0,0.0,0.0,0.0,0.0,0.0,0.0,0.0,0.0,0.0,12.9,0.7753,87.1,4.8268,17.19
2017-10-19,4822.0,78884.89,0.17,0.38,0.17,0.08,0.0,78884.89,0.0,4822.0,0.0,0.0,0.0,0.0,0.0,0.0,0.0,0.0,0.0,0.0,0.0,0.0,0.0,0.0,0.0,0.0,0.0,0.0,0.0,0.0,0.0,0.0,0.0,12.71,0.7782,87.29,4.8268,16.74
2017-10-20,4822.0,77753.93,0.17,0.37,0.17,0.08,0.0,77753.93,0.0,4822.0,0.0,0.0,0.0,0.0,0.0,0.0,0.0,0.0,0.0,0.0,0.0,0.0,0.0,0.0,0.0,0.0,0.0,0.0,0.0,0.0,0.0,0.0,0.0,12.85,0.7761,87.15,4.8268,16.5
2017-10-23,4822.0,79921.61,0.17,0.37,0.17,0.08,0.0,79921.61,0.0,4822.0,0.0,0.0,0.0,0.0,0.0,0.0,0.0,0.0,0.0,0.0,0.0,0.0,0.0,0.0,0.0,0.0,0.0,0.0,0.0,0.0,0.0,0.0,0.0,13.31,0.7693,86.69,4.8268,16.96
2017-10-24,4822.0,78932.02,0.17,0.37,0.17,0.08,0.0,78932.02,0.0,4822.0,0.0,0.0,0.0,0.0,0.0,0.0,0.0,0.0,0.0,0.0,0.0,0.0,0.0,0.0,0.0,0.0,0.0,0.0,0.0,0.0,0.0,0.0,0.0,12.86,0.7759,87.14,4.8268,16.75
2017-10-25,4822.0,82372.04,0.17,0.37,0.17,0.08,0.0,82372.04,0.0,4822.0,0.0,0.0,0.0,0.0,0.0,0.0,0.0,0.0,0.0,0.0,0.0,0.0,0.0,0.0,0.0,0.0,0.0,0.0,0.0,0.0,0.0,0.0,0.0,13.48,0.7667,86.52,4.8268,17.48
2017-10-26,4822.0,81995.05,0.17,0.38,0.17,0.08,0.0,81995.05,0.0,4822.0,0.0,0.0,0.0,0.0,0.0,0.0,0.0,0.0,0.0,0.0,0.0,0.0,0.0,0.0,0.0,0.0,0.0,0.0,0.0,0.0,0.0,0.0,0.0,13.0,0.7738,87.0,4.8268,17.4
2017-10-27,4822.0,93163.34,0.17,0.46,0.17,0.09,0.0,93163.34,0.0,4822.0,0.0,0.0,0.0,0.0,0.0,0.0,0.0,0.0,0.0,0.0,0.0,0.0,0.0,0.0,0.0,0.0,0.0,0.0,0.0,0.0,0.0,0.0,0.0,14.49,0.7523,85.51,4.8268,19.77
2017-10-30,4822.0,94058.69,0.17,0.52,0.17,0.1,0.0,94058.69,0.0,4822.0,0.0,0.0,0.0,0.0,0.0,0.0,0.0,0.0,0.0,0.0,0.0,0.0,0.0,0.0,0.0,0.0,0.0,0.0,0.0,0.0,0.0,0.0,0.0,13.09,0.7725,86.91,4.8268,19.96
2017-10-31,4822.0,94388.56,0.17,0.52,0.17,0.1,0.0,94388.56,0.0,4822.0,0.0,0.0,0.0,0.0,0.0,0.0,0.0,0.0,0.0,0.0,0.0,0.0,0.0,0.0,0.0,0.0,0.0,0.0,0.0,0.0,0.0,0.0,0.0,13.05,0.7731,86.95,4.8268,20.03
2017-11-01,4822.0,98252.69,0.17,0.53,0.17,0.1,0.0,98252.69,0.0,4822.0,0.0,0.0,0.0,0.0,0.0,0.0,0.0,0.0,0.0,0.0,0.0,0.0,0.0,0.0,0.0,0.0,0.0,0.0,0.0,0.0,0.0,0.0,0.0,13.46,0.767,86.54,4.8268,20.85
2017-11-02,4822.0,97027.48,0.17,0.56,0.17,0.1,0.0,97027.48,0.0,4822.0,0.0,0.0,0.0,0.0,0.0,0.0,0.0,0.0,0.0,0.0,0.0,0.0,0.0,0.0,0.0,0.0,0.0,0.0,0.0,0.0,0.0,0.0,0.0,12.87,0.7757,87.13,4.8268,20.59
2017-11-03,4822.0,95189.66,0.17,0.57,0.17,0.1,0.0,95189.66,0.0,4822.0,0.0,0.0,0.0,0.0,0.0,0.0,0.0,0.0,0.0,0.0,0.0,0.0,0.0,0.0,0.0,0.0,0.0,0.0,0.0,0.0,0.0,0.0,0.0,13.01,0.7737,86.99,4.8268,20.2
2017-11-06,4822.0,91938.13,0.17,0.57,0.17,0.1,0.0,91938.13,0.0,4822.0,0.0,0.0,0.0,0.0,0.0,0.0,0.0,0.0,0.0,0.0,0.0,0.0,0.0,0.0,0.0,0.0,0.0,0.0,0.0,0.0,0.0,0.0,0.0,12.3,0.7842,87.7,0.0,19.51
2017-11-07,4822.0,97310.22,0.17,0.57,0.17,0.09,0.0,97310.22,0.0,4822.0,0.0,0.0,0.0,0.0,0.0,0.0,0.0,0.0,0.0,0.0,0.0,0.0,0.0,0.0,0.0,0.0,0.0,0.0,0.0,0.0,0.0,0.0,0.0,13.65,0.7643,86.35,4.8268,20.65
2017-11-08,4822.0,97357.34,0.17,0.61,0.17,0.1,0.0,97357.34,0.0,4822.0,0.0,0.0,0.0,0.0,0.0,0.0,0.0,0.0,0.0,0.0,0.0,0.0,0.0,0.0,0.0,0.0,0.0,0.0,0.0,0.0,0.0,0.0,0.0,13.0,0.7738,87.0,4.8268,20.66
2017-11-09,4822.0,96461.99,0.17,0.6,0.17,0.1,0.0,96461.99,0.0,4822.0,0.0,0.0,0.0,0.0,0.0,0.0,0.0,0.0,0.0,0.0,0.0,0.0,0.0,0.0,0.0,0.0,0.0,0.0,0.0,0.0,0.0,0.0,0.0,12.88,0.7755,87.12,4.8268,20.47
2017-11-10,4822.0,96556.24,0.17,0.61,0.17,0.1,0.0,96556.24,0.0,4822.0,0.0,0.0,0.0,0.0,0.0,0.0,0.0,0.0,0.0,0.0,0.0,0.0,0.0,0.0,0.0,0.0,0.0,0.0,0.0,0.0,0.0,0.0,0.0,13.02,0.7736,86.98,4.8268,20.49
2017-11-13,4822.0,93775.95,0.17,0.61,0.17,0.1,0.0,93775.95,0.0,4822.0,0.0,0.0,0.0,0.0,0.0,0.0,0.0,0.0,0.0,0.0,0.0,0.0,0.0,0.0,0.0,0.0,0.0,0.0,0.0,0.0,0.0,0.0,0.0,12.67,0.7786,87.33,4.8268,19.9
2017-11-14,4822.0,95425.28,0.17,0.63,0.17,0.1,0.0,95425.28,0.0,4822.0,0.0,0.0,0.0,0.0,0.0,0.0,0.0,0.0,0.0,0.0,0.0,0.0,0.0,0.0,0.0,0.0,0.0,0.0,0.0,0.0,0.0,0.0,0.0,13.16,0.7715,86.84,4.8268,20.25
2017-11-15,4822.0,94200.06,0.17,0.67,0.17,0.1,0.0,94200.06,0.0,4822.0,0.0,0.0,0.0,0.0,0.0,0.0,0.0,0.0,0.0,0.0,0.0,0.0,0.0,0.0,0.0,0.0,0.0,0.0,0.0,0.0,0.0,0.0,0.0,12.96,0.7745,87.04,4.8268,19.99
2017-11-16,4822.0,95660.89,0.17,0.74,0.17,0.1,0.0,95660.89,0.0,4822.0,0.0,0.0,0.0,0.0,0.0,0.0,0.0,0.0,0.0,0.0,0.0,0.0,0.0,0.0,0.0,0.0,0.0,0.0,0.0,0.0,0.0,0.0,0.0,13.03,0.7734,86.97,4.8268,20.3
2017-11-17,4822.0,96509.12,0.17,0.74,0.17,0.1,0.0,96509.12,0.0,4822.0,0.0,0.0,0.0,0.0,0.0,0.0,0.0,0.0,0.0,0.0,0.0,0.0,0.0,0.0,0.0,0.0,0.0,0.0,0.0,0.0,0.0,0.0,0.0,12.98,0.774,87.02,4.8268,20.48
2017-11-20,4822.0,96650.49,0.17,0.74,0.17,0.1,0.0,96650.49,0.0,4822.0,0.0,0.0,0.0,0.0,0.0,0.0,0.0,0.0,0.0,0.0,0.0,0.0,0.0,0.0,0.0,0.0,0.0,0.0,0.0,0.0,0.0,0.0,0.0,13.03,0.7733,86.97,4.8268,20.51
2017-11-21,4822.0,104520.13,0.17,0.8,0.17,0.1,0.0,104520.13,0.0,4822.0,0.0,0.0,0.0,0.0,0.0,0.0,0.0,0.0,0.0,0.0,0.0,0.0,0.0,0.0,0.0,0.0,0.0,0.0,0.0,0.0,0.0,0.0,0.0,13.92,0.7604,86.08,4.8268,22.18
2017-11-22,1254.0,26899.44,0.04,0.21,0.04,0.03,0.0,26899.44,0.0,1254.0,0.0,0.0,0.0,0.0,0.0,0.0,0.0,0.0,0.0,0.0,0.0,0.0,0.0,0.0,3568.0,0.0,0.07,0.0,0.0,0.0,0.0,0.0,0.0,48.35,0.5005,51.65,1.2553,21.95
2017-11-23,1254.0,26948.46,0.04,0.2,0.04,0.03,0.0,26948.46,0.0,1254.0,0.0,0.0,0.0,0.0,0.0,0.0,0.0,0.0,0.0,0.0,0.0,0.0,0.0,0.0,0.0,0.0,0.0,0.0,0.0,0.0,0.0,0.0,0.0,49.83,0.5,50.17,1.2553,21.99
2017-11-24,926.0,20279.4,0.03,0.15,0.03,0.02,0.0,20279.4,0.0,926.0,0.0,0.0,0.0,0.0,0.0,0.0,0.0,0.0,0.0,0.0,0.0,0.0,0.0,0.0,328.0,0.0,0.01,0.0,0.0,0.0,0.0,0.0,0.0,32.23,0.5631,67.77,0.9269,21.9
2017-11-27,598.0,13425.1,0.02,0.1,0.02,0.01,0.0,13425.1,0.0,598.0,0.0,0.0,0.0,0.0,0.0,0.0,0.0,0.0,0.0,0.0,0.0,0.0,0.0,0.0,328.0,0.0,0.01,0.0,0.0,0.0,0.0,0.0,0.0,49.39,0.5001,50.61,0.5986,22.45
2017-11-28,598.0,13933.4,0.02,0.1,0.02,0.01,0.0,13933.4,0.0,598.0,0.0,0.0,0.0,0.0,0.0,0.0,0.0,0.0,0.0,0.0,0.0,0.0,0.0,0.0,0.0,0.0,0.0,0.0,0.0,0.0,0.0,0.0,0.0,49.01,0.5002,50.99,0.5986,23.3
2017-11-29,598.0,14507.48,0.02,0.1,0.02,0.01,0.0,14507.48,0.0,598.0,0.0,0.0,0.0,0.0,0.0,0.0,0.0,0.0,0.0,0.0,0.0,0.0,0.0,0.0,0.0,0.0,0.0,0.0,0.0,0.0,0.0,0.0,0.0,48.99,0.5002,51.01,0.5986,24.26
2017-11-30,598.0,14369.94,0.02,0.1,0.02,0.01,0.0,14369.94,0.0,598.0,0.0,0.0,0.0,0.0,0.0,0.0,0.0,0.0,0.0,0.0,0.0,0.0,0.0,0.0,0.0,0.0,0.0,0.0,0.0,0.0,0.0,0.0,0.0,49.8,0.5,50.2,0.5986,24.03
2017-12-01,598.0,14346.02,0.02,0.1,0.02,0.01,0.0,14346.02,0.0,598.0,0.0,0.0,0.0,0.0,0.0,0.0,0.0,0.0,0.0,0.0,0.0,0.0,0.0,0.0,0.0,0.0,0.0,0.0,0.0,0.0,0.0,0.0,0.0,49.94,0.5,50.06,0.5986,23.99
2017-12-04,598.0,14226.42,0.02,0.1,0.02,0.01,0.0,14226.42,0.0,598.0,0.0,0.0,0.0,0.0,0.0,0.0,0.0,0.0,0.0,0.0,0.0,0.0,0.0,0.0,0.0,0.0,0.0,0.0,0.0,0.0,0.0,0.0,0.0,49.75,0.5,50.25,0.5986,23.79
2017-12-05,598.0,13783.9,0.02,0.1,0.02,0.01,0.0,13783.9,0.0,598.0,0.0,0.0,0.0,0.0,0.0,0.0,0.0,0.0,0.0,0.0,0.0,0.0,0.0,0.0,0.0,0.0,0.0,0.0,0.0,0.0,0.0,0.0,0.0,49.97,0.5,50.03,0.5986,23.05
2017-12-06,598.0,13006.5,0.02,0.1,0.02,0.01,0.0,13006.5,0.0,598.0,0.0,0.0,0.0,0.0,0.0,0.0,0.0,0.0,0.0,0.0,0.0,0.0,0.0,0.0,0.0,0.0,0.0,0.0,0.0,0.0,0.0,0.0,0.0,49.93,0.5,50.07,0.5986,21.75
2017-12-07,598.0,12731.42,0.02,0.1,0.02,0.01,0.0,12731.42,0.0,598.0,0.0,0.0,0.0,0.0,0.0,0.0,0.0,0.0,0.0,0.0,0.0,0.0,0.0,0.0,0.0,0.0,0.0,0.0,0.0,0.0,0.0,0.0,0.0,49.5,0.5001,50.5,0.5986,21.29
2017-12-08,598.0,12432.42,0.02,0.1,0.02,0.01,0.0,12432.42,0.0,598.0,0.0,0.0,0.0,0.0,0.0,0.0,0.0,0.0,0.0,0.0,0.0,0.0,0.0,0.0,0.0,0.0,0.0,0.0,0.0,0.0,0.0,0.0,0.0,49.37,0.5001,50.63,0.5986,20.79
2017-12-11,598.0,12510.16,0.02,0.1,0.02,0.01,0.0,12510.16,0.0,598.0,0.0,0.0,0.0,0.0,0.0,0.0,0.0,0.0,0.0,0.0,0.0,0.0,0.0,0.0,0.0,0.0,0.0,0.0,0.0,0.0,0.0,0.0,0.0,49.79,0.5,50.21,0.5986,20.92
2017-12-12,598.0,12384.58,0.02,0.11,0.02,0.01,0.0,12384.58,0.0,598.0,0.0,0.0,0.0,0.0,0.0,0.0,0.0,0.0,0.0,0.0,0.0,0.0,0.0,0.0,0.0,0.0,0.0,0.0,0.0,0.0,0.0,0.0,0.0,49.74,0.5,50.26,0.5986,20.71
2017-12-13,598.0,12833.08,0.02,0.11,0.02,0.01,0.0,12833.08,0.0,598.0,0.0,0.0,0.0,0.0,0.0,0.0,0.0,0.0,0.0,0.0,0.0,0.0,0.0,0.0,0.0,0.0,0.0,0.0,0.0,0.0,0.0,0.0,0.0,49.26,0.5001,50.74,0.5986,21.46
2017-12-14,598.0,12934.74,0.02,0.11,0.02,0.01,0.0,12934.74,0.0,598.0,0.0,0.0,0.0,0.0,0.0,0.0,0.0,0.0,0.0,0.0,0.0,0.0,0.0,0.0,0.0,0.0,0.0,0.0,0.0,0.0,0.0,0.0,0.0,49.94,0.5,50.06,0.5986,21.63
2017-12-15,598.0,12791.22,0.02,0.11,0.02,0.01,0.0,12791.22,0.0,598.0,0.0,0.0,0.0,0.0,0.0,0.0,0.0,0.0,0.0,0.0,0.0,0.0,0.0,0.0,0.0,0.0,0.0,0.0,0.0,0.0,0.0,0.0,0.0,49.76,0.5,50.24,0.5986,21.39
2017-12-18,598.0,12181.26,0.02,0.11,0.02,0.01,0.0,12181.26,0.0,598.0,0.0,0.0,0.0,0.0,0.0,0.0,0.0,0.0,0.0,0.0,0.0,0.0,0.0,0.0,0.0,0.0,0.0,0.0,0.0,0.0,0.0,0.0,0.0,48.83,0.5003,51.17,0.5986,20.37
2017-12-19,598.0,12259.0,0.02,0.11,0.02,0.01,0.0,12259.0,0.0,598.0,0.0,0.0,0.0,0.0,0.0,0.0,0.0,0.0,0.0,0.0,0.0,0.0,0.0,0.0,0.0,0.0,0.0,0.0,0.0,0.0,0.0,0.0,0.0,49.9,0.5,50.1,0.5986,20.5
2017-12-20,598.0,12247.04,0.02,0.11,0.02,0.01,0.0,12247.04,0.0,598.0,0.0,0.0,0.0,0.0,0.0,0.0,0.0,0.0,0.0,0.0,0.0,0.0,0.0,0.0,0.0,0.0,0.0,0.0,0.0,0.0,0.0,0.0,0.0,50.0,0.5,50.0,0.5986,20.48
2017-12-21,598.0,12187.24,0.02,0.11,0.02,0.01,0.0,12187.24,0.0,598.0,0.0,0.0,0.0,0.0,0.0,0.0,0.0,0.0,0.0,0.0,0.0,0.0,0.0,0.0,0.0,0.0,0.0,0.0,0.0,0.0,0.0,0.0,0.0,49.86,0.5,50.14,0.5986,20.38
2017-12-22,598.0,12229.1,0.02,0.1,0.02,0.01,0.0,12229.1,0.0,598.0,0.0,0.0,0.0,0.0,0.0,0.0,0.0,0.0,0.0,0.0,0.0,0.0,0.0,0.0,0.0,0.0,0.0,0.0,0.0,0.0,0.0,0.0,0.0,49.96,0.5,50.04,0.5986,20.45
2017-12-25,598.0,12229.1,0.02,0.1,0.02,0.01,0.0,12229.1,0.0,598.0,0.0,0.0,0.0,0.0,0.0,0.0,0.0,0.0,0.0,0.0,0.0,0.0,0.0,0.0,0.0,0.0,0.0,0.0,0.0,0.0,0.0,0.0,0.0,49.95,0.5,50.05,0.5986,0.0
2017-12-26,598.0,12229.1,0.02,0.1,0.02,0.01,0.0,12229.1,0.0,598.0,0.0,0.0,0.0,0.0,0.0,0.0,0.0,0.0,0.0,0.0,0.0,0.0,0.0,0.0,0.0,0.0,0.0,0.0,0.0,0.0,0.0,0.0,0.0,49.96,0.5,50.04,0.5986,0.0
2017-12-27,598.0,13096.2,0.02,0.1,0.02,0.01,0.0,13096.2,0.0,598.0,0.0,0.0,0.0,0.0,0.0,0.0,0.0,0.0,0.0,0.0,0.0,0.0,0.0,0.0,0.0,0.0,0.0,0.0,0.0,0.0,0.0,0.0,0.0,48.28,0.5006,51.72,0.5986,21.9
2017-12-28,598.0,13407.16,0.02,0.1,0.02,0.01,0.0,13407.16,0.0,598.0,0.0,0.0,0.0,0.0,0.0,0.0,0.0,0.0,0.0,0.0,0.0,0.0,0.0,0.0,0.0,0.0,0.0,0.0,0.0,0.0,0.0,0.0,0.0,49.43,0.5001,50.57,0.5986,22.42
2017-12-29,598.0,13873.6,0.02,0.1,0.02,0.01,0.0,13873.6,0.0,598.0,0.0,0.0,0.0,0.0,0.0,0.0,0.0,0.0,0.0,0.0,0.0,0.0,0.0,0.0,0.0,0.0,0.0,0.0,0.0,0.0,0.0,0.0,0.0,49.15,0.5001,50.85,0.5986,23.2
2018-01-01,598.0,13873.6,0.02,0.09,0.02,0.01,0.0,13873.6,0.0,598.0,0.0,0.0,0.0,0.0,0.0,0.0,0.0,0.0,0.0,0.0,0.0,0.0,0.0,0.0,0.0,0.0,0.0,0.0,0.0,0.0,0.0,0.0,0.0,49.98,0.5,50.02,0.5986,0.0
2018-01-02,598.0,13544.7,0.02,0.09,0.02,0.01,0.0,13544.7,0.0,598.0,0.0,0.0,0.0,0.0,0.0,0.0,0.0,0.0,0.0,0.0,0.0,0.0,0.0,0.0,0.0,0.0,0.0,0.0,0.0,0.0,0.0,0.0,0.0,49.38,0.5001,50.62,0.5986,22.65
2018-01-03,598.0,13724.1,0.02,0.09,0.02,0.01,0.0,13724.1,0.0,598.0,0.0,0.0,0.0,0.0,0.0,0.0,0.0,0.0,0.0,0.0,0.0,0.0,0.0,0.0,0.0,0.0,0.0,0.0,0.0,0.0,0.0,0.0,0.0,49.66,0.5,50.34,0.5986,22.95
2018-01-04,598.0,14172.6,0.02,0.1,0.02,0.01,0.0,14172.6,0.0,598.0,0.0,0.0,0.0,0.0,0.0,0.0,0.0,0.0,0.0,0.0,0.0,0.0,0.0,0.0,0.0,0.0,0.0,0.0,0.0,0.0,0.0,0.0,0.0,49.18,0.5001,50.82,0.5986,23.7
2018-01-05,598.0,14322.1,0.02,0.1,0.02,0.01,0.0,14322.1,0.0,598.0,0.0,0.0,0.0,0.0,0.0,0.0,0.0,0.0,0.0,0.0,0.0,0.0,0.0,0.0,0.0,0.0,0.0,0.0,0.0,0.0,0.0,0.0,0.0,49.76,0.5,50.24,0.5986,23.95
2018-01-08,598.0,14202.5,0.02,0.1,0.02,0.01,0.0,14202.5,0.0,598.0,0.0,0.0,0.0,0.0,0.0,0.0,0.0,0.0,0.0,0.0,0.0,0.0,0.0,0.0,0.0,0.0,0.0,0.0,0.0,0.0,0.0,0.0,0.0,49.79,0.5,50.21,0.5986,23.75
2018-01-09,598.0,14053.0,0.02,0.1,0.02,0.01,0.0,14053.0,0.0,598.0,0.0,0.0,0.0,0.0,0.0,0.0,0.0,0.0,0.0,0.0,0.0,0.0,0.0,0.0,0.0,0.0,0.0,0.0,0.0,0.0,0.0,0.0,0.0,49.72,0.5,50.28,0.5986,23.5
2018-01-10,598.0,13215.8,0.02,0.11,0.02,0.01,0.0,13215.8,0.0,598.0,0.0,0.0,0.0,0.0,0.0,0.0,0.0,0.0,0.0,0.0,0.0,0.0,0.0,0.0,0.0,0.0,0.0,0.0,0.0,0.0,0.0,0.0,0.0,48.53,0.5004,51.47,0.5986,22.1
2018-01-11,598.0,13455.0,0.02,0.1,0.02,0.01,0.0,13455.0,0.0,598.0,0.0,0.0,0.0,0.0,0.0,0.0,0.0,0.0,0.0,0.0,0.0,0.0,0.0,0.0,0.0,0.0,0.0,0.0,0.0,0.0,0.0,0.0,0.0,49.52,0.5,50.48,0.5986,22.5
2018-01-12,598.0,12767.3,0.02,0.11,0.02,0.01,0.0,12767.3,0.0,598.0,0.0,0.0,0.0,0.0,0.0,0.0,0.0,0.0,0.0,0.0,0.0,0.0,0.0,0.0,0.0,0.0,0.0,0.0,0.0,0.0,0.0,0.0,0.0,48.61,0.5004,51.39,0.5986,21.35
2018-01-15,598.0,12348.7,0.02,0.1,0.02,0.01,0.0,12348.7,0.0,598.0,0.0,0.0,0.0,0.0,0.0,0.0,0.0,0.0,0.0,0.0,0.0,0.0,0.0,0.0,0.0,0.0,0.0,0.0,0.0,0.0,0.0,0.0,0.0,49.15,0.5001,50.85,0.5986,20.65
2018-01-16,598.0,12408.5,0.02,0.1,0.02,0.01,0.0,12408.5,0.0,598.0,0.0,0.0,0.0,0.0,0.0,0.0,0.0,0.0,0.0,0.0,0.0,0.0,0.0,0.0,0.0,0.0,0.0,0.0,0.0,0.0,0.0,0.0,0.0,49.95,0.5,50.05,0.5986,20.75
2018-01-17,598.0,12647.7,0.02,0.1,0.02,0.01,0.0,12647.7,0.0,598.0,0.0,0.0,0.0,0.0,0.0,0.0,0.0,0.0,0.0,0.0,0.0,0.0,0.0,0.0,0.0,0.0,0.0,0.0,0.0,0.0,0.0,0.0,0.0,49.41,0.5001,50.59,0.5986,21.15
2018-01-18,598.0,12677.6,0.02,0.09,0.02,0.01,0.0,12677.6,0.0,598.0,0.0,0.0,0.0,0.0,0.0,0.0,0.0,0.0,0.0,0.0,0.0,0.0,0.0,0.0,0.0,0.0,0.0,0.0,0.0,0.0,0.0,0.0,0.0,49.88,0.5,50.12,0.5986,21.2
2018-01-19,598.0,12677.6,0.02,0.09,0.02,0.01,0.0,12677.6,0.0,598.0,0.0,0.0,0.0,0.0,0.0,0.0,0.0,0.0,0.0,0.0,0.0,0.0,0.0,0.0,0.0,0.0,0.0,0.0,0.0,0.0,0.0,0.0,0.0,49.94,0.5,50.06,0.5986,21.2
2018-01-22,748.0,15296.6,0.03,0.11,0.03,0.02,0.0,15296.6,0.0,748.0,0.0,0.0,0.0,0.0,0.0,0.0,0.0,150.0,0.0,0.0,0.0,0.0,0.0,0.0,0.0,0.0,0.0,0.0,0.0,0.0,0.0,0.0,0.0,40.86,0.5167,59.14,0.7487,20.45
2018-01-23,748.0,14586.0,0.03,0.11,0.03,0.01,0.0,14586.0,0.0,748.0,0.0,0.0,0.0,0.0,0.0,0.0,0.0,0.0,0.0,0.0,0.0,0.0,0.0,0.0,0.0,0.0,0.0,0.0,0.0,0.0,0.0,0.0,0.0,41.14,0.5157,58.86,0.7487,19.5
2018-01-24,748.0,13718.32,0.03,0.1,0.03,0.01,0.0,13718.32,0.0,748.0,0.0,0.0,0.0,0.0,0.0,0.0,0.0,0.0,0.0,0.0,0.0,0.0,0.0,0.0,0.0,0.0,0.0,0.0,0.0,0.0,0.0,0.0,0.0,41.51,0.5144,58.49,0.7487,18.34
2018-01-25,748.0,13748.24,0.03,0.1,0.03,0.01,0.0,13748.24,0.0,748.0,0.0,0.0,0.0,0.0,0.0,0.0,0.0,0.0,0.0,0.0,0.0,0.0,0.0,0.0,0.0,0.0,0.0,0.0,0.0,0.0,0.0,0.0,0.0,39.72,0.5211,60.28,0.7487,18.38
2018-01-26,748.0,13404.16,0.03,0.1,0.03,0.01,0.0,13404.16,0.0,748.0,0.0,0.0,0.0,0.0,0.0,0.0,0.0,0.0,0.0,0.0,0.0,0.0,0.0,0.0,0.0,0.0,0.0,0.0,0.0,0.0,0.0,0.0,0.0,40.6,0.5177,59.4,0.7487,17.92
2018-01-29,748.0,12775.84,0.03,0.1,0.03,0.01,0.0,12775.84,0.0,748.0,0.0,0.0,0.0,0.0,0.0,0.0,0.0,0.0,0.0,0.0,0.0,0.0,0.0,0.0,0.0,0.0,0.0,0.0,0.0,0.0,0.0,0.0,0.0,39.87,0.5205,60.13,0.7487,17.08
2018-01-30,748.0,12416.8,0.03,0.1,0.03,0.01,0.0,12416.8,0.0,748.0,0.0,0.0,0.0,0.0,0.0,0.0,0.0,0.0,0.0,0.0,0.0,0.0,0.0,0.0,0.0,0.0,0.0,0.0,0.0,0.0,0.0,0.0,0.0,40.07,0.5197,59.93,0.7487,16.6
2018-01-31,1475.0,24573.5,0.05,0.19,0.05,0.02,0.0,24573.5,0.0,1475.0,0.0,0.0,0.0,0.01,0.0,0.0,0.0,727.0,0.0,0.0,0.01,0.0,0.0,0.0,0.0,0.0,0.0,0.0,0.0,0.0,0.0,0.0,0.0,20.16,0.6781,79.84,1.4765,16.66
2018-02-01,1475.0,24485.0,0.05,0.18,0.05,0.02,0.0,24485.0,0.0,1475.0,0.0,0.0,0.0,0.0,0.0,0.0,0.0,0.0,0.0,0.0,0.0,0.0,0.0,0.0,0.0,0.0,0.0,0.0,0.0,0.0,0.0,0.0,0.0,20.38,0.6755,79.62,1.4765,16.6
2018-02-02,1475.0,25193.0,0.05,0.18,0.05,0.03,0.0,25193.0,0.0,1475.0,0.0,0.0,0.0,0.0,0.0,0.0,0.0,0.0,0.0,0.0,0.0,0.0,0.0,0.0,0.0,0.0,0.0,0.0,0.0,0.0,0.0,0.0,0.0,19.85,0.6818,80.15,1.4765,17.08
2018-02-05,1475.0,25340.5,0.05,0.18,0.05,0.03,0.0,25340.5,0.0,1475.0,0.0,0.0,0.0,0.0,0.0,0.0,0.0,0.0,0.0,0.0,0.0,0.0,0.0,0.0,0.0,0.0,0.0,0.0,0.0,0.0,0.0,0.0,0.0,20.11,0.6787,79.89,1.4765,17.18
2018-02-06,1475.0,24986.5,0.05,0.19,0.05,0.03,0.0,24986.5,0.0,1475.0,0.0,0.0,0.0,0.0,0.0,0.0,0.0,0.0,0.0,0.0,0.0,0.0,0.0,0.0,0.0,0.0,0.0,0.0,0.0,0.0,0.0,0.0,0.0,20.54,0.6735,79.46,1.4765,16.94
2018-02-07,1475.0,25045.5,0.05,0.19,0.05,0.03,0.0,25045.5,0.0,1475.0,0.0,0.0,0.0,0.0,0.0,0.0,0.0,0.0,0.0,0.0,0.0,0.0,0.0,0.0,0.0,0.0,0.0,0.0,0.0,0.0,0.0,0.0,0.0,20.17,0.6779,79.83,1.4765,16.98
2018-02-08,1495.0,25265.5,0.05,0.19,0.05,0.03,0.0,25265.5,0.0,1495.0,0.0,0.0,0.0,0.0,0.0,0.0,0.0,20.0,0.0,0.0,0.0,0.0,0.0,0.0,0.0,0.0,0.0,0.0,0.0,0.0,0.0,0.0,0.0,20.07,0.6792,79.93,1.4965,16.9
2018-02-09,1495.0,25803.7,0.05,0.2,0.05,0.03,0.0,25803.7,0.0,1495.0,0.0,0.0,0.0,0.0,0.0,0.0,0.0,0.0,0.0,0.0,0.0,0.0,0.0,0.0,0.0,0.0,0.0,0.0,0.0,0.0,0.0,0.0,0.0,19.67,0.684,80.33,1.4965,17.26
2018-02-12,1495.0,25056.2,0.05,0.2,0.05,0.03,0.0,25056.2,0.0,1495.0,0.0,0.0,0.0,0.0,0.0,0.0,0.0,0.0,0.0,0.0,0.0,0.0,0.0,0.0,0.0,0.0,0.0,0.0,0.0,0.0,0.0,0.0,0.0,20.5,0.674,79.5,1.4965,16.76
2018-02-13,1495.0,25833.6,0.05,0.21,0.05,0.03,0.0,25833.6,0.0,1495.0,0.0,0.0,0.0,0.0,0.0,0.0,0.0,0.0,0.0,0.0,0.0,0.0,0.0,0.0,0.0,0.0,0.0,0.0,0.0,0.0,0.0,0.0,0.0,19.51,0.686,80.49,1.4965,17.28
2018-02-14,1495.0,25684.1,0.05,0.21,0.05,0.03,0.0,25684.1,0.0,1495.0,0.0,0.0,0.0,0.0,0.0,0.0,0.0,0.0,0.0,0.0,0.0,0.0,0.0,0.0,0.0,0.0,0.0,0.0,0.0,0.0,0.0,0.0,0.0,20.16,0.6781,79.84,1.4965,17.18
2018-02-15,1495.0,25415.0,0.05,0.21,0.05,0.03,0.0,25415.0,0.0,1495.0,0.0,0.0,0.0,0.0,0.0,0.0,0.0,0.0,0.0,0.0,0.0,0.0,0.0,0.0,0.0,0.0,0.0,0.0,0.0,0.0,0.0,0.0,0.0,20.21,0.6775,79.79,1.4965,17.0
2018-02-16,1495.0,25474.8,0.05,0.21,0.05,0.03,0.0,25474.8,0.0,1495.0,0.0,0.0,0.0,0.0,0.0,0.0,0.0,0.0,0.0,0.0,0.0,0.0,0.0,0.0,0.0,0.0,0.0,0.0,0.0,0.0,0.0,0.0,0.0,20.11,0.6786,79.89,1.4965,17.04
2018-02-19,1495.0,25415.0,0.05,0.22,0.05,0.03,0.0,25415.0,0.0,1495.0,0.0,0.0,0.0,0.0,0.0,0.0,0.0,0.0,0.0,0.0,0.0,0.0,0.0,0.0,0.0,0.0,0.0,0.0,0.0,0.0,0.0,0.0,0.0,20.11,0.6786,79.89,1.4965,17.0
2018-02-20,1495.0,25444.9,0.05,0.22,0.05,0.03,0.0,25444.9,0.0,1495.0,0.0,0.0,0.0,0.0,0.0,0.0,0.0,0.0,0.0,0.0,0.0,0.0,0.0,0.0,0.0,0.0,0.0,0.0,0.0,0.0,0.0,0.0,0.0,20.1,0.6788,79.9,1.4965,17.02
2018-02-21,1197.0,20492.64,0.04,0.18,0.04,0.02,0.0,20492.64,0.0,1197.0,0.0,0.0,0.0,0.0,0.0,0.0,0.0,1.0,0.0,0.0,0.0,0.0,0.0,0.0,299.0,0.0,0.01,0.0,0.0,0.0,0.0,0.0,0.0,0.0,1.0,100.0,1.1982,17.12
2018-02-22,1197.0,20516.58,0.04,0.18,0.04,0.02,0.0,20516.58,0.0,1197.0,0.0,0.0,0.0,0.0,0.0,0.0,0.0,0.0,0.0,0.0,0.0,0.0,0.0,0.0,0.0,0.0,0.0,0.0,0.0,0.0,0.0,0.0,0.0,0.0,1.0,100.0,1.1982,17.14
2018-02-23,1197.0,21402.36,0.04,0.18,0.04,0.02,0.0,21402.36,0.0,1197.0,0.0,0.0,0.0,0.0,0.0,0.0,0.0,0.0,0.0,0.0,0.0,0.0,0.0,0.0,0.0,0.0,0.0,0.0,0.0,0.0,0.0,0.0,0.0,0.0,1.0,100.0,1.1982,17.88
2018-02-26,1197.0,21402.36,0.04,0.19,0.04,0.02,0.0,21402.36,0.0,1197.0,0.0,0.0,0.0,0.0,0.0,0.0,0.0,0.0,0.0,0.0,0.0,0.0,0.0,0.0,0.0,0.0,0.0,0.0,0.0,0.0,0.0,0.0,0.0,0.0,1.0,100.0,1.1982,17.88
2018-02-27,0.0,0.0,0.0,0.0,0.0,0.0,0.0,0.0,0.0,0.0,0.0,0.0,0.0,0.0,0.0,0.0,0.0,0.0,0.0,0.0,0.0,0.0,0.0,0.0,1197.0,0.0,0.02,0.0,0.0,999.0,18161.82,0.02,0.0,0.0,0.0,0.0,0.0,18.18
2018-02-28,0.0,0.0,0.0,0.0,0.0,0.0,0.0,0.0,0.0,0.0,0.0,0.0,0.0,0.0,0.0,0.0,0.0,0.0,0.0,0.0,0.0,0.0,0.0,0.0,0.0,0.0,0.0,0.0,0.0,999.0,17982.0,0.02,0.0,0.0,0.0,0.0,0.0,18.0
2018-03-01,0.0,0.0,0.0,0.0,0.0,0.0,0.0,0.0,0.0,0.0,0.0,0.0,0.0,0.0,0.0,0.0,0.0,0.0,0.0,0.0,0.0,0.0,0.0,0.0,0.0,0.0,0.0,0.0,0.0,999.0,17942.04,0.02,0.0,0.0,0.0,0.0,0.0,17.96
2018-03-02,3500.0,61740.0,0.13,0.64,0.13,0.06,0.0,61740.0,0.0,3500.0,0.0,0.0,0.0,0.0,3500.0,0.0,0.0,0.0,0.0,0.0,0.0,0.0,0.06,0.0,0.0,0.0,0.0,0.0,0.0,0.0,0.0,0.0,0.0,0.0,1.0,100.0,3.5035,17.64
2018-03-05,6800.0,112200.0,0.24,1.27,0.24,0.12,0.0,112200.0,0.0,6800.0,0.0,0.0,0.0,0.06,0.0,0.0,0.0,3300.0,0.0,0.0,0.06,0.0,0.0,0.0,0.0,0.0,0.0,0.0,0.0,0.0,0.0,0.0,0.0,0.0,1.0,100.0,6.8068,16.5
2018-03-06,6800.0,117504.0,0.24,1.3,0.24,0.11,0.0,117504.0,0.0,6800.0,0.0,0.0,0.0,0.0,0.0,0.0,0.0,0.0,0.0,0.0,0.0,0.0,0.0,0.0,0.0,0.0,0.0,0.0,0.0,0.0,0.0,0.0,0.0,0.0,1.0,100.0,6.8068,17.28
2018-03-07,6800.0,116960.0,0.24,1.47,0.24,0.12,0.0,116960.0,0.0,6800.0,0.0,0.0,0.0,0.0,0.0,0.0,0.0,0.0,0.0,0.0,0.0,0.0,0.0,0.0,0.0,0.0,0.0,0.0,0.0,0.0,0.0,0.0,0.0,0.0,1.0,100.0,6.8068,17.2
2018-03-08,6800.0,116552.0,0.24,1.74,0.24,0.12,0.0,116552.0,0.0,6800.0,0.0,0.0,0.0,0.0,0.0,0.0,0.0,0.0,0.0,0.0,0.0,0.0,0.0,0.0,0.0,0.0,0.0,0.0,0.0,0.0,0.0,0.0,0.0,0.0,1.0,100.0,6.8068,17.14
2018-03-09,6800.0,115464.0,0.24,1.8,0.24,0.12,0.0,115464.0,0.0,6800.0,0.0,0.0,0.0,0.0,0.0,0.0,0.0,0.0,0.0,0.0,0.0,0.0,0.0,0.0,0.0,0.0,0.0,0.0,0.0,0.0,0.0,0.0,0.0,0.0,1.0,100.0,6.8068,16.98
2018-03-12,6800.0,115328.0,0.24,1.99,0.24,0.12,0.0,115328.0,0.0,6800.0,0.0,0.0,0.0,0.0,0.0,0.0,0.0,0.0,0.0,0.0,0.0,0.0,0.0,0.0,0.0,0.0,0.0,0.0,0.0,0.0,0.0,0.0,0.0,0.0,1.0,100.0,6.8068,16.96
2018-03-13,6800.0,116008.0,0.24,2.25,0.24,0.12,0.0,116008.0,0.0,6800.0,0.0,0.0,0.0,0.0,0.0,0.0,0.0,0.0,0.0,0.0,0.0,0.0,0.0,0.0,0.0,0.0,0.0,0.0,0.0,0.0,0.0,0.0,0.0,0.0,1.0,100.0,6.8068,17.06
2018-03-14,6800.0,110160.0,0.24,2.45,0.24,0.12,0.0,110160.0,0.0,6800.0,0.0,0.0,0.0,0.0,0.0,0.0,0.0,0.0,0.0,0.0,0.0,0.0,0.0,0.0,0.0,0.0,0.0,0.0,0.0,0.0,0.0,0.0,0.0,0.0,1.0,100.0,6.8068,16.2
2018-03-15,6800.0,115464.0,0.24,2.85,0.24,0.11,0.0,115464.0,0.0,6800.0,0.0,0.0,0.0,0.0,0.0,0.0,0.0,0.0,0.0,0.0,0.0,0.0,0.0,0.0,0.0,0.0,0.0,0.0,0.0,0.0,0.0,0.0,0.0,0.0,1.0,100.0,6.8068,16.98
2018-03-16,6800.0,113832.0,0.24,3.04,0.24,0.12,0.0,113832.0,0.0,6800.0,0.0,0.0,0.0,0.0,0.0,0.0,0.0,0.0,0.0,0.0,0.0,0.0,0.0,0.0,0.0,0.0,0.0,0.0,0.0,0.0,0.0,0.0,0.0,0.0,1.0,100.0,6.8068,16.74
2018-03-19,3300.0,56034.0,0.12,1.61,0.12,0.06,0.0,56034.0,0.0,3300.0,0.0,0.0,0.0,0.0,0.0,0.0,0.0,0.0,0.0,0.0,0.0,0.0,0.0,0.0,3500.0,0.0,0.06,0.0,0.0,999.0,16963.02,0.02,0.0,0.0,1.0,100.0,3.3033,16.98
2018-03-20,3300.0,55308.0,0.12,1.69,0.12,0.06,0.0,55308.0,0.0,3300.0,0.0,0.0,0.0,0.0,0.0,0.0,0.0,0.0,0.0,0.0,0.0,0.0,0.0,0.0,0.0,0.0,0.0,0.0,0.0,999.0,16743.24,0.02,0.0,0.0,1.0,100.0,3.3033,16.76
2018-03-21,3300.0,55176.0,0.12,1.81,0.12,0.06,0.0,55176.0,0.0,3300.0,0.0,0.0,0.0,0.0,0.0,0.0,0.0,0.0,0.0,0.0,0.0,0.0,0.0,0.0,0.0,0.0,0.0,0.0,0.0,999.0,16703.28,0.02,0.0,0.0,1.0,100.0,3.3033,16.72
2018-03-22,3300.0,54780.0,0.12,1.86,0.12,0.06,0.0,54780.0,0.0,3300.0,0.0,0.0,0.0,0.0,0.0,0.0,0.0,0.0,0.0,0.0,0.0,0.0,0.0,0.0,0.0,0.0,0.0,0.0,0.0,999.0,16583.4,0.02,0.0,0.0,1.0,100.0,3.3033,16.6
2018-03-23,3300.0,54252.0,0.12,1.91,0.12,0.05,0.0,54252.0,0.0,3300.0,0.0,0.0,0.0,0.0,0.0,0.0,0.0,0.0,0.0,0.0,0.0,0.0,0.0,0.0,0.0,0.0,0.0,0.0,0.0,999.0,16423.56,0.02,0.0,0.0,1.0,100.0,3.3033,16.44
2018-03-26,3300.0,53724.0,0.12,1.86,0.12,0.05,0.0,53724.0,0.0,3300.0,0.0,0.0,0.0,0.0,0.0,0.0,0.0,0.0,0.0,0.0,0.0,0.0,0.0,0.0,0.0,0.0,0.0,0.0,0.0,999.0,16263.72,0.02,0.0,0.0,1.0,100.0,3.3033,16.28
2018-03-27,3300.0,54384.0,0.12,1.84,0.12,0.05,0.0,54384.0,0.0,3300.0,0.0,0.0,0.0,0.0,0.0,0.0,0.0,0.0,0.0,0.0,0.0,0.0,0.0,0.0,0.0,0.0,0.0,0.0,0.0,999.0,16463.52,0.02,0.0,0.0,1.0,100.0,3.3033,16.48
2018-03-28,2932.0,47674.32,0.11,1.65,0.11,0.05,0.0,47674.32,0.0,2932.0,0.0,0.0,0.0,0.0,0.0,0.0,0.0,0.0,0.0,0.0,0.0,0.0,0.0,0.0,368.0,0.0,0.01,0.0,0.0,999.0,16243.74,0.02,0.0,0.0,1.0,100.0,2.9349,16.26
2018-03-29,2932.0,48260.72,0.11,1.69,0.11,0.05,0.0,48260.72,0.0,2932.0,0.0,0.0,0.0,0.0,0.0,0.0,0.0,0.0,0.0,0.0,0.0,0.0,0.0,0.0,0.0,0.0,0.0,0.0,0.0,999.0,16443.54,0.02,0.0,0.0,1.0,100.0,2.9349,16.46
2018-03-30,2932.0,48260.72,0.11,1.88,0.11,0.05,0.0,48260.72,0.0,2932.0,0.0,0.0,0.0,0.0,0.0,0.0,0.0,0.0,0.0,0.0,0.0,0.0,0.0,0.0,0.0,0.0,0.0,0.0,0.0,999.0,16443.54,0.02,0.0,0.0,1.0,100.0,2.9349,0.0
2018-04-02,2932.0,48260.72,0.11,1.88,0.11,0.05,0.0,48260.72,0.0,2932.0,0.0,0.0,0.0,0.0,0.0,0.0,0.0,0.0,0.0,0.0,0.0,0.0,0.0,0.0,0.0,0.0,0.0,0.0,0.0,999.0,16443.54,0.02,0.0,0.0,1.0,100.0,2.9349,0.0
2018-04-03,2932.0,48084.8,0.11,1.88,0.11,0.05,0.0,48084.8,0.0,2932.0,0.0,0.0,0.0,0.0,0.0,0.0,0.0,0.0,0.0,0.0,0.0,0.0,0.0,0.0,0.0,0.0,0.0,0.0,0.0,999.0,16383.6,0.02,0.0,0.0,1.0,100.0,2.9349,16.4
2018-04-04,2932.0,47498.4,0.11,1.9,0.11,0.05,0.0,47498.4,0.0,2932.0,0.0,0.0,0.0,0.0,0.0,0.0,0.0,0.0,0.0,0.0,0.0,0.0,0.0,0.0,0.0,0.0,0.0,0.0,0.0,999.0,16183.8,0.02,0.0,0.0,1.0,100.0,2.9349,16.2
2018-04-05,2600.0,42276.0,0.09,1.69,0.09,0.04,0.0,42276.0,0.0,2600.0,0.0,0.0,0.0,0.0,0.0,0.0,0.0,0.0,0.0,0.0,0.0,0.0,0.0,0.0,332.0,0.0,0.01,0.0,0.0,999.0,16243.74,0.02,0.0,0.0,1.0,100.0,2.6026,16.26
2018-04-06,2600.0,42276.0,0.09,1.66,0.09,0.04,0.0,42276.0,0.0,2600.0,0.0,0.0,0.0,0.0,0.0,0.0,0.0,0.0,0.0,0.0,0.0,0.0,0.0,0.0,0.0,0.0,0.0,0.0,0.0,999.0,16243.74,0.02,0.0,0.0,1.0,100.0,2.6026,16.26
2018-04-09,2600.0,42224.0,0.09,1.76,0.09,0.04,0.0,42224.0,0.0,2600.0,0.0,0.0,0.0,0.0,0.0,0.0,0.0,0.0,0.0,0.0,0.0,0.0,0.0,0.0,0.0,0.0,0.0,0.0,0.0,999.0,16223.76,0.02,0.0,0.0,1.0,100.0,2.6026,16.24
2018-04-10,2600.0,42172.0,0.09,1.83,0.09,0.04,0.0,42172.0,0.0,2600.0,0.0,0.0,0.0,0.0,0.0,0.0,0.0,0.0,0.0,0.0,0.0,0.0,0.0,0.0,0.0,0.0,0.0,0.0,0.0,999.0,16203.78,0.02,0.0,0.0,1.0,100.0,2.6026,16.22
2018-04-11,2600.0,42224.0,0.09,2.08,0.09,0.04,0.0,42224.0,0.0,2600.0,0.0,0.0,0.0,0.0,0.0,0.0,0.0,0.0,0.0,0.0,0.0,0.0,0.0,0.0,0.0,0.0,0.0,0.0,0.0,999.0,16223.76,0.02,0.0,0.0,1.0,100.0,2.6026,16.24
2018-04-12,2600.0,42328.0,0.09,2.46,0.09,0.04,0.0,42328.0,0.0,2600.0,0.0,0.0,0.0,0.0,0.0,0.0,0.0,0.0,0.0,0.0,0.0,0.0,0.0,0.0,0.0,0.0,0.0,0.0,0.0,999.0,16263.72,0.02,0.0,0.0,1.0,100.0,2.6026,16.28
2018-04-13,2600.0,42328.0,0.09,2.67,0.09,0.04,0.0,42328.0,0.0,2600.0,0.0,0.0,0.0,0.0,0.0,0.0,0.0,0.0,0.0,0.0,0.0,0.0,0.0,0.0,0.0,0.0,0.0,0.0,0.0,999.0,16263.72,0.02,0.0,0.0,1.0,100.0,2.6026,16.28
2018-04-16,2600.0,42380.0,0.09,2.98,0.09,0.04,0.0,42380.0,0.0,2600.0,0.0,0.0,0.0,0.0,0.0,0.0,0.0,0.0,0.0,0.0,0.0,0.0,0.0,0.0,0.0,0.0,0.0,0.0,0.0,999.0,16283.7,0.02,0.0,0.0,1.0,100.0,2.6026,16.3
2018-04-17,2600.0,42016.0,0.09,3.0,0.09,0.04,0.0,42016.0,0.0,2600.0,0.0,0.0,0.0,0.0,0.0,0.0,0.0,0.0,0.0,0.0,0.0,0.0,0.0,0.0,0.0,0.0,0.0,0.0,0.0,999.0,16143.84,0.02,0.0,0.0,1.0,100.0,2.6026,16.16
2018-04-18,2600.0,46228.0,0.09,2.86,0.09,0.04,0.0,46228.0,0.0,2600.0,0.0,0.0,0.0,0.0,0.0,0.0,0.0,0.0,0.0,0.0,0.0,0.0,0.0,0.0,0.0,0.0,0.0,0.0,0.0,999.0,17762.22,0.02,0.0,0.0,1.0,100.0,2.6026,17.78
2018-04-19,2600.0,46280.0,0.09,2.76,0.09,0.05,0.0,46280.0,0.0,2600.0,0.0,0.0,0.0,0.0,0.0,0.0,0.0,0.0,0.0,0.0,0.0,0.0,0.0,0.0,0.0,0.0,0.0,0.0,0.0,999.0,17782.2,0.02,0.0,0.0,1.0,100.0,2.6026,17.8
2018-04-20,2600.0,46696.0,0.09,2.26,0.09,0.05,0.0,46696.0,0.0,2600.0,0.0,0.0,0.0,0.0,0.0,0.0,0.0,0.0,0.0,0.0,0.0,0.0,0.0,0.0,0.0,0.0,0.0,0.0,0.0,999.0,17942.04,0.02,0.0,0.0,1.0,100.0,2.6026,17.96
2018-04-23,2600.0,46124.0,0.09,2.27,0.09,0.05,0.0,46124.0,0.0,2600.0,0.0,0.0,0.0,0.0,0.0,0.0,0.0,0.0,0.0,0.0,0.0,0.0,0.0,0.0,0.0,0.0,0.0,0.0,0.0,999.0,17722.26,0.02,0.0,0.0,1.0,100.0,2.6026,17.74
2018-04-24,2600.0,45188.0,0.09,2.16,0.09,0.05,0.0,45188.0,0.0,2600.0,0.0,0.0,0.0,0.0,0.0,0.0,0.0,0.0,0.0,0.0,0.0,0.0,0.0,0.0,0.0,0.0,0.0,0.0,0.0,999.0,17362.62,0.02,0.0,0.0,1.0,100.0,2.6026,17.38
2018-04-25,2600.0,44824.0,0.09,2.17,0.09,0.05,0.0,44824.0,0.0,2600.0,0.0,0.0,0.0,0.0,0.0,0.0,0.0,0.0,0.0,0.0,0.0,0.0,0.0,0.0,0.0,0.0,0.0,0.0,0.0,999.0,17222.76,0.02,0.0,0.0,1.0,100.0,2.6026,17.24
2018-04-26,2600.0,44096.0,0.09,2.15,0.09,0.04,0.0,44096.0,0.0,2600.0,0.0,0.0,0.0,0.0,0.0,0.0,0.0,0.0,0.0,0.0,0.0,0.0,0.0,0.0,0.0,0.0,0.0,0.0,0.0,999.0,16943.04,0.02,0.0,0.0,1.0,100.0,2.6026,16.96
2018-04-27,2600.0,46436.0,0.09,2.09,0.09,0.04,0.0,46436.0,0.0,2600.0,0.0,0.0,0.0,0.0,0.0,0.0,0.0,0.0,0.0,0.0,0.0,0.0,0.0,0.0,0.0,0.0,0.0,0.0,0.0,999.0,17842.14,0.02,0.0,0.0,1.0,100.0,2.6026,17.86
2018-04-30,2600.0,46280.0,0.09,1.31,0.09,0.05,0.0,46280.0,0.0,2600.0,0.0,0.0,0.0,0.0,0.0,0.0,0.0,0.0,0.0,0.0,0.0,0.0,0.0,0.0,0.0,0.0,0.0,0.0,0.0,999.0,17782.2,0.02,0.0,0.0,1.0,100.0,2.6026,17.8
2018-05-01,2600.0,46280.0,0.09,1.29,0.09,0.05,0.0,46280.0,0.0,2600.0,0.0,0.0,0.0,0.0,0.0,0.0,0.0,0.0,0.0,0.0,0.0,0.0,0.0,0.0,0.0,0.0,0.0,0.0,0.0,999.0,17782.2,0.02,0.0,0.0,1.0,100.0,2.6026,0.0
2018-05-02,2600.0,45812.0,0.09,1.29,0.09,0.05,0.0,45812.0,0.0,2600.0,0.0,0.0,0.0,0.0,0.0,0.0,0.0,0.0,0.0,0.0,0.0,0.0,0.0,0.0,0.0,0.0,0.0,0.0,0.0,999.0,17602.38,0.02,0.0,0.0,1.0,100.0,2.6026,17.62
2018-05-03,2600.0,45760.0,0.09,1.22,0.09,0.05,0.0,45760.0,0.0,2600.0,0.0,0.0,0.0,0.0,0.0,0.0,0.0,0.0,0.0,0.0,0.0,0.0,0.0,0.0,0.0,0.0,0.0,0.0,0.0,999.0,17582.4,0.02,0.0,0.0,1.0,100.0,2.6026,17.6
2018-05-04,2600.0,45500.0,0.09,1.15,0.09,0.05,0.0,45500.0,0.0,2600.0,0.0,0.0,0.0,0.0,0.0,0.0,0.0,0.0,0.0,0.0,0.0,0.0,0.0,0.0,0.0,0.0,0.0,0.0,0.0,999.0,17482.5,0.02,0.0,0.0,1.0,100.0,2.6026,17.5
2018-05-07,2600.0,45500.0,0.09,1.13,0.09,0.05,0.0,45500.0,0.0,2600.0,0.0,0.0,0.0,0.0,0.0,0.0,0.0,0.0,0.0,0.0,0.0,0.0,0.0,0.0,0.0,0.0,0.0,0.0,0.0,999.0,17482.5,0.02,0.0,0.0,1.0,100.0,2.6026,17.5
2018-05-08,2600.0,46280.0,0.09,1.11,0.09,0.05,0.0,46280.0,0.0,2600.0,0.0,0.0,0.0,0.0,0.0,0.0,0.0,0.0,0.0,0.0,0.0,0.0,0.0,0.0,0.0,0.0,0.0,0.0,0.0,999.0,17782.2,0.02,0.0,0.0,1.0,100.0,2.6026,17.8
2018-05-09,2600.0,46384.0,0.09,1.11,0.09,0.05,0.0,46384.0,0.0,2600.0,0.0,0.0,0.0,0.0,0.0,0.0,0.0,0.0,0.0,0.0,0.0,0.0,0.0,0.0,0.0,0.0,0.0,0.0,0.0,999.0,17822.16,0.02,0.0,0.0,1.0,100.0,2.6026,17.84
2018-05-10,2600.0,46020.0,0.09,1.15,0.09,0.05,0.0,46020.0,0.0,2600.0,0.0,0.0,0.0,0.0,0.0,0.0,0.0,0.0,0.0,0.0,0.0,0.0,0.0,0.0,0.0,0.0,0.0,0.0,0.0,999.0,17682.3,0.02,0.0,0.0,1.0,100.0,2.6026,17.7
2018-05-11,2600.0,46332.0,0.09,1.17,0.09,0.05,0.0,46332.0,0.0,2600.0,0.0,0.0,0.0,0.0,0.0,0.0,0.0,0.0,0.0,0.0,0.0,0.0,0.0,0.0,0.0,0.0,0.0,0.0,0.0,999.0,17802.18,0.02,0.0,0.0,1.0,100.0,2.6026,17.82
2018-05-14,2600.0,48100.0,0.09,1.17,0.09,0.05,0.0,48100.0,0.0,2600.0,0.0,0.0,0.0,0.0,0.0,0.0,0.0,0.0,0.0,0.0,0.0,0.0,0.0,0.0,0.0,0.0,0.0,0.0,0.0,999.0,18481.5,0.02,0.0,0.0,1.0,100.0,2.6026,18.5
2018-05-15,2600.0,46748.0,0.09,1.12,0.09,0.05,0.0,46748.0,0.0,2600.0,0.0,0.0,0.0,0.0,0.0,0.0,0.0,0.0,0.0,0.0,0.0,0.0,0.0,0.0,0.0,0.0,0.0,0.0,0.0,999.0,17962.02,0.02,0.0,0.0,1.0,100.0,2.6026,17.98
2018-05-16,2600.0,46748.0,0.09,1.11,0.09,0.05,0.0,46748.0,0.0,2600.0,0.0,0.0,0.0,0.0,0.0,0.0,0.0,0.0,0.0,0.0,0.0,0.0,0.0,0.0,0.0,0.0,0.0,0.0,0.0,999.0,17962.02,0.02,0.0,0.0,1.0,100.0,2.6026,17.98
2018-05-17,2600.0,46748.0,0.09,1.12,0.09,0.05,0.0,46748.0,0.0,2600.0,0.0,0.0,0.0,0.0,0.0,0.0,0.0,0.0,0.0,0.0,0.0,0.0,0.0,0.0,0.0,0.0,0.0,0.0,0.0,999.0,17962.02,0.02,0.0,0.0,1.0,100.0,2.6026,17.98
2018-05-18,2600.0,46644.0,0.09,1.13,0.09,0.05,0.0,46644.0,0.0,2600.0,0.0,0.0,0.0,0.0,0.0,0.0,0.0,0.0,0.0,0.0,0.0,0.0,0.0,0.0,0.0,0.0,0.0,0.0,0.0,999.0,17922.06,0.02,0.0,0.0,1.0,100.0,2.6026,17.94
2018-05-21,2600.0,45760.0,0.09,1.13,0.09,0.05,0.0,45760.0,0.0,2600.0,0.0,0.0,0.0,0.0,0.0,0.0,0.0,0.0,0.0,0.0,0.0,0.0,0.0,0.0,0.0,0.0,0.0,0.0,0.0,999.0,17582.4,0.02,0.0,0.0,1.0,100.0,2.6026,17.6
2018-05-22,2600.0,45968.0,0.09,1.11,0.09,0.05,0.0,45968.0,0.0,2600.0,0.0,0.0,0.0,0.0,0.0,0.0,0.0,0.0,0.0,0.0,0.0,0.0,0.0,0.0,0.0,0.0,0.0,0.0,0.0,999.0,17662.32,0.02,0.0,0.0,1.0,100.0,2.6026,17.68
2018-05-23,2600.0,45448.0,0.09,1.09,0.09,0.05,0.0,45448.0,0.0,2600.0,0.0,0.0,0.0,0.0,0.0,0.0,0.0,0.0,0.0,0.0,0.0,0.0,0.0,0.0,0.0,0.0,0.0,0.0,0.0,999.0,17462.52,0.02,0.0,0.0,1.0,100.0,2.6026,17.48
2018-05-24,2600.0,45500.0,0.09,1.06,0.09,0.05,0.0,45500.0,0.0,2600.0,0.0,0.0,0.0,0.0,0.0,0.0,0.0,0.0,0.0,0.0,0.0,0.0,0.0,0.0,0.0,0.0,0.0,0.0,0.0,999.0,17482.5,0.02,0.0,0.0,1.0,100.0,2.6026,17.5
2018-05-25,2600.0,45500.0,0.09,1.07,0.09,0.05,0.0,45500.0,0.0,2600.0,0.0,0.0,0.0,0.0,0.0,0.0,0.0,0.0,0.0,0.0,0.0,0.0,0.0,0.0,0.0,0.0,0.0,0.0,0.0,999.0,17482.5,0.02,0.0,0.0,1.0,100.0,2.6026,17.5
2018-05-28,2600.0,45396.0,0.09,1.08,0.09,0.05,0.0,45396.0,0.0,2600.0,0.0,0.0,0.0,0.0,0.0,0.0,0.0,0.0,0.0,0.0,0.0,0.0,0.0,0.0,0.0,0.0,0.0,0.0,0.0,999.0,17442.54,0.02,0.0,0.0,1.0,100.0,2.6026,17.46
2018-05-29,2600.0,44668.0,0.09,1.08,0.09,0.05,0.0,44668.0,0.0,2600.0,0.0,0.0,0.0,0.0,0.0,0.0,0.0,0.0,0.0,0.0,0.0,0.0,0.0,0.0,0.0,0.0,0.0,0.0,0.0,999.0,17162.82,0.02,0.0,0.0,1.0,100.0,2.6026,17.18
2018-05-30,2600.0,45292.0,0.09,1.05,0.09,0.04,0.0,45292.0,0.0,2600.0,0.0,0.0,0.0,0.0,0.0,0.0,0.0,0.0,0.0,0.0,0.0,0.0,0.0,0.0,0.0,0.0,0.0,0.0,0.0,999.0,17402.58,0.02,0.0,0.0,1.0,100.0,2.6026,17.42
2018-05-31,2600.0,45292.0,0.09,1.09,0.09,0.05,0.0,45292.0,0.0,2600.0,0.0,0.0,0.0,0.0,0.0,0.0,0.0,0.0,0.0,0.0,0.0,0.0,0.0,0.0,0.0,0.0,0.0,0.0,0.0,999.0,17402.58,0.02,0.0,0.0,1.0,100.0,2.6026,17.42
2018-06-01,2600.0,44200.0,0.09,1.14,0.09,0.05,0.0,44200.0,0.0,2600.0,0.0,0.0,0.0,0.0,0.0,0.0,0.0,0.0,0.0,0.0,0.0,0.0,0.0,0.0,0.0,0.0,0.0,0.0,0.0,999.0,16983.0,0.02,0.0,0.0,1.0,100.0,2.6026,17.0
2018-06-04,2600.0,44044.0,0.09,1.22,0.09,0.04,0.0,44044.0,0.0,2600.0,0.0,0.0,0.0,0.0,0.0,0.0,0.0,0.0,0.0,0.0,0.0,0.0,0.0,0.0,0.0,0.0,0.0,0.0,0.0,999.0,16923.06,0.02,0.0,0.0,1.0,100.0,2.6026,16.94
2018-06-05,2600.0,43732.0,0.09,1.23,0.09,0.04,0.0,43732.0,0.0,2600.0,0.0,0.0,0.0,0.0,0.0,0.0,0.0,0.0,0.0,0.0,0.0,0.0,0.0,0.0,0.0,0.0,0.0,0.0,0.0,999.0,16803.18,0.02,0.0,0.0,1.0,100.0,2.6026,16.82
2018-06-06,2600.0,43368.0,0.09,1.25,0.09,0.04,0.0,43368.0,0.0,2600.0,0.0,0.0,0.0,0.0,0.0,0.0,0.0,0.0,0.0,0.0,0.0,0.0,0.0,0.0,0.0,0.0,0.0,0.0,0.0,999.0,16663.32,0.02,0.0,0.0,1.0,100.0,2.6026,16.68
2018-06-07,2600.0,44148.0,0.09,1.24,0.09,0.04,0.0,44148.0,0.0,2600.0,0.0,0.0,0.0,0.0,0.0,0.0,0.0,0.0,0.0,0.0,0.0,0.0,0.0,0.0,0.0,0.0,0.0,0.0,0.0,999.0,16963.02,0.02,0.0,0.0,1.0,100.0,2.6026,16.98
2018-06-08,2600.0,42120.0,0.09,1.23,0.09,0.04,0.0,42120.0,0.0,2600.0,0.0,0.0,0.0,0.0,0.0,0.0,0.0,0.0,0.0,0.0,0.0,0.0,0.0,0.0,0.0,0.0,0.0,0.0,0.0,999.0,16183.8,0.02,0.0,0.0,1.0,100.0,2.6026,16.2
2018-06-11,2600.0,43524.0,0.09,1.24,0.09,0.04,0.0,43524.0,0.0,2600.0,0.0,0.0,0.0,0.0,0.0,0.0,0.0,0.0,0.0,0.0,0.0,0.0,0.0,0.0,0.0,0.0,0.0,0.0,0.0,999.0,16723.26,0.02,0.0,0.0,1.0,100.0,2.6026,16.74
2018-06-12,2600.0,43108.0,0.09,2.01,0.09,0.04,0.0,43108.0,0.0,2600.0,0.0,0.0,0.0,0.0,0.0,0.0,0.0,0.0,0.0,0.0,0.0,0.0,0.0,0.0,0.0,0.0,0.0,0.0,0.0,999.0,16563.42,0.02,0.0,0.0,1.0,100.0,2.6026,16.58
2018-06-13,2600.0,42900.0,0.09,2.08,0.09,0.04,0.0,42900.0,0.0,2600.0,0.0,0.0,0.0,0.0,0.0,0.0,0.0,0.0,0.0,0.0,0.0,0.0,0.0,0.0,0.0,0.0,0.0,0.0,0.0,999.0,16483.5,0.02,0.0,0.0,1.0,100.0,2.6026,16.5
2018-06-14,2600.0,43108.0,0.09,2.27,0.09,0.04,0.0,43108.0,0.0,2600.0,0.0,0.0,0.0,0.0,0.0,0.0,0.0,0.0,0.0,0.0,0.0,0.0,0.0,0.0,0.0,0.0,0.0,0.0,0.0,999.0,16563.42,0.02,0.0,0.0,1.0,100.0,2.6026,16.58
2018-06-15,2600.0,42848.0,0.09,2.62,0.09,0.04,0.0,42848.0,0.0,2600.0,0.0,0.0,0.0,0.0,0.0,0.0,0.0,0.0,0.0,0.0,0.0,0.0,0.0,0.0,0.0,0.0,0.0,0.0,0.0,999.0,16463.52,0.02,0.0,0.0,1.0,100.0,2.6026,16.48
2018-06-18,2600.0,44408.0,0.09,2.89,0.09,0.04,0.0,44408.0,0.0,2600.0,0.0,0.0,0.0,0.0,0.0,0.0,0.0,0.0,0.0,0.0,0.0,0.0,0.0,0.0,0.0,0.0,0.0,0.0,0.0,999.0,17062.92,0.02,0.0,0.0,1.0,100.0,2.6026,17.08
2018-06-19,2600.0,44200.0,0.09,2.89,0.09,0.04,0.0,44200.0,0.0,2600.0,0.0,0.0,0.0,0.0,0.0,0.0,0.0,0.0,0.0,0.0,0.0,0.0,0.0,0.0,0.0,0.0,0.0,0.0,0.0,999.0,16983.0,0.02,0.0,0.0,1.0,100.0,2.6026,17.0
2018-06-20,2600.0,44668.0,0.09,2.82,0.09,0.04,0.0,44668.0,0.0,2600.0,0.0,0.0,0.0,0.0,0.0,0.0,0.0,0.0,0.0,0.0,0.0,0.0,0.0,0.0,0.0,0.0,0.0,0.0,0.0,999.0,17162.82,0.02,0.0,0.0,1.0,100.0,2.6026,17.18
2018-06-21,2600.0,44200.0,0.09,2.67,0.09,0.04,0.0,44200.0,0.0,2600.0,0.0,0.0,0.0,0.0,0.0,0.0,0.0,0.0,0.0,0.0,0.0,0.0,0.0,0.0,0.0,0.0,0.0,0.0,0.0,999.0,16983.0,0.02,0.0,0.0,1.0,100.0,2.6026,17.0
2018-06-22,2600.0,44200.0,0.09,2.64,0.09,0.04,0.0,44200.0,0.0,2600.0,0.0,0.0,0.0,0.0,0.0,0.0,0.0,0.0,0.0,0.0,0.0,0.0,0.0,0.0,0.0,0.0,0.0,0.0,0.0,999.0,16983.0,0.02,0.0,0.0,1.0,100.0,2.6026,17.0
2018-06-25,2600.0,44668.0,0.09,2.63,0.09,0.04,0.0,44668.0,0.0,2600.0,0.0,0.0,0.0,0.0,0.0,0.0,0.0,0.0,0.0,0.0,0.0,0.0,0.0,0.0,0.0,0.0,0.0,0.0,0.0,999.0,17162.82,0.02,0.0,0.0,1.0,100.0,2.6026,17.18
2018-06-26,2600.0,43940.0,0.09,3.04,0.09,0.04,0.0,43940.0,0.0,2600.0,0.0,0.0,0.0,0.0,0.0,0.0,0.0,0.0,0.0,0.0,0.0,0.0,0.0,0.0,0.0,0.0,0.0,0.0,0.0,999.0,16883.1,0.02,0.0,0.0,1.0,100.0,2.6026,16.9
2018-06-27,2600.0,43992.0,0.09,3.01,0.09,0.04,0.0,43992.0,0.0,2600.0,0.0,0.0,0.0,0.0,0.0,0.0,0.0,0.0,0.0,0.0,0.0,0.0,0.0,0.0,0.0,0.0,0.0,0.0,0.0,999.0,16903.08,0.02,0.0,0.0,1.0,100.0,2.6026,16.92
2018-06-28,2600.0,44096.0,0.09,2.91,0.09,0.04,0.0,44096.0,0.0,2600.0,0.0,0.0,0.0,0.0,0.0,0.0,0.0,0.0,0.0,0.0,0.0,0.0,0.0,0.0,0.0,0.0,0.0,0.0,0.0,999.0,16943.04,0.02,0.0,0.0,1.0,100.0,2.6026,16.96
2018-06-29,2600.0,43940.0,0.09,2.72,0.09,0.04,0.0,43940.0,0.0,2600.0,0.0,0.0,0.0,0.0,0.0,0.0,0.0,0.0,0.0,0.0,0.0,0.0,0.0,0.0,0.0,0.0,0.0,0.0,0.0,999.0,16883.1,0.02,0.0,0.0,1.0,100.0,2.6026,16.9
2018-07-02,2600.0,43784.0,0.09,2.61,0.09,0.04,0.0,43784.0,0.0,2600.0,0.0,0.0,0.0,0.0,0.0,0.0,0.0,0.0,0.0,0.0,0.0,0.0,0.0,0.0,0.0,0.0,0.0,0.0,0.0,999.0,16823.16,0.02,0.0,0.0,1.0,100.0,2.6026,16.84
2018-07-03,2600.0,43992.0,0.09,2.56,0.09,0.04,0.0,43992.0,0.0,2600.0,0.0,0.0,0.0,0.0,0.0,0.0,0.0,0.0,0.0,0.0,0.0,0.0,0.0,0.0,0.0,0.0,0.0,0.0,0.0,999.0,16903.08,0.02,0.0,0.0,1.0,100.0,2.6026,16.92
2018-07-04,2600.0,43940.0,0.09,2.54,0.09,0.04,0.0,43940.0,0.0,2600.0,0.0,0.0,0.0,0.0,0.0,0.0,0.0,0.0,0.0,0.0,0.0,0.0,0.0,0.0,0.0,0.0,0.0,0.0,0.0,999.0,16883.1,0.02,0.0,0.0,1.0,100.0,2.6026,16.9
2018-07-05,2600.0,43108.0,0.09,2.57,0.09,0.04,0.0,43108.0,0.0,2600.0,0.0,0.0,0.0,0.0,0.0,0.0,0.0,0.0,0.0,0.0,0.0,0.0,0.0,0.0,0.0,0.0,0.0,0.0,0.0,999.0,16563.42,0.02,0.0,0.0,1.0,100.0,2.6026,16.58
2018-07-06,4100.0,67322.0,0.15,3.64,0.15,0.07,0.0,67322.0,0.0,4100.0,0.0,0.0,0.0,0.0,1500.0,0.0,0.0,0.0,0.0,0.0,0.0,0.0,0.02,0.0,0.0,0.0,0.0,0.0,0.0,0.0,0.0,0.0,0.0,36.36,0.5372,63.64,4.1041,16.42
2018-07-09,4100.0,68552.0,0.15,3.64,0.15,0.07,0.0,68552.0,0.0,4100.0,0.0,0.0,0.0,0.0,0.0,0.0,0.0,0.0,0.0,0.0,0.0,0.0,0.0,0.0,0.0,0.0,0.0,0.0,0.0,0.0,0.0,0.0,0.0,37.01,0.5338,62.99,4.1041,16.72
2018-07-10,4100.0,68880.0,0.15,3.72,0.15,0.07,0.0,68880.0,0.0,4100.0,0.0,0.0,0.0,0.0,0.0,0.0,0.0,0.0,0.0,0.0,0.0,0.0,0.0,0.0,0.0,0.0,0.0,0.0,0.0,0.0,0.0,0.0,0.0,36.7,0.5354,63.3,4.1041,16.8
2018-07-11,4100.0,67978.0,0.15,4.03,0.15,0.07,0.0,67978.0,0.0,4100.0,0.0,0.0,0.0,0.0,0.0,0.0,0.0,0.0,0.0,0.0,0.0,0.0,0.0,0.0,0.0,0.0,0.0,0.0,0.0,0.0,0.0,0.0,0.0,36.28,0.5376,63.72,4.1041,16.58
2018-07-12,4100.0,68552.0,0.15,4.01,0.15,0.07,0.0,68552.0,0.0,4100.0,0.0,0.0,0.0,0.0,0.0,0.0,0.0,0.0,0.0,0.0,0.0,0.0,0.0,0.0,0.0,0.0,0.0,0.0,0.0,0.0,0.0,0.0,0.0,36.78,0.535,63.22,4.1041,16.72
2018-07-13,4100.0,68634.0,0.15,4.04,0.15,0.07,0.0,68634.0,0.0,4100.0,0.0,0.0,0.0,0.0,0.0,0.0,0.0,0.0,0.0,0.0,0.0,0.0,0.0,0.0,0.0,0.0,0.0,0.0,0.0,0.0,0.0,0.0,0.0,36.61,0.5358,63.39,4.1041,16.74
2018-07-16,4100.0,68552.0,0.15,4.39,0.15,0.07,0.0,68552.0,0.0,4100.0,0.0,0.0,0.0,0.0,0.0,0.0,0.0,0.0,0.0,0.0,0.0,0.0,0.0,0.0,0.0,0.0,0.0,0.0,0.0,0.0,0.0,0.0,0.0,36.56,0.5361,63.44,4.1041,16.72
2018-07-17,4100.0,69290.0,0.15,4.11,0.15,0.07,0.0,69290.0,0.0,4100.0,0.0,0.0,0.0,0.0,0.0,0.0,0.0,0.0,0.0,0.0,0.0,0.0,0.0,0.0,0.0,0.0,0.0,0.0,0.0,0.0,0.0,0.0,0.0,36.83,0.5347,63.17,4.1041,16.9
2018-07-18,4100.0,70766.0,0.15,4.08,0.15,0.07,0.0,70766.0,0.0,4100.0,0.0,0.0,0.0,0.0,0.0,0.0,0.0,0.0,0.0,0.0,0.0,0.0,0.0,0.0,0.0,0.0,0.0,0.0,0.0,0.0,0.0,0.0,0.0,37.08,0.5334,62.92,4.1041,17.26
2018-07-19,4100.0,70684.0,0.15,4.0,0.15,0.07,0.0,70684.0,0.0,4100.0,0.0,0.0,0.0,0.0,0.0,0.0,0.0,0.0,0.0,0.0,0.0,0.0,0.0,0.0,0.0,0.0,0.0,0.0,0.0,0.0,0.0,0.0,0.0,36.56,0.5361,63.44,4.1041,17.24
2018-07-20,4100.0,61746.0,0.15,4.06,0.15,0.07,0.0,61746.0,0.0,4100.0,0.0,0.0,0.0,0.0,0.0,0.0,0.0,0.0,0.0,0.0,0.0,0.0,0.0,0.0,0.0,0.0,0.0,0.0,0.0,0.0,0.0,0.0,0.0,33.51,0.5544,66.49,4.1041,15.06
2018-07-23,4100.0,57810.0,0.15,3.16,0.15,0.06,0.0,57810.0,0.0,4100.0,0.0,0.0,0.0,0.0,0.0,0.0,0.0,0.0,0.0,0.0,0.0,0.0,0.0,0.0,0.0,0.0,0.0,0.0,0.0,0.0,0.0,0.0,0.0,35.07,0.5446,64.93,4.1041,14.1
2018-07-24,4100.0,58548.0,0.15,2.71,0.15,0.06,0.0,58548.0,0.0,4100.0,0.0,0.0,0.0,0.0,0.0,0.0,0.0,0.0,0.0,0.0,0.0,0.0,0.0,0.0,0.0,0.0,0.0,0.0,0.0,0.0,0.0,0.0,0.0,36.67,0.5355,63.33,4.1041,14.28
2018-07-25,4100.0,59122.0,0.15,2.7,0.15,0.06,0.0,59122.0,0.0,4100.0,0.0,0.0,0.0,0.0,0.0,0.0,0.0,0.0,0.0,0.0,0.0,0.0,0.0,0.0,0.0,0.0,0.0,0.0,0.0,0.0,0.0,0.0,0.0,36.81,0.5348,63.19,4.1041,14.42
2018-07-26,4100.0,59286.0,0.15,2.7,0.15,0.06,0.0,59286.0,0.0,4100.0,0.0,0.0,0.0,0.0,0.0,0.0,0.0,0.0,0.0,0.0,0.0,0.0,0.0,0.0,0.0,0.0,0.0,0.0,0.0,0.0,0.0,0.0,0.0,36.65,0.5356,63.35,4.1041,14.46
2018-07-27,4100.0,58548.0,0.15,2.7,0.15,0.06,0.0,58548.0,0.0,4100.0,0.0,0.0,0.0,0.0,0.0,0.0,0.0,0.0,0.0,0.0,0.0,0.0,0.0,0.0,0.0,0.0,0.0,0.0,0.0,0.0,0.0,0.0,0.0,36.3,0.5376,63.7,4.1041,14.28
2018-07-30,4100.0,58302.0,0.15,2.7,0.15,0.06,0.0,58302.0,0.0,4100.0,0.0,0.0,0.0,0.0,0.0,0.0,0.0,0.0,0.0,0.0,0.0,0.0,0.0,0.0,0.0,0.0,0.0,0.0,0.0,0.0,0.0,0.0,0.0,36.49,0.5365,63.51,4.1041,14.22
2018-07-31,4100.0,58220.0,0.15,2.7,0.15,0.06,0.0,58220.0,0.0,4100.0,0.0,0.0,0.0,0.0,0.0,0.0,0.0,0.0,0.0,0.0,0.0,0.0,0.0,0.0,0.0,0.0,0.0,0.0,0.0,0.0,0.0,0.0,0.0,36.55,0.5362,63.45,4.1041,14.2
2018-08-01,4100.0,58138.0,0.15,2.75,0.15,0.06,0.0,58138.0,0.0,4100.0,0.0,0.0,0.0,0.0,0.0,0.0,0.0,0.0,0.0,0.0,0.0,0.0,0.0,0.0,0.0,0.0,0.0,0.0,0.0,0.0,0.0,0.0,0.0,36.55,0.5362,63.45,4.1041,14.18
2018-08-02,4100.0,58220.0,0.15,2.79,0.15,0.06,0.0,58220.0,0.0,4100.0,0.0,0.0,0.0,0.0,0.0,0.0,0.0,0.0,0.0,0.0,0.0,0.0,0.0,0.0,0.0,0.0,0.0,0.0,0.0,0.0,0.0,0.0,0.0,36.62,0.5358,63.38,4.1041,14.2
2018-08-03,4100.0,58384.0,0.15,2.84,0.15,0.06,0.0,58384.0,0.0,4100.0,0.0,0.0,0.0,0.0,0.0,0.0,0.0,0.0,0.0,0.0,0.0,0.0,0.0,0.0,0.0,0.0,0.0,0.0,0.0,0.0,0.0,0.0,0.0,36.65,0.5356,63.35,4.1041,14.24
2018-08-06,4100.0,58630.0,0.15,2.82,0.15,0.06,0.0,58630.0,0.0,4100.0,0.0,0.0,0.0,0.0,0.0,0.0,0.0,0.0,0.0,0.0,0.0,0.0,0.0,0.0,0.0,0.0,0.0,0.0,0.0,0.0,0.0,0.0,0.0,36.68,0.5355,63.32,4.1041,14.3
2018-08-07,4100.0,60434.0,0.15,2.79,0.15,0.06,0.0,60434.0,0.0,4100.0,0.0,0.0,0.0,0.0,0.0,0.0,0.0,0.0,0.0,0.0,0.0,0.0,0.0,0.0,0.0,0.0,0.0,0.0,0.0,0.0,0.0,0.0,0.0,37.29,0.5323,62.71,4.1041,14.74
2018-08-08,4100.0,60352.0,0.15,2.83,0.15,0.06,0.0,60352.0,0.0,4100.0,0.0,0.0,0.0,0.0,0.0,0.0,0.0,0.0,0.0,0.0,0.0,0.0,0.0,0.0,0.0,0.0,0.0,0.0,0.0,0.0,0.0,0.0,0.0,36.55,0.5362,63.45,4.1041,14.72
2018-08-09,4100.0,57892.0,0.15,2.86,0.15,0.06,0.0,57892.0,0.0,4100.0,0.0,0.0,0.0,0.0,0.0,0.0,0.0,0.0,0.0,0.0,0.0,0.0,0.0,0.0,0.0,0.0,0.0,0.0,0.0,0.0,0.0,0.0,0.0,35.63,0.5413,64.37,4.1041,14.12
2018-08-10,4100.0,59286.0,0.15,2.92,0.15,0.06,0.0,59286.0,0.0,4100.0,0.0,0.0,0.0,0.0,0.0,0.0,0.0,0.0,0.0,0.0,0.0,0.0,0.0,0.0,0.0,0.0,0.0,0.0,0.0,0.0,0.0,0.0,0.0,37.14,0.5331,62.86,4.1041,14.46
2018-08-13,4100.0,59204.0,0.15,3.05,0.15,0.06,0.0,59204.0,0.0,4100.0,0.0,0.0,0.0,0.0,0.0,0.0,0.0,0.0,0.0,0.0,0.0,0.0,0.0,0.0,0.0,0.0,0.0,0.0,0.0,0.0,0.0,0.0,0.0,36.55,0.5362,63.45,4.1041,14.44
2018-08-14,4100.0,58056.0,0.15,3.18,0.15,0.06,0.0,58056.0,0.0,4100.0,0.0,0.0,0.0,0.0,0.0,0.0,0.0,0.0,0.0,0.0,0.0,0.0,0.0,0.0,0.0,0.0,0.0,0.0,0.0,0.0,0.0,0.0,0.0,36.13,0.5385,63.87,4.1041,14.16
2018-08-15,4100.0,58958.0,0.15,3.13,0.15,0.06,0.0,58958.0,0.0,4100.0,0.0,0.0,0.0,0.0,0.0,0.0,0.0,0.0,0.0,0.0,0.0,0.0,0.0,0.0,0.0,0.0,0.0,0.0,0.0,0.0,0.0,0.0,0.0,36.94,0.5341,63.06,4.1041,14.38
2018-08-16,4100.0,58630.0,0.15,3.32,0.15,0.06,0.0,58630.0,0.0,4100.0,0.0,0.0,0.0,0.0,0.0,0.0,0.0,0.0,0.0,0.0,0.0,0.0,0.0,0.0,0.0,0.0,0.0,0.0,0.0,0.0,0.0,0.0,0.0,36.46,0.5367,63.54,4.1041,14.3
2018-08-17,4100.0,58302.0,0.15,3.54,0.15,0.06,0.0,58302.0,0.0,4100.0,0.0,0.0,0.0,0.0,0.0,0.0,0.0,0.0,0.0,0.0,0.0,0.0,0.0,0.0,0.0,0.0,0.0,0.0,0.0,0.0,0.0,0.0,0.0,36.46,0.5367,63.54,4.1041,14.22
2018-08-20,4100.0,58384.0,0.15,3.53,0.15,0.06,0.0,58384.0,0.0,4100.0,0.0,0.0,0.0,0.0,0.0,0.0,0.0,0.0,0.0,0.0,0.0,0.0,0.0,0.0,0.0,0.0,0.0,0.0,0.0,0.0,0.0,0.0,0.0,36.62,0.5358,63.38,4.1041,14.24
2018-08-21,4100.0,58794.0,0.15,3.39,0.15,0.06,0.0,58794.0,0.0,4100.0,0.0,0.0,0.0,0.0,0.0,0.0,0.0,0.0,0.0,0.0,0.0,0.0,0.0,0.0,0.0,0.0,0.0,0.0,0.0,0.0,0.0,0.0,0.0,36.75,0.5351,63.25,4.1041,14.34
2018-08-22,4100.0,58630.0,0.15,3.41,0.15,0.06,0.0,58630.0,0.0,4100.0,0.0,0.0,0.0,0.0,0.0,0.0,0.0,0.0,0.0,0.0,0.0,0.0,0.0,0.0,0.0,0.0,0.0,0.0,0.0,0.0,0.0,0.0,0.0,36.52,0.5363,63.48,4.1041,14.3
2018-08-23,4100.0,57400.0,0.15,3.43,0.15,0.06,0.0,57400.0,0.0,4100.0,0.0,0.0,0.0,0.0,0.0,0.0,0.0,0.0,0.0,0.0,0.0,0.0,0.0,0.0,0.0,0.0,0.0,0.0,0.0,0.0,0.0,0.0,0.0,36.09,0.5387,63.91,4.1041,14.0
2018-08-24,4100.0,58876.0,0.15,3.28,0.15,0.06,0.0,58876.0,0.0,4100.0,0.0,0.0,0.0,0.0,0.0,0.0,0.0,0.0,0.0,0.0,0.0,0.0,0.0,0.0,0.0,0.0,0.0,0.0,0.0,0.0,0.0,0.0,0.0,37.18,0.5329,62.82,4.1041,14.36
2018-08-27,4100.0,58794.0,0.15,3.13,0.15,0.06,0.0,58794.0,0.0,4100.0,0.0,0.0,0.0,0.0,0.0,0.0,0.0,0.0,0.0,0.0,0.0,0.0,0.0,0.0,0.0,0.0,0.0,0.0,0.0,0.0,0.0,0.0,0.0,36.55,0.5362,63.45,4.1041,14.34
2018-08-28,4100.0,58220.0,0.15,3.23,0.15,0.06,0.0,58220.0,0.0,4100.0,0.0,0.0,0.0,0.0,0.0,0.0,0.0,0.0,0.0,0.0,0.0,0.0,0.0,0.0,0.0,0.0,0.0,0.0,0.0,0.0,0.0,0.0,0.0,36.36,0.5372,63.64,4.1041,14.2
2018-08-29,4100.0,58958.0,0.15,3.29,0.15,0.06,0.0,58958.0,0.0,4100.0,0.0,0.0,0.0,0.0,0.0,0.0,0.0,0.0,0.0,0.0,0.0,0.0,0.0,0.0,0.0,0.0,0.0,0.0,0.0,0.0,0.0,0.0,0.0,36.88,0.5344,63.12,4.1041,14.38
2018-08-30,4100.0,58712.0,0.15,3.01,0.15,0.06,0.0,58712.0,0.0,4100.0,0.0,0.0,0.0,0.0,0.0,0.0,0.0,0.0,0.0,0.0,0.0,0.0,0.0,0.0,0.0,0.0,0.0,0.0,0.0,0.0,0.0,0.0,0.0,36.49,0.5365,63.51,4.1041,14.32
2018-08-31,4100.0,58384.0,0.15,3.06,0.15,0.06,0.0,58384.0,0.0,4100.0,0.0,0.0,0.0,0.0,0.0,0.0,0.0,0.0,0.0,0.0,0.0,0.0,0.0,0.0,0.0,0.0,0.0,0.0,0.0,0.0,0.0,0.0,0.0,36.46,0.5367,63.54,4.1041,14.24
2018-09-03,4100.0,60270.0,0.15,3.86,0.15,0.06,0.0,60270.0,0.0,4100.0,0.0,0.0,0.0,0.0,0.0,0.0,0.0,0.0,0.0,0.0,0.0,0.0,0.0,0.0,0.0,0.0,0.0,0.0,0.0,0.0,0.0,0.0,0.0,37.33,0.5321,62.67,4.1041,14.7
2018-09-04,4100.0,60188.0,0.15,4.76,0.15,0.06,0.0,60188.0,0.0,4100.0,0.0,0.0,0.0,0.0,0.0,0.0,0.0,0.0,0.0,0.0,0.0,0.0,0.0,0.0,0.0,0.0,0.0,0.0,0.0,0.0,0.0,0.0,0.0,36.55,0.5362,63.45,4.1041,14.68
2018-09-05,4100.0,60516.0,0.15,4.88,0.15,0.06,0.0,60516.0,0.0,4100.0,0.0,0.0,0.0,0.0,0.0,0.0,0.0,0.0,0.0,0.0,0.0,0.0,0.0,0.0,0.0,0.0,0.0,0.0,0.0,0.0,0.0,0.0,0.0,36.71,0.5353,63.29,4.1041,14.76
2018-09-06,4100.0,60188.0,0.15,4.89,0.15,0.06,0.0,60188.0,0.0,4100.0,0.0,0.0,0.0,0.0,0.0,0.0,0.0,0.0,0.0,0.0,0.0,0.0,0.0,0.0,0.0,0.0,0.0,0.0,0.0,0.0,0.0,0.0,0.0,36.46,0.5367,63.54,4.1041,14.68
2018-09-07,4100.0,61418.0,0.15,4.13,0.15,0.06,0.0,61418.0,0.0,4100.0,0.0,0.0,0.0,0.0,0.0,0.0,0.0,0.0,0.0,0.0,0.0,0.0,0.0,0.0,0.0,0.0,0.0,0.0,0.0,0.0,0.0,0.0,0.0,37.06,0.5335,62.94,4.1041,14.98
2018-09-10,4100.0,56372.58,0.15,4.07,0.15,0.06,0.0,56372.58,0.0,4100.0,0.0,0.0,0.0,0.0,0.0,0.0,0.0,0.0,0.0,0.0,0.0,0.0,0.0,0.0,0.0,0.0,0.0,0.0,0.0,0.0,0.0,0.0,0.0,36.21,0.538,63.79,4.1041,14.74
2018-09-11,4100.0,56908.0,0.15,4.12,0.15,0.06,0.0,56908.0,0.0,4100.0,0.0,0.0,0.0,0.0,0.0,0.0,0.0,0.0,0.0,0.0,0.0,0.0,0.0,0.0,0.0,0.0,0.0,0.0,0.0,0.0,0.0,0.0,0.0,36.8,0.5348,63.2,4.1041,14.88
2018-09-12,4100.0,58302.0,0.15,4.12,0.15,0.06,0.0,58302.0,0.0,4100.0,0.0,0.0,0.0,0.0,0.0,0.0,0.0,0.0,0.0,0.0,0.0,0.0,0.0,0.0,0.0,0.0,0.0,0.0,0.0,0.0,0.0,0.0,0.0,35.54,0.5418,64.46,4.1041,14.22
2018-09-13,4100.0,58548.0,0.15,4.05,0.15,0.06,0.0,58548.0,0.0,4100.0,0.0,0.0,0.0,0.0,0.0,0.0,0.0,0.0,0.0,0.0,0.0,0.0,0.0,0.0,0.0,0.0,0.0,0.0,0.0,0.0,0.0,0.0,0.0,36.68,0.5355,63.32,4.1041,14.28
2018-09-14,4100.0,58548.0,0.15,4.04,0.15,0.06,0.0,58548.0,0.0,4100.0,0.0,0.0,0.0,0.0,0.0,0.0,0.0,0.0,0.0,0.0,0.0,0.0,0.0,0.0,0.0,0.0,0.0,0.0,0.0,0.0,0.0,0.0,0.0,36.59,0.536,63.41,4.1041,14.28
2018-09-17,4100.0,57400.0,0.15,4.09,0.15,0.06,0.0,57400.0,0.0,4100.0,0.0,0.0,0.0,0.0,0.0,0.0,0.0,0.0,0.0,0.0,0.0,0.0,0.0,0.0,0.0,0.0,0.0,0.0,0.0,0.0,0.0,0.0,0.0,36.13,0.5385,63.87,4.1041,14.0
2018-09-18,4100.0,57810.0,0.15,4.11,0.15,0.06,0.0,57810.0,0.0,4100.0,0.0,0.0,0.0,0.0,0.0,0.0,0.0,0.0,0.0,0.0,0.0,0.0,0.0,0.0,0.0,0.0,0.0,0.0,0.0,0.0,0.0,0.0,0.0,36.75,0.5351,63.25,4.1041,14.1
2018-09-19,4100.0,57810.0,0.15,4.09,0.15,0.06,0.0,57810.0,0.0,4100.0,0.0,0.0,0.0,0.0,0.0,0.0,0.0,0.0,0.0,0.0,0.0,0.0,0.0,0.0,0.0,0.0,0.0,0.0,0.0,0.0,0.0,0.0,0.0,36.59,0.536,63.41,4.1041,14.1
2018-09-20,4100.0,58056.0,0.15,4.18,0.15,0.06,0.0,58056.0,0.0,4100.0,0.0,0.0,0.0,0.0,0.0,0.0,0.0,0.0,0.0,0.0,0.0,0.0,0.0,0.0,0.0,0.0,0.0,0.0,0.0,0.0,0.0,0.0,0.0,36.68,0.5355,63.32,4.1041,14.16
2018-09-21,4100.0,56662.0,0.15,4.25,0.15,0.06,0.0,56662.0,0.0,4100.0,0.0,0.0,0.0,0.0,0.0,0.0,0.0,0.0,0.0,0.0,0.0,0.0,0.0,0.0,0.0,0.0,0.0,0.0,0.0,0.0,0.0,0.0,0.0,36.02,0.5391,63.98,4.1041,13.82
2018-09-24,4100.0,56416.0,0.15,4.2,0.15,0.06,0.0,56416.0,0.0,4100.0,0.0,0.0,0.0,0.0,0.0,0.0,0.0,0.0,0.0,0.0,0.0,0.0,0.0,0.0,0.0,0.0,0.0,0.0,0.0,0.0,0.0,0.0,0.0,36.48,0.5365,63.52,4.1041,13.76
2018-09-25,4100.0,57810.0,0.15,4.01,0.15,0.06,0.0,57810.0,0.0,4100.0,0.0,0.0,0.0,0.0,0.0,0.0,0.0,0.0,0.0,0.0,0.0,0.0,0.0,0.0,0.0,0.0,0.0,0.0,0.0,0.0,0.0,0.0,0.0,37.15,0.533,62.85,4.1041,14.1
2018-09-26,4100.0,55104.0,0.15,4.13,0.15,0.06,0.0,55104.0,0.0,4100.0,0.0,0.0,0.0,0.0,0.0,0.0,0.0,0.0,0.0,0.0,0.0,0.0,0.0,0.0,0.0,0.0,0.0,0.0,0.0,0.0,0.0,0.0,0.0,35.48,0.5422,64.52,4.1041,13.44
2018-09-27,4100.0,57318.0,0.15,3.86,0.15,0.06,0.0,57318.0,0.0,4100.0,0.0,0.0,0.0,0.0,0.0,0.0,0.0,0.0,0.0,0.0,0.0,0.0,0.0,0.0,0.0,0.0,0.0,0.0,0.0,0.0,0.0,0.0,0.0,37.5,0.5312,62.5,4.1041,13.98
2018-09-28,4100.0,56498.0,0.15,3.94,0.15,0.06,0.0,56498.0,0.0,4100.0,0.0,0.0,0.0,0.0,0.0,0.0,0.0,0.0,0.0,0.0,0.0,0.0,0.0,0.0,0.0,0.0,0.0,0.0,0.0,0.0,0.0,0.0,0.0,36.25,0.5378,63.75,4.1041,13.78
2018-10-01,4100.0,55186.0,0.15,3.94,0.15,0.06,0.0,55186.0,0.0,4100.0,0.0,0.0,0.0,0.0,0.0,0.0,0.0,0.0,0.0,0.0,0.0,0.0,0.0,0.0,0.0,0.0,0.0,0.0,0.0,0.0,0.0,0.0,0.0,36.04,0.539,63.96,4.1041,13.46
2018-10-02,4100.0,56334.0,0.15,3.78,0.15,0.06,0.0,56334.0,0.0,4100.0,0.0,0.0,0.0,0.0,0.0,0.0,0.0,0.0,0.0,0.0,0.0,0.0,0.0,0.0,0.0,0.0,0.0,0.0,0.0,0.0,0.0,0.0,0.0,37.06,0.5335,62.94,4.1041,13.74
2018-10-03,4100.0,52480.0,0.15,3.54,0.15,0.05,0.0,52480.0,0.0,4100.0,0.0,0.0,0.0,0.0,0.0,0.0,0.0,0.0,0.0,0.0,0.0,0.0,0.0,0.0,0.0,0.0,0.0,0.0,0.0,0.0,0.0,0.0,0.0,34.96,0.5453,65.04,4.1041,12.8
2018-10-04,4100.0,50020.0,0.15,2.62,0.15,0.05,0.0,50020.0,0.0,4100.0,0.0,0.0,0.0,0.0,0.0,0.0,0.0,0.0,0.0,0.0,0.0,0.0,0.0,0.0,0.0,0.0,0.0,0.0,0.0,0.0,0.0,0.0,0.0,35.48,0.5422,64.52,4.1041,12.2
2018-10-05,4100.0,48954.0,0.15,2.51,0.15,0.05,0.0,48954.0,0.0,4100.0,0.0,0.0,0.0,0.0,0.0,0.0,0.0,0.0,0.0,0.0,0.0,0.0,0.0,0.0,0.0,0.0,0.0,0.0,0.0,0.0,0.0,0.0,0.0,36.09,0.5387,63.91,4.1041,11.94
2018-10-08,4100.0,49200.0,0.15,2.57,0.15,0.05,0.0,49200.0,0.0,4100.0,0.0,0.0,0.0,0.0,0.0,0.0,0.0,0.0,0.0,0.0,0.0,0.0,0.0,0.0,0.0,0.0,0.0,0.0,0.0,0.0,0.0,0.0,0.0,36.7,0.5354,63.3,4.1041,12.0
2018-10-09,4100.0,50840.0,0.15,2.59,0.15,0.05,0.0,50840.0,0.0,4100.0,0.0,0.0,0.0,0.0,0.0,0.0,0.0,0.0,0.0,0.0,0.0,0.0,0.0,0.0,0.0,0.0,0.0,0.0,0.0,0.0,0.0,0.0,0.0,37.35,0.532,62.65,4.1041,12.4
2018-10-10,4647.0,56507.52,0.17,2.93,0.17,0.06,0.0,56507.52,0.0,4647.0,0.0,0.0,0.0,0.01,0.0,0.0,0.0,547.0,0.0,0.0,0.01,0.0,0.0,0.0,0.0,0.0,0.0,0.0,0.0,0.0,0.0,0.0,0.0,31.98,0.565,68.02,4.6517,12.16
2018-10-11,4565.0,52406.2,0.16,3.13,0.16,0.05,0.0,52406.2,0.0,4565.0,0.0,0.0,0.0,0.0,0.0,0.0,0.0,0.0,0.0,0.0,0.0,0.0,0.0,0.0,82.0,0.0,0.0,0.0,0.0,0.0,0.0,0.0,0.0,31.6,0.5677,68.4,4.5696,11.48
2018-10-12,4565.0,52406.2,0.16,3.04,0.16,0.05,0.0,52406.2,0.0,4565.0,0.0,0.0,0.0,0.0,0.0,0.0,0.0,0.0,0.0,0.0,0.0,0.0,0.0,0.0,0.0,0.0,0.0,0.0,0.0,0.0,0.0,0.0,0.0,32.86,0.5588,67.14,4.5696,11.48
2018-10-15,4565.0,52406.2,0.16,3.13,0.16,0.05,0.0,52406.2,0.0,4565.0,0.0,0.0,0.0,0.0,0.0,0.0,0.0,0.0,0.0,0.0,0.0,0.0,0.0,0.0,0.0,0.0,0.0,0.0,0.0,0.0,0.0,0.0,0.0,32.86,0.5588,67.14,4.5696,11.48
2018-10-16,4565.0,52497.5,0.16,3.14,0.16,0.05,0.0,52497.5,0.0,4565.0,0.0,0.0,0.0,0.0,0.0,0.0,0.0,0.0,0.0,0.0,0.0,0.0,0.0,0.0,0.0,0.0,0.0,0.0,0.0,0.0,0.0,0.0,0.0,32.9,0.5585,67.1,4.5696,11.5
2018-10-17,4565.0,52041.0,0.16,3.17,0.16,0.05,0.0,52041.0,0.0,4565.0,0.0,0.0,0.0,0.0,0.0,0.0,0.0,0.0,0.0,0.0,0.0,0.0,0.0,0.0,0.0,0.0,0.0,0.0,0.0,0.0,0.0,0.0,0.0,32.67,0.5601,67.33,4.5696,11.4
2018-10-18,4565.0,53684.4,0.16,3.15,0.16,0.05,0.0,53684.4,0.0,4565.0,0.0,0.0,0.0,0.0,0.0,0.0,0.0,0.0,0.0,0.0,0.0,0.0,0.0,0.0,0.0,0.0,0.0,0.0,0.0,0.0,0.0,0.0,0.0,33.55,0.5541,66.45,4.5696,11.76
2018-10-19,4565.0,53227.9,0.16,3.56,0.16,0.05,0.0,53227.9,0.0,4565.0,0.0,0.0,0.0,0.0,0.0,0.0,0.0,0.0,0.0,0.0,0.0,0.0,0.0,0.0,0.0,0.0,0.0,0.0,0.0,0.0,0.0,0.0,0.0,32.67,0.5601,67.33,4.5696,11.66
2018-10-22,4565.0,51310.6,0.16,3.6,0.16,0.05,0.0,51310.6,0.0,4565.0,0.0,0.0,0.0,0.0,0.0,0.0,0.0,0.0,0.0,0.0,0.0,0.0,0.0,0.0,0.0,0.0,0.0,0.0,0.0,0.0,0.0,0.0,0.0,32.05,0.5644,67.95,4.5696,11.24
2018-10-23,4565.0,47932.5,0.16,3.46,0.16,0.05,0.0,47932.5,0.0,4565.0,0.0,0.0,0.0,0.0,0.0,0.0,0.0,0.0,0.0,0.0,0.0,0.0,0.0,0.0,0.0,0.0,0.0,0.0,0.0,0.0,0.0,0.0,0.0,31.37,0.5694,68.63,4.5696,10.5
2018-10-24,4565.0,48206.4,0.16,3.42,0.16,0.05,0.0,48206.4,0.0,4565.0,0.0,0.0,0.0,0.0,0.0,0.0,0.0,0.0,0.0,0.0,0.0,0.0,0.0,0.0,0.0,0.0,0.0,0.0,0.0,0.0,0.0,0.0,0.0,32.98,0.5579,67.02,4.5696,10.56
2018-10-25,4565.0,46015.2,0.16,3.48,0.16,0.05,0.0,46015.2,0.0,4565.0,0.0,0.0,0.0,0.0,0.0,0.0,0.0,0.0,0.0,0.0,0.0,0.0,0.0,0.0,0.0,0.0,0.0,0.0,0.0,0.0,0.0,0.0,0.0,31.84,0.566,68.16,4.5696,10.08
2018-10-26,4565.0,46745.6,0.16,3.4,0.16,0.05,0.0,46745.6,0.0,4565.0,0.0,0.0,0.0,0.0,0.0,0.0,0.0,0.0,0.0,0.0,0.0,0.0,0.0,0.0,0.0,0.0,0.0,0.0,0.0,0.0,0.0,0.0,0.0,33.21,0.5564,66.79,4.5696,10.24
2018-10-29,4565.0,45147.85,0.16,3.33,0.16,0.05,0.0,45147.85,0.0,4565.0,0.0,0.0,0.0,0.0,0.0,0.0,0.0,0.0,0.0,0.0,0.0,0.0,0.0,0.0,0.0,0.0,0.0,0.0,0.0,0.0,0.0,0.0,0.0,32.1,0.5641,67.9,4.5696,9.89
2018-10-30,4565.0,45650.0,0.16,3.23,0.16,0.05,0.0,45650.0,0.0,4565.0,0.0,0.0,0.0,0.0,0.0,0.0,0.0,0.0,0.0,0.0,0.0,0.0,0.0,0.0,0.0,0.0,0.0,0.0,0.0,0.0,0.0,0.0,0.0,33.1,0.5571,66.9,4.5696,10.0
2018-10-31,4565.0,47019.5,0.16,3.18,0.16,0.05,0.0,47019.5,0.0,4565.0,0.0,0.0,0.0,0.0,0.0,0.0,0.0,0.0,0.0,0.0,0.0,0.0,0.0,0.0,0.0,0.0,0.0,0.0,0.0,0.0,0.0,0.0,0.0,33.51,0.5544,66.49,4.5696,10.3
2018-11-01,4565.0,47019.5,0.16,3.1,0.16,0.05,0.0,47019.5,0.0,4565.0,0.0,0.0,0.0,0.0,0.0,0.0,0.0,0.0,0.0,0.0,0.0,0.0,0.0,0.0,0.0,0.0,0.0,0.0,0.0,0.0,0.0,0.0,0.0,32.86,0.5588,67.14,4.5696,10.3
2018-11-02,4565.0,46836.9,0.16,3.13,0.16,0.05,0.0,46836.9,0.0,4565.0,0.0,0.0,0.0,0.0,0.0,0.0,0.0,0.0,0.0,0.0,0.0,0.0,0.0,0.0,0.0,0.0,0.0,0.0,0.0,0.0,0.0,0.0,0.0,32.77,0.5594,67.23,4.5696,10.26
2018-11-05,4565.0,47202.1,0.16,3.09,0.16,0.05,0.0,47202.1,0.0,4565.0,0.0,0.0,0.0,0.0,0.0,0.0,0.0,0.0,0.0,0.0,0.0,0.0,0.0,0.0,0.0,0.0,0.0,0.0,0.0,0.0,0.0,0.0,0.0,33.03,0.5576,66.97,4.5696,10.34
2018-11-06,4565.0,46745.6,0.16,3.19,0.16,0.05,0.0,46745.6,0.0,4565.0,0.0,0.0,0.0,0.0,0.0,0.0,0.0,0.0,0.0,0.0,0.0,0.0,0.0,0.0,0.0,0.0,0.0,0.0,0.0,0.0,0.0,0.0,0.0,32.64,0.5602,67.36,4.5696,10.24
2018-11-07,4565.0,46836.9,0.16,2.99,0.16,0.05,0.0,46836.9,0.0,4565.0,0.0,0.0,0.0,0.0,0.0,0.0,0.0,0.0,0.0,0.0,0.0,0.0,0.0,0.0,0.0,0.0,0.0,0.0,0.0,0.0,0.0,0.0,0.0,32.9,0.5585,67.1,4.5696,10.26
2018-11-08,4565.0,45741.3,0.16,3.12,0.16,0.05,0.0,45741.3,0.0,4565.0,0.0,0.0,0.0,0.0,0.0,0.0,0.0,0.0,0.0,0.0,0.0,0.0,0.0,0.0,0.0,0.0,0.0,0.0,0.0,0.0,0.0,0.0,0.0,32.34,0.5624,67.66,4.5696,10.02
2018-11-09,4565.0,46654.3,0.16,3.14,0.16,0.05,0.0,46654.3,0.0,4565.0,0.0,0.0,0.0,0.0,0.0,0.0,0.0,0.0,0.0,0.0,0.0,0.0,0.0,0.0,0.0,0.0,0.0,0.0,0.0,0.0,0.0,0.0,0.0,33.3,0.5558,66.7,0.0,10.22
2018-11-12,4565.0,45239.15,0.16,3.15,0.16,0.05,0.0,45239.15,0.0,4565.0,0.0,0.0,0.0,0.0,0.0,0.0,0.0,0.0,0.0,0.0,0.0,0.0,0.0,0.0,0.0,0.0,0.0,0.0,0.0,0.0,0.0,0.0,0.0,32.18,0.5635,67.82,0.0,9.91
2018-11-13,4565.0,46563.0,0.16,3.34,0.16,0.05,0.0,46563.0,0.0,4565.0,0.0,0.0,0.0,0.0,0.0,0.0,0.0,0.0,0.0,0.0,0.0,0.0,0.0,0.0,0.0,0.0,0.0,0.0,0.0,0.0,0.0,0.0,0.0,33.5,0.5545,66.5,0.0,10.2
2018-11-14,4565.0,46836.9,0.16,3.44,0.16,0.05,0.0,46836.9,0.0,4565.0,0.0,0.0,0.0,0.0,0.0,0.0,0.0,0.0,0.0,0.0,0.0,0.0,0.0,0.0,0.0,0.0,0.0,0.0,0.0,0.0,0.0,0.0,0.0,32.99,0.5579,67.01,0.0,10.26
2018-11-15,4565.0,47567.3,0.16,4.9,0.16,0.05,0.0,47567.3,0.0,4565.0,0.0,0.0,0.0,0.0,0.0,0.0,0.0,0.0,0.0,0.0,0.0,0.0,0.0,0.0,0.0,0.0,0.0,0.0,0.0,0.0,0.0,0.0,0.0,33.2,0.5564,66.8,0.0,10.42
2018-11-16,4565.0,46471.7,0.16,5.7,0.16,0.05,0.0,46471.7,0.0,4565.0,0.0,0.0,0.0,0.0,0.0,0.0,0.0,0.0,0.0,0.0,0.0,0.0,0.0,0.0,0.0,0.0,0.0,0.0,0.0,0.0,0.0,0.0,0.0,32.35,0.5623,67.65,0.0,10.18
2018-11-19,4565.0,45284.8,0.16,5.83,0.16,0.05,0.0,45284.8,0.0,4565.0,0.0,0.0,0.0,0.0,0.0,0.0,0.0,0.0,0.0,0.0,0.0,0.0,0.0,0.0,0.0,0.0,0.0,0.0,0.0,0.0,0.0,0.0,0.0,32.29,0.5627,67.71,0.0,9.92
2018-11-20,4565.0,46289.1,0.16,5.86,0.16,0.05,0.0,46289.1,0.0,4565.0,0.0,0.0,0.0,0.0,0.0,0.0,0.0,0.0,0.0,0.0,0.0,0.0,0.0,0.0,0.0,0.0,0.0,0.0,0.0,0.0,0.0,0.0,0.0,33.34,0.5555,66.66,0.0,10.14
2018-11-21,4565.0,46197.8,0.16,5.88,0.16,0.05,0.0,46197.8,0.0,4565.0,0.0,0.0,0.0,0.0,0.0,0.0,0.0,0.0,0.0,0.0,0.0,0.0,0.0,0.0,0.0,0.0,0.0,0.0,0.0,0.0,0.0,0.0,0.0,32.82,0.5591,67.18,0.0,10.12
2018-11-22,4565.0,45650.0,0.16,5.99,0.16,0.05,0.0,45650.0,0.0,4565.0,0.0,0.0,0.0,0.0,0.0,0.0,0.0,0.0,0.0,0.0,0.0,0.0,0.0,0.0,0.0,0.0,0.0,0.0,0.0,0.0,0.0,0.0,0.0,32.6,0.5606,67.4,0.0,10.0
2018-11-23,4565.0,46106.5,0.16,6.42,0.16,0.05,0.0,46106.5,0.0,4565.0,0.0,0.0,0.0,0.0,0.0,0.0,0.0,0.0,0.0,0.0,0.0,0.0,0.0,0.0,0.0,0.0,0.0,0.0,0.0,0.0,0.0,0.0,0.0,33.08,0.5573,66.92,0.0,10.1
2018-11-26,4565.0,46197.8,0.16,6.44,0.16,0.05,0.0,46197.8,0.0,4565.0,0.0,0.0,0.0,0.0,0.0,0.0,0.0,0.0,0.0,0.0,0.0,0.0,0.0,0.0,0.0,0.0,0.0,0.0,0.0,0.0,0.0,0.0,0.0,32.9,0.5585,67.1,0.0,10.12
2018-11-27,4565.0,46197.8,0.16,4.88,0.16,0.05,0.0,46197.8,0.0,4565.0,0.0,0.0,0.0,0.0,0.0,0.0,0.0,0.0,0.0,0.0,0.0,0.0,0.0,0.0,0.0,0.0,0.0,0.0,0.0,0.0,0.0,0.0,0.0,32.86,0.5588,67.14,0.0,10.12
2018-11-28,4565.0,46197.8,0.16,4.54,0.16,0.05,0.0,46197.8,0.0,4565.0,0.0,0.0,0.0,0.0,0.0,0.0,0.0,0.0,0.0,0.0,0.0,0.0,0.0,0.0,0.0,0.0,0.0,0.0,0.0,0.0,0.0,0.0,0.0,32.86,0.5588,67.14,0.0,10.12
2018-11-29,4565.0,46197.8,0.16,4.64,0.16,0.05,0.0,46197.8,0.0,4565.0,0.0,0.0,0.0,0.0,0.0,0.0,0.0,0.0,0.0,0.0,0.0,0.0,0.0,0.0,0.0,0.0,0.0,0.0,0.0,0.0,0.0,0.0,0.0,32.86,0.5588,67.14,0.0,10.12
2018-11-30,4565.0,46197.8,0.16,4.68,0.16,0.05,0.0,46197.8,0.0,4565.0,0.0,0.0,0.0,0.0,0.0,0.0,0.0,0.0,0.0,0.0,0.0,0.0,0.0,0.0,0.0,0.0,0.0,0.0,0.0,0.0,0.0,0.0,0.0,32.93,0.5583,67.07,0.0,10.12
2018-12-03,4565.0,45923.9,0.16,4.66,0.16,0.05,0.0,45923.9,0.0,4565.0,0.0,0.0,0.0,0.0,0.0,0.0,0.0,0.0,0.0,0.0,0.0,0.0,0.0,0.0,0.0,0.0,0.0,0.0,0.0,0.0,0.0,0.0,0.0,32.73,0.5597,67.27,0.0,10.06
2018-12-04,4565.0,46015.2,0.16,5.12,0.16,0.05,0.0,46015.2,0.0,4565.0,0.0,0.0,0.0,0.0,0.0,0.0,0.0,0.0,0.0,0.0,0.0,0.0,0.0,0.0,0.0,0.0,0.0,0.0,0.0,0.0,0.0,0.0,0.0,32.87,0.5587,67.13,0.0,10.08
2018-12-05,4565.0,46197.8,0.16,5.28,0.16,0.05,0.0,46197.8,0.0,4565.0,0.0,0.0,0.0,0.0,0.0,0.0,0.0,0.0,0.0,0.0,0.0,0.0,0.0,0.0,0.0,0.0,0.0,0.0,0.0,0.0,0.0,0.0,0.0,32.85,0.5588,67.15,0.0,10.12
2018-12-06,4565.0,45650.0,0.16,5.39,0.16,0.05,0.0,45650.0,0.0,4565.0,0.0,0.0,0.0,0.0,0.0,0.0,0.0,0.0,0.0,0.0,0.0,0.0,0.0,0.0,0.0,0.0,0.0,0.0,0.0,0.0,0.0,0.0,0.0,32.6,0.5606,67.4,0.0,10.0
2018-12-07,4765.0,48031.2,0.17,5.72,0.17,0.05,0.0,48031.2,0.0,4765.0,0.0,0.0,0.0,0.0,0.0,0.0,0.0,200.0,0.0,0.0,0.0,0.0,0.0,0.0,0.0,0.0,0.0,0.0,0.0,0.0,0.0,0.0,0.0,31.65,0.5673,68.35,0.0,10.08
2018-12-10,4765.0,47745.3,0.17,5.89,0.17,0.05,0.0,47745.3,0.0,4765.0,0.0,0.0,0.0,0.0,0.0,0.0,0.0,0.0,0.0,0.0,0.0,0.0,0.0,0.0,0.0,0.0,0.0,0.0,0.0,0.0,0.0,0.0,0.0,31.35,0.5696,68.65,0.0,10.02
2018-12-11,4765.0,47650.0,0.17,6.31,0.17,0.05,0.0,47650.0,0.0,4765.0,0.0,0.0,0.0,0.0,0.0,0.0,0.0,0.0,0.0,0.0,0.0,0.0,0.0,0.0,0.0,0.0,0.0,0.0,0.0,0.0,0.0,0.0,0.0,31.44,0.5689,68.56,0.0,10.0
2018-12-12,4765.0,47650.0,0.17,5.44,0.17,0.05,0.0,47650.0,0.0,4765.0,0.0,0.0,0.0,0.0,0.0,0.0,0.0,0.0,0.0,0.0,0.0,0.0,0.0,0.0,0.0,0.0,0.0,0.0,0.0,0.0,0.0,0.0,0.0,31.48,0.5686,68.52,0.0,10.0
2018-12-13,4765.0,47650.0,0.17,5.64,0.17,0.05,0.0,47650.0,0.0,4765.0,0.0,0.0,0.0,0.0,0.0,0.0,0.0,0.0,0.0,0.0,0.0,0.0,0.0,0.0,0.0,0.0,0.0,0.0,0.0,0.0,0.0,0.0,0.0,31.48,0.5686,68.52,0.0,10.0
2018-12-14,4765.0,47602.35,0.17,5.64,0.17,0.05,0.0,47602.35,0.0,4765.0,0.0,0.0,0.0,0.0,0.0,0.0,0.0,0.0,0.0,0.0,0.0,0.0,0.0,0.0,0.0,0.0,0.0,0.0,0.0,0.0,0.0,0.0,0.0,31.46,0.5688,68.54,0.0,9.99
2018-12-17,4969.0,49640.31,0.18,6.19,0.18,0.05,0.0,49640.31,0.0,4969.0,0.0,0.0,0.0,0.0,0.0,0.0,0.0,204.0,0.0,0.0,0.0,0.0,0.0,0.0,0.0,0.0,0.0,0.0,0.0,0.0,0.0,0.0,0.0,30.19,0.5785,69.81,0.0,9.99
2018-12-18,4969.0,46807.98,0.18,6.23,0.18,0.05,0.0,46807.98,0.0,4969.0,0.0,0.0,0.0,0.0,0.0,0.0,0.0,0.0,0.0,0.0,0.0,0.0,0.0,0.0,0.0,0.0,0.0,0.0,0.0,0.0,0.0,0.0,0.0,28.96,0.5885,71.04,0.0,9.42
2018-12-19,4969.0,48497.44,0.18,6.94,0.18,0.05,0.0,48497.44,0.0,4969.0,0.0,0.0,0.0,0.0,0.0,0.0,0.0,0.0,0.0,0.0,0.0,0.0,0.0,0.0,0.0,0.0,0.0,0.0,0.0,0.0,0.0,0.0,0.0,30.94,0.5727,69.06,0.0,9.76
2018-12-20,4969.0,48298.68,0.18,6.53,0.18,0.05,0.0,48298.68,0.0,4969.0,0.0,0.0,0.0,0.0,0.0,0.0,0.0,0.0,0.0,0.0,0.0,0.0,0.0,0.0,0.0,0.0,0.0,0.0,0.0,0.0,0.0,0.0,0.0,30.1,0.5792,69.9,0.0,9.72
2018-12-21,4969.0,48497.44,0.18,6.49,0.18,0.05,0.0,48497.44,0.0,4969.0,0.0,0.0,0.0,0.0,0.0,0.0,0.0,0.0,0.0,0.0,0.0,0.0,0.0,0.0,0.0,0.0,0.0,0.0,0.0,0.0,0.0,0.0,0.0,30.27,0.5778,69.73,0.0,9.76
2018-12-24,4969.0,46857.67,0.18,6.35,0.18,0.05,0.0,46857.67,0.0,4969.0,0.0,0.0,0.0,0.0,0.0,0.0,0.0,0.0,0.0,0.0,0.0,0.0,0.0,0.0,0.0,0.0,0.0,0.0,0.0,0.0,0.0,0.0,0.0,29.47,0.5843,70.53,0.0,9.43
2018-12-25,4969.0,46857.67,0.18,6.04,0.18,0.05,0.0,46857.67,0.0,4969.0,0.0,0.0,0.0,0.0,0.0,0.0,0.0,0.0,0.0,0.0,0.0,0.0,0.0,0.0,0.0,0.0,0.0,0.0,0.0,0.0,0.0,0.0,0.0,30.14,0.5789,69.86,0.0,0.0
2018-12-26,4969.0,46857.67,0.18,6.04,0.18,0.05,0.0,46857.67,0.0,4969.0,0.0,0.0,0.0,0.0,0.0,0.0,0.0,0.0,0.0,0.0,0.0,0.0,0.0,0.0,0.0,0.0,0.0,0.0,0.0,0.0,0.0,0.0,0.0,30.14,0.5789,69.86,0.0,0.0
2018-12-27,4969.0,46708.6,0.18,6.04,0.18,0.05,0.0,46708.6,0.0,4969.0,0.0,0.0,0.0,0.0,0.0,0.0,0.0,0.0,0.0,0.0,0.0,0.0,0.0,0.0,0.0,0.0,0.0,0.0,0.0,0.0,0.0,0.0,0.0,30.12,0.579,69.88,0.0,9.4
2018-12-28,4969.0,48149.61,0.18,6.23,0.18,0.05,0.0,48149.61,0.0,4969.0,0.0,0.0,0.0,0.0,0.0,0.0,0.0,0.0,0.0,0.0,0.0,0.0,0.0,0.0,0.0,0.0,0.0,0.0,0.0,0.0,0.0,0.0,0.0,30.83,0.5735,69.17,0.0,9.69
2018-12-31,4969.0,47155.81,0.18,6.05,0.18,0.05,0.0,47155.81,0.0,4969.0,0.0,0.0,0.0,0.0,0.0,0.0,0.0,0.0,0.0,0.0,0.0,0.0,0.0,0.0,0.0,0.0,0.0,0.0,0.0,0.0,0.0,0.0,0.0,29.75,0.582,70.25,0.0,9.49
2019-01-01,4969.0,47155.81,0.18,5.97,0.18,0.05,0.0,47155.81,0.0,4969.0,0.0,0.0,0.0,0.0,0.0,0.0,0.0,0.0,0.0,0.0,0.0,0.0,0.0,0.0,0.0,0.0,0.0,0.0,0.0,0.0,0.0,0.0,0.0,30.16,0.5787,69.84,0.0,0.0
2019-01-02,4969.0,47603.02,0.18,5.97,0.18,0.05,0.0,47603.02,0.0,4969.0,0.0,0.0,0.0,0.0,0.0,0.0,0.0,0.0,0.0,0.0,0.0,0.0,0.0,0.0,0.0,0.0,0.0,0.0,0.0,0.0,0.0,0.0,0.0,30.39,0.5769,69.61,0.0,9.58
2019-01-03,4969.0,47652.71,0.18,6.01,0.18,0.05,0.0,47652.71,0.0,4969.0,0.0,0.0,0.0,0.0,0.0,0.0,0.0,0.0,0.0,0.0,0.0,0.0,0.0,0.0,0.0,0.0,0.0,0.0,0.0,0.0,0.0,0.0,0.0,30.21,0.5783,69.79,0.0,9.59
2019-01-04,4969.0,47603.02,0.18,6.09,0.18,0.05,0.0,47603.02,0.0,4969.0,0.0,0.0,0.0,0.0,0.0,0.0,0.0,0.0,0.0,0.0,0.0,0.0,0.0,0.0,0.0,0.0,0.0,0.0,0.0,0.0,0.0,0.0,0.0,30.17,0.5787,69.83,0.0,9.58
2019-01-07,4969.0,47205.5,0.18,6.1,0.18,0.05,0.0,47205.5,0.0,4969.0,0.0,0.0,0.0,0.0,0.0,0.0,0.0,0.0,0.0,0.0,0.0,0.0,0.0,0.0,0.0,0.0,0.0,0.0,0.0,0.0,0.0,0.0,0.0,30.01,0.5799,69.99,0.0,9.5
2019-01-08,4969.0,48348.37,0.18,6.06,0.18,0.05,0.0,48348.37,0.0,4969.0,0.0,0.0,0.0,0.0,0.0,0.0,0.0,0.0,0.0,0.0,0.0,0.0,0.0,0.0,0.0,0.0,0.0,0.0,0.0,0.0,0.0,0.0,0.0,30.69,0.5745,69.31,0.0,9.73
2019-01-09,4969.0,48248.99,0.18,5.96,0.18,0.05,0.0,48248.99,0.0,4969.0,0.0,0.0,0.0,0.0,0.0,0.0,0.0,0.0,0.0,0.0,0.0,0.0,0.0,0.0,0.0,0.0,0.0,0.0,0.0,0.0,0.0,0.0,0.0,30.14,0.5789,69.86,0.0,9.71
2019-01-10,4969.0,48248.99,0.18,5.85,0.18,0.05,0.0,48248.99,0.0,4969.0,0.0,0.0,0.0,0.0,0.0,0.0,0.0,0.0,0.0,0.0,0.0,0.0,0.0,0.0,0.0,0.0,0.0,0.0,0.0,0.0,0.0,0.0,0.0,30.19,0.5785,69.81,0.0,9.71
2019-01-11,4969.0,48298.68,0.18,8.04,0.18,0.05,0.0,48298.68,0.0,4969.0,0.0,0.0,0.0,0.0,0.0,0.0,0.0,0.0,0.0,0.0,0.0,0.0,0.0,0.0,0.0,0.0,0.0,0.0,0.0,0.0,0.0,0.0,0.0,30.21,0.5783,69.79,0.0,9.72
2019-01-14,4969.0,48298.68,0.18,8.98,0.18,0.05,0.0,48298.68,0.0,4969.0,0.0,0.0,0.0,0.0,0.0,0.0,0.0,0.0,0.0,0.0,0.0,0.0,0.0,0.0,0.0,0.0,0.0,0.0,0.0,0.0,0.0,0.0,0.0,30.19,0.5785,69.81,0.0,9.72
2019-01-15,4969.0,48398.06,0.18,8.98,0.18,0.05,0.0,48398.06,0.0,4969.0,0.0,0.0,0.0,0.0,0.0,0.0,0.0,0.0,0.0,0.0,0.0,0.0,0.0,0.0,0.0,0.0,0.0,0.0,0.0,0.0,0.0,0.0,0.0,30.23,0.5782,69.77,0.0,9.74
2019-01-16,4969.0,48398.06,0.18,8.85,0.18,0.05,0.0,48398.06,0.0,4969.0,0.0,0.0,0.0,0.0,0.0,0.0,0.0,0.0,0.0,0.0,0.0,0.0,0.0,0.0,0.0,0.0,0.0,0.0,0.0,0.0,0.0,0.0,0.0,30.19,0.5785,69.81,0.0,9.74
2019-01-17,4969.0,48497.44,0.18,9.06,0.18,0.05,0.0,48497.44,0.0,4969.0,0.0,0.0,0.0,0.0,0.0,0.0,0.0,0.0,0.0,0.0,0.0,0.0,0.0,0.0,0.0,0.0,0.0,0.0,0.0,0.0,0.0,0.0,0.0,30.23,0.5782,69.77,0.0,9.76
2019-01-18,4969.0,48398.06,0.18,8.91,0.18,0.05,0.0,48398.06,0.0,4969.0,0.0,0.0,0.0,0.0,0.0,0.0,0.0,0.0,0.0,0.0,0.0,0.0,0.0,0.0,0.0,0.0,0.0,0.0,0.0,0.0,0.0,0.0,0.0,30.14,0.5789,69.86,0.0,9.74
2019-01-21,4969.0,48099.92,0.18,8.93,0.18,0.05,0.0,48099.92,0.0,4969.0,0.0,0.0,0.0,0.0,0.0,0.0,0.0,0.0,0.0,0.0,0.0,0.0,0.0,0.0,0.0,0.0,0.0,0.0,0.0,0.0,0.0,0.0,0.0,30.06,0.5795,69.94,0.0,9.68
2019-01-22,4969.0,47652.71,0.18,9.14,0.18,0.05,0.0,47652.71,0.0,4969.0,0.0,0.0,0.0,0.0,0.0,0.0,0.0,0.0,0.0,0.0,0.0,0.0,0.0,0.0,0.0,0.0,0.0,0.0,0.0,0.0,0.0,0.0,0.0,29.99,0.5801,70.01,0.0,9.59
2019-01-23,4969.0,47205.5,0.18,9.37,0.18,0.05,0.0,47205.5,0.0,4969.0,0.0,0.0,0.0,0.0,0.0,0.0,0.0,0.0,0.0,0.0,0.0,0.0,0.0,0.0,0.0,0.0,0.0,0.0,0.0,0.0,0.0,0.0,0.0,29.99,0.5801,70.01,0.0,9.5
2019-01-24,4969.0,47404.26,0.18,9.52,0.18,0.05,0.0,47404.26,0.0,4969.0,0.0,0.0,0.0,0.0,0.0,0.0,0.0,0.0,0.0,0.0,0.0,0.0,0.0,0.0,0.0,0.0,0.0,0.0,0.0,0.0,0.0,0.0,0.0,30.28,0.5778,69.72,0.0,9.54
2019-01-25,4969.0,47155.81,0.18,9.58,0.18,0.05,0.0,47155.81,0.0,4969.0,0.0,0.0,0.0,0.0,0.0,0.0,0.0,0.0,0.0,0.0,0.0,0.0,0.0,0.0,0.0,0.0,0.0,0.0,0.0,0.0,0.0,0.0,0.0,30.08,0.5794,69.92,0.0,9.49
2019-01-28,4969.0,47056.43,0.18,12.61,0.18,0.05,0.0,47056.43,0.0,4969.0,0.0,0.0,0.0,0.0,0.0,0.0,0.0,0.0,0.0,0.0,0.0,0.0,0.0,0.0,0.0,0.0,0.0,0.0,0.0,0.0,0.0,0.0,0.0,30.14,0.5789,69.86,0.0,9.47
2019-01-29,4969.0,47106.12,0.18,12.71,0.18,0.05,0.0,47106.12,0.0,4969.0,0.0,0.0,0.0,0.0,0.0,0.0,0.0,0.0,0.0,0.0,0.0,0.0,0.0,0.0,0.0,0.0,0.0,0.0,0.0,0.0,0.0,0.0,0.0,30.21,0.5783,69.79,0.0,9.48
2019-01-30,4969.0,46012.94,0.18,12.72,0.18,0.05,0.0,46012.94,0.0,4969.0,0.0,0.0,0.0,0.0,0.0,0.0,0.0,0.0,0.0,0.0,0.0,0.0,0.0,0.0,0.0,0.0,0.0,0.0,0.0,0.0,0.0,0.0,0.0,29.69,0.5825,70.31,0.0,9.26
2019-01-31,4969.0,47106.12,0.18,12.28,0.18,0.05,0.0,47106.12,0.0,4969.0,0.0,0.0,0.0,0.0,0.0,0.0,0.0,0.0,0.0,0.0,0.0,0.0,0.0,0.0,0.0,0.0,0.0,0.0,0.0,0.0,0.0,0.0,0.0,30.68,0.5746,69.32,0.0,9.48
2019-02-01,4969.0,47106.12,0.18,12.34,0.18,0.05,0.0,47106.12,0.0,4969.0,0.0,0.0,0.0,0.0,0.0,0.0,0.0,0.0,0.0,0.0,0.0,0.0,0.0,0.0,0.0,0.0,0.0,0.0,0.0,0.0,0.0,0.0,0.0,30.19,0.5785,69.81,0.0,9.48
2019-02-04,4969.0,47205.5,0.18,13.87,0.18,0.05,0.0,47205.5,0.0,4969.0,0.0,0.0,0.0,0.0,0.0,0.0,0.0,0.0,0.0,0.0,0.0,0.0,0.0,0.0,0.0,0.0,0.0,0.0,0.0,0.0,0.0,0.0,0.0,30.23,0.5782,69.77,0.0,9.5
2019-02-05,4969.0,47453.95,0.18,15.69,0.18,0.05,0.0,47453.95,0.0,4969.0,0.0,0.0,0.0,0.0,0.0,0.0,0.0,0.0,0.0,0.0,0.0,0.0,0.0,0.0,0.0,0.0,0.0,0.0,0.0,0.0,0.0,0.0,0.0,30.3,0.5776,69.7,0.0,9.55
2019-02-06,4969.0,52373.26,0.18,16.15,0.18,0.05,0.0,52373.26,0.0,4969.0,0.0,0.0,0.0,0.0,0.0,0.0,0.0,0.0,0.0,0.0,0.0,0.0,0.0,0.0,0.0,0.0,0.0,0.0,0.0,0.0,0.0,0.0,0.0,32.31,0.5626,67.69,0.0,10.54
2019-02-07,4969.0,57839.16,0.18,13.66,0.18,0.05,0.0,57839.16,0.0,4969.0,0.0,0.0,0.0,0.0,0.0,0.0,0.0,0.0,0.0,0.0,0.0,0.0,0.0,0.0,0.0,0.0,0.0,0.0,0.0,0.0,0.0,0.0,0.0,32.32,0.5625,67.68,0.0,11.64
2019-02-08,4969.0,57839.16,0.18,12.0,0.18,0.06,0.0,57839.16,0.0,4969.0,0.0,0.0,0.0,0.0,0.0,0.0,0.0,0.0,0.0,0.0,0.0,0.0,0.0,0.0,0.0,0.0,0.0,0.0,0.0,0.0,0.0,0.0,0.0,30.19,0.5785,69.81,0.0,11.64
2019-02-11,4969.0,37665.02,0.18,12.02,0.18,0.05,0.0,37665.02,0.0,4969.0,0.0,0.0,0.0,0.0,0.0,0.0,0.0,0.0,0.0,0.0,0.0,0.0,0.0,0.0,0.0,0.0,0.0,0.0,0.0,0.0,0.0,0.0,0.0,21.97,0.6571,78.03,0.0,7.58
2019-02-12,4969.0,38360.68,0.18,2.44,0.18,0.04,0.0,38360.68,0.0,4969.0,0.0,0.0,0.0,0.0,0.0,0.0,0.0,0.0,0.0,0.0,0.0,0.0,0.0,0.0,0.0,0.0,0.0,0.0,0.0,0.0,0.0,0.0,0.0,30.57,0.5755,69.43,0.0,7.72
2019-02-13,4969.0,37665.02,0.18,2.23,0.18,0.04,0.0,37665.02,0.0,4969.0,0.0,0.0,0.0,0.0,0.0,0.0,0.0,0.0,0.0,0.0,0.0,0.0,0.0,0.0,0.0,0.0,0.0,0.0,0.0,0.0,0.0,0.0,0.0,29.8,0.5816,70.2,0.0,7.58
2019-02-14,4610.0,34298.4,0.17,1.94,0.17,0.03,0.0,34298.4,0.0,4610.0,0.0,0.0,0.0,0.0,0.0,0.0,0.0,0.0,0.0,0.0,0.0,0.0,0.0,0.0,359.0,0.0,0.0,0.0,0.0,0.0,0.0,0.0,0.0,24.4,0.631,75.6,0.0,7.44
2019-02-15,4610.0,34344.5,0.17,1.93,0.17,0.03,0.0,34344.5,0.0,4610.0,0.0,0.0,0.0,0.0,0.0,0.0,0.0,0.0,0.0,0.0,0.0,0.0,0.0,0.0,0.0,0.0,0.0,0.0,0.0,0.0,0.0,0.0,0.0,24.78,0.6273,75.22,0.0,7.45
2019-02-18,4610.0,34344.5,0.17,1.92,0.17,0.03,0.0,34344.5,0.0,4610.0,0.0,0.0,0.0,0.0,0.0,0.0,0.0,0.0,0.0,0.0,0.0,0.0,0.0,0.0,0.0,0.0,0.0,0.0,0.0,0.0,0.0,0.0,0.0,24.75,0.6275,75.25,0.0,7.45
2019-02-19,4610.0,33653.0,0.17,1.91,0.17,0.03,0.0,33653.0,0.0,4610.0,0.0,0.0,0.0,0.0,0.0,0.0,0.0,0.0,0.0,0.0,0.0,0.0,0.0,0.0,0.0,0.0,0.0,0.0,0.0,0.0,0.0,0.0,0.0,24.37,0.6313,75.63,0.0,7.3
2019-02-20,4610.0,33975.7,0.17,1.9,0.17,0.03,0.0,33975.7,0.0,4610.0,0.0,0.0,0.0,0.0,0.0,0.0,0.0,0.0,0.0,0.0,0.0,0.0,0.0,0.0,0.0,0.0,0.0,0.0,0.0,0.0,0.0,0.0,0.0,24.93,0.6257,75.07,0.0,7.37
2019-02-21,4610.0,34528.9,0.17,1.89,0.17,0.03,0.0,34528.9,0.0,4610.0,0.0,0.0,0.0,0.0,0.0,0.0,0.0,0.0,0.0,0.0,0.0,0.0,0.0,0.0,0.0,0.0,0.0,0.0,0.0,0.0,0.0,0.0,0.0,25.05,0.6245,74.95,0.0,7.49
2019-02-22,4610.0,34528.9,0.17,1.89,0.17,0.03,0.0,34528.9,0.0,4610.0,0.0,0.0,0.0,0.0,0.0,0.0,0.0,0.0,0.0,0.0,0.0,0.0,0.0,0.0,0.0,0.0,0.0,0.0,0.0,0.0,0.0,0.0,0.0,24.75,0.6275,75.25,0.0,7.49
2019-02-25,4610.0,33745.2,0.17,1.89,0.17,0.03,0.0,33745.2,0.0,4610.0,0.0,0.0,0.0,0.0,0.0,0.0,0.0,0.0,0.0,0.0,0.0,0.0,0.0,0.0,0.0,0.0,0.0,0.0,0.0,0.0,0.0,0.0,0.0,24.33,0.6318,75.67,0.0,7.32
2019-02-26,4610.0,34067.9,0.17,1.88,0.17,0.03,0.0,34067.9,0.0,4610.0,0.0,0.0,0.0,0.0,0.0,0.0,0.0,0.0,0.0,0.0,0.0,0.0,0.0,0.0,0.0,0.0,0.0,0.0,0.0,0.0,0.0,0.0,0.0,24.93,0.6257,75.07,0.0,7.39
2019-02-27,4610.0,33376.4,0.17,1.89,0.17,0.03,0.0,33376.4,0.0,4610.0,0.0,0.0,0.0,0.0,0.0,0.0,0.0,0.0,0.0,0.0,0.0,0.0,0.0,0.0,0.0,0.0,0.0,0.0,0.0,0.0,0.0,0.0,0.0,24.37,0.6314,75.63,0.0,7.24
2019-02-28,4610.0,34114.0,0.17,1.89,0.17,0.03,0.0,34114.0,0.0,4610.0,0.0,0.0,0.0,0.0,0.0,0.0,0.0,0.0,0.0,0.0,0.0,0.0,0.0,0.0,0.0,0.0,0.0,0.0,0.0,0.0,0.0,0.0,0.0,25.16,0.6234,74.84,0.0,7.4
2019-03-01,4610.0,34390.6,0.17,1.89,0.17,0.03,0.0,34390.6,0.0,4610.0,0.0,0.0,0.0,0.0,0.0,0.0,0.0,0.0,0.0,0.0,0.0,0.0,0.0,0.0,0.0,0.0,0.0,0.0,0.0,0.0,0.0,0.0,0.0,24.9,0.626,75.1,0.0,7.46
2019-03-04,4610.0,34989.9,0.17,1.89,0.17,0.03,0.0,34989.9,0.0,4610.0,0.0,0.0,0.0,0.0,0.0,0.0,0.0,0.0,0.0,0.0,0.0,0.0,0.0,0.0,0.0,0.0,0.0,0.0,0.0,0.0,0.0,0.0,0.0,25.07,0.6243,74.93,0.0,7.59
2019-03-05,4610.0,36419.0,0.17,1.87,0.17,0.04,0.0,36419.0,0.0,4610.0,0.0,0.0,0.0,0.0,0.0,0.0,0.0,0.0,0.0,0.0,0.0,0.0,0.0,0.0,0.0,0.0,0.0,0.0,0.0,0.0,0.0,0.0,0.0,25.5,0.62,74.5,0.0,7.9
2019-03-06,4610.0,36511.2,0.17,1.85,0.17,0.04,0.0,36511.2,0.0,4610.0,0.0,0.0,0.0,0.0,0.0,0.0,0.0,0.0,0.0,0.0,0.0,0.0,0.0,0.0,0.0,0.0,0.0,0.0,0.0,0.0,0.0,0.0,0.0,24.8,0.627,75.2,0.0,7.92
2019-03-07,4610.0,36511.2,0.17,1.84,0.17,0.04,0.0,36511.2,0.0,4610.0,0.0,0.0,0.0,0.0,0.0,0.0,0.0,0.0,0.0,0.0,0.0,0.0,0.0,0.0,0.0,0.0,0.0,0.0,0.0,0.0,0.0,0.0,0.0,24.75,0.6275,75.25,0.0,7.92
2019-03-08,4610.0,36511.2,0.17,1.84,0.17,0.04,0.0,36511.2,0.0,4610.0,0.0,0.0,0.0,0.0,0.0,0.0,0.0,0.0,0.0,0.0,0.0,0.0,0.0,0.0,0.0,0.0,0.0,0.0,0.0,0.0,0.0,0.0,0.0,24.75,0.6275,75.25,0.0,7.92
2019-03-11,4610.0,36465.1,0.17,1.87,0.17,0.04,0.0,36465.1,0.0,4610.0,0.0,0.0,0.0,0.0,0.0,0.0,0.0,0.0,0.0,0.0,0.0,0.0,0.0,0.0,0.0,0.0,0.0,0.0,0.0,0.0,0.0,0.0,0.0,24.73,0.6277,75.27,0.0,7.91
2019-03-12,4610.0,36419.0,0.17,1.84,0.17,0.04,0.0,36419.0,0.0,4610.0,0.0,0.0,0.0,0.0,0.0,0.0,0.0,0.0,0.0,0.0,0.0,0.0,0.0,0.0,0.0,0.0,0.0,0.0,0.0,0.0,0.0,0.0,0.0,24.73,0.6277,75.27,0.0,7.9
2019-03-13,4610.0,36419.0,0.17,1.84,0.17,0.04,0.0,36419.0,0.0,4610.0,0.0,0.0,0.0,0.0,0.0,0.0,0.0,0.0,0.0,0.0,0.0,0.0,0.0,0.0,0.0,0.0,0.0,0.0,0.0,0.0,0.0,0.0,0.0,24.75,0.6275,75.25,0.0,7.9
2019-03-14,4610.0,36465.1,0.17,1.84,0.17,0.04,0.0,36465.1,0.0,4610.0,0.0,0.0,0.0,0.0,0.0,0.0,0.0,0.0,0.0,0.0,0.0,0.0,0.0,0.0,0.0,0.0,0.0,0.0,0.0,0.0,0.0,0.0,0.0,24.77,0.6273,75.23,0.0,7.91
2019-03-15,4610.0,36465.1,0.17,1.85,0.17,0.04,0.0,36465.1,0.0,4610.0,0.0,0.0,0.0,0.0,0.0,0.0,0.0,0.0,0.0,0.0,0.0,0.0,0.0,0.0,0.0,0.0,0.0,0.0,0.0,0.0,0.0,0.0,0.0,24.75,0.6275,75.25,0.0,7.91
2019-03-18,4610.0,36419.0,0.17,1.85,0.17,0.04,0.0,36419.0,0.0,4610.0,0.0,0.0,0.0,0.0,0.0,0.0,0.0,0.0,0.0,0.0,0.0,0.0,0.0,0.0,0.0,0.0,0.0,0.0,0.0,0.0,0.0,0.0,0.0,24.73,0.6277,75.27,0.0,7.9
2019-03-19,4610.0,36372.9,0.17,1.84,0.17,0.04,0.0,36372.9,0.0,4610.0,0.0,0.0,0.0,0.0,0.0,0.0,0.0,0.0,0.0,0.0,0.0,0.0,0.0,0.0,0.0,0.0,0.0,0.0,0.0,0.0,0.0,0.0,0.0,24.73,0.6277,75.27,0.0,7.89
2019-03-20,4610.0,36465.1,0.17,1.83,0.17,0.04,0.0,36465.1,0.0,4610.0,0.0,0.0,0.0,0.0,0.0,0.0,0.0,0.0,0.0,0.0,0.0,0.0,0.0,0.0,0.0,0.0,0.0,0.0,0.0,0.0,0.0,0.0,0.0,24.8,0.627,75.2,0.0,7.91
2019-03-21,4610.0,36419.0,0.17,1.87,0.17,0.04,0.0,36419.0,0.0,4610.0,0.0,0.0,0.0,0.0,0.0,0.0,0.0,0.0,0.0,0.0,0.0,0.0,0.0,0.0,0.0,0.0,0.0,0.0,0.0,0.0,0.0,0.0,0.0,24.73,0.6277,75.27,0.0,7.9
2019-03-22,4610.0,36326.8,0.17,1.93,0.17,0.04,0.0,36326.8,0.0,4610.0,0.0,0.0,0.0,0.0,0.0,0.0,0.0,0.0,0.0,0.0,0.0,0.0,0.0,0.0,0.0,0.0,0.0,0.0,0.0,0.0,0.0,0.0,0.0,24.7,0.628,75.3,0.0,7.88
2019-03-25,4610.0,36465.1,0.17,1.92,0.17,0.04,0.0,36465.1,0.0,4610.0,0.0,0.0,0.0,0.0,0.0,0.0,0.0,0.0,0.0,0.0,0.0,0.0,0.0,0.0,0.0,0.0,0.0,0.0,0.0,0.0,0.0,0.0,0.0,24.82,0.6268,75.18,0.0,7.91
2019-03-26,4610.0,36511.2,0.17,6.01,0.17,0.04,0.0,36511.2,0.0,4610.0,0.0,0.0,0.0,0.0,0.0,0.0,0.0,0.0,0.0,0.0,0.0,0.0,0.0,0.0,0.0,0.0,0.0,0.0,0.0,0.0,0.0,0.0,0.0,24.77,0.6273,75.23,0.0,7.92
2019-03-27,4610.0,36372.9,0.17,8.06,0.17,0.04,0.0,36372.9,0.0,4610.0,0.0,0.0,0.0,0.0,0.0,0.0,0.0,0.0,0.0,0.0,0.0,0.0,0.0,0.0,0.0,0.0,0.0,0.0,0.0,0.0,0.0,0.0,0.0,24.68,0.6282,75.32,0.0,7.89
2019-03-28,4610.0,36326.8,0.17,10.12,0.17,0.04,0.0,36326.8,0.0,4610.0,0.0,0.0,0.0,0.0,0.0,0.0,0.0,0.0,0.0,0.0,0.0,0.0,0.0,0.0,0.0,0.0,0.0,0.0,0.0,0.0,0.0,0.0,0.0,24.73,0.6277,75.27,0.0,7.88
2019-03-29,4610.0,36511.2,0.17,10.52,0.17,0.04,0.0,36511.2,0.0,4610.0,0.0,0.0,0.0,0.0,0.0,0.0,0.0,0.0,0.0,0.0,0.0,0.0,0.0,0.0,0.0,0.0,0.0,0.0,0.0,0.0,0.0,0.0,0.0,24.84,0.6266,75.16,0.0,7.92
2019-04-01,4610.0,35312.6,0.17,11.04,0.17,0.04,0.0,35312.6,0.0,4610.0,0.0,0.0,0.0,0.0,0.0,0.0,0.0,0.0,0.0,0.0,0.0,0.0,0.0,0.0,0.0,0.0,0.0,0.0,0.0,0.0,0.0,0.0,0.0,24.13,0.6338,75.87,0.0,7.66
2019-04-02,4610.0,34943.8,0.17,10.66,0.17,0.04,0.0,34943.8,0.0,4610.0,0.0,0.0,0.0,0.0,0.0,0.0,0.0,0.0,0.0,0.0,0.0,0.0,0.0,0.0,0.0,0.0,0.0,0.0,0.0,0.0,0.0,0.0,0.0,24.56,0.6295,75.44,0.0,7.58
2019-04-03,4610.0,34575.0,0.17,11.57,0.17,0.03,0.0,34575.0,0.0,4610.0,0.0,0.0,0.0,0.0,0.0,0.0,0.0,0.0,0.0,0.0,0.0,0.0,0.0,0.0,0.0,0.0,0.0,0.0,0.0,0.0,0.0,0.0,0.0,24.55,0.6295,75.45,0.0,7.5
2019-04-04,4610.0,34482.8,0.17,11.27,0.17,0.03,0.0,34482.8,0.0,4610.0,0.0,0.0,0.0,0.0,0.0,0.0,0.0,0.0,0.0,0.0,0.0,0.0,0.0,0.0,0.0,0.0,0.0,0.0,0.0,0.0,0.0,0.0,0.0,24.7,0.628,75.3,0.0,7.48
2019-04-05,4610.0,32270.0,0.17,11.3,0.17,0.03,0.0,32270.0,0.0,4610.0,0.0,0.0,0.0,0.0,0.0,0.0,0.0,0.0,0.0,0.0,0.0,0.0,0.0,0.0,0.0,0.0,0.0,0.0,0.0,0.0,0.0,0.0,0.0,23.54,0.6401,76.46,0.0,7.0
2019-04-08,4610.0,33007.6,0.17,7.51,0.17,0.03,0.0,33007.6,0.0,4610.0,0.0,0.0,0.0,0.0,0.0,0.0,0.0,0.0,0.0,0.0,0.0,0.0,0.0,0.0,0.0,0.0,0.0,0.0,0.0,0.0,0.0,0.0,0.0,25.17,0.6233,74.83,0.0,7.16
2019-04-09,4610.0,33007.6,0.17,7.57,0.17,0.03,0.0,33007.6,0.0,4610.0,0.0,0.0,0.0,0.0,0.0,0.0,0.0,0.0,0.0,0.0,0.0,0.0,0.0,0.0,0.0,0.0,0.0,0.0,0.0,0.0,0.0,0.0,0.0,24.75,0.6275,75.25,0.0,7.16
2019-04-10,4610.0,32270.0,0.17,7.17,0.17,0.03,0.0,32270.0,0.0,4610.0,0.0,0.0,0.0,0.0,0.0,0.0,0.0,0.0,0.0,0.0,0.0,0.0,0.0,0.0,0.0,0.0,0.0,0.0,0.0,0.0,0.0,0.0,0.0,24.33,0.6318,75.67,0.0,7.0
2019-04-11,4610.0,33284.2,0.17,6.45,0.17,0.03,0.0,33284.2,0.0,4610.0,0.0,0.0,0.0,0.0,0.0,0.0,0.0,0.0,0.0,0.0,0.0,0.0,0.0,0.0,0.0,0.0,0.0,0.0,0.0,0.0,0.0,0.0,0.0,25.33,0.6217,74.67,0.0,7.22
2019-04-12,4702.0,32914.0,0.17,6.55,0.17,0.03,0.0,32914.0,0.0,4702.0,0.0,0.0,0.0,0.0,0.0,0.0,0.0,92.0,0.0,0.0,0.0,0.0,0.0,0.0,0.0,0.0,0.0,0.0,0.0,0.0,0.0,0.0,0.0,23.83,0.6369,76.17,0.0,7.0
2019-04-15,4702.0,33572.28,0.17,6.1,0.17,0.03,0.0,33572.28,0.0,4702.0,0.0,0.0,0.0,0.0,0.0,0.0,0.0,0.0,0.0,0.0,0.0,0.0,0.0,0.0,0.0,0.0,0.0,0.0,0.0,0.0,0.0,0.0,0.0,24.63,0.6287,75.37,0.0,7.14
2019-04-16,4702.0,33760.36,0.17,6.19,0.17,0.03,0.0,33760.36,0.0,4702.0,0.0,0.0,0.0,0.0,0.0,0.0,0.0,0.0,0.0,0.0,0.0,0.0,0.0,0.0,0.0,0.0,0.0,0.0,0.0,0.0,0.0,0.0,0.0,24.37,0.6314,75.63,0.0,7.18
2019-04-17,4702.0,33760.36,0.17,6.03,0.17,0.03,0.0,33760.36,0.0,4702.0,0.0,0.0,0.0,0.0,0.0,0.0,0.0,0.0,0.0,0.0,0.0,0.0,0.0,0.0,0.0,0.0,0.0,0.0,0.0,0.0,0.0,0.0,0.0,24.27,0.6324,75.73,0.0,7.18
2019-04-18,4702.0,33196.12,0.17,5.51,0.17,0.03,0.0,33196.12,0.0,4702.0,0.0,0.0,0.0,0.0,0.0,0.0,0.0,0.0,0.0,0.0,0.0,0.0,0.0,0.0,0.0,0.0,0.0,0.0,0.0,0.0,0.0,0.0,0.0,23.96,0.6356,76.04,0.0,7.06
2019-04-19,4702.0,33196.12,0.17,5.23,0.17,0.03,0.0,33196.12,0.0,4702.0,0.0,0.0,0.0,0.0,0.0,0.0,0.0,0.0,0.0,0.0,0.0,0.0,0.0,0.0,0.0,0.0,0.0,0.0,0.0,0.0,0.0,0.0,0.0,24.18,0.6334,75.82,0.0,0.0
2019-04-22,4702.0,33196.12,0.17,5.23,0.17,0.03,0.0,33196.12,0.0,4702.0,0.0,0.0,0.0,0.0,0.0,0.0,0.0,0.0,0.0,0.0,0.0,0.0,0.0,0.0,0.0,0.0,0.0,0.0,0.0,0.0,0.0,0.0,0.0,24.18,0.6334,75.82,0.0,0.0
2019-04-23,4702.0,33572.28,0.17,5.23,0.17,0.03,0.0,33572.28,0.0,4702.0,0.0,0.0,0.0,0.0,0.0,0.0,0.0,0.0,0.0,0.0,0.0,0.0,0.0,0.0,0.0,0.0,0.0,0.0,0.0,0.0,0.0,0.0,0.0,24.47,0.6303,75.53,0.0,7.14
2019-04-24,4702.0,35076.92,0.17,4.69,0.17,0.03,0.0,35076.92,0.0,4702.0,0.0,0.0,0.0,0.0,0.0,0.0,0.0,0.0,0.0,0.0,0.0,0.0,0.0,0.0,0.0,0.0,0.0,0.0,0.0,0.0,0.0,0.0,0.0,25.08,0.6242,74.92,0.0,7.46
2019-04-25,4702.0,37992.16,0.17,4.81,0.17,0.04,0.0,37992.16,0.0,4702.0,0.0,0.0,0.0,0.0,0.0,0.0,0.0,0.0,0.0,0.0,0.0,0.0,0.0,0.0,0.0,0.0,0.0,0.0,0.0,0.0,0.0,0.0,0.0,25.76,0.6175,74.24,0.0,8.08
2019-04-26,4702.0,40249.12,0.17,4.46,0.17,0.04,0.0,40249.12,0.0,4702.0,0.0,0.0,0.0,0.0,0.0,0.0,0.0,0.0,0.0,0.0,0.0,0.0,0.0,0.0,0.0,0.0,0.0,0.0,0.0,0.0,0.0,0.0,0.0,25.34,0.6216,74.66,0.0,8.56
2019-04-29,2454.0,20515.44,0.09,2.14,0.09,0.02,0.0,20515.44,0.0,2454.0,0.0,0.0,0.0,0.0,0.0,0.0,0.0,0.0,0.0,0.0,0.0,0.0,0.0,0.0,2248.0,0.0,0.02,0.0,0.0,0.0,0.0,0.0,0.0,45.91,0.5033,54.09,0.0,8.36
2019-04-30,2454.0,21742.44,0.09,2.13,0.09,0.02,0.0,21742.44,0.0,2454.0,0.0,0.0,0.0,0.0,0.0,0.0,0.0,0.0,0.0,0.0,0.0,0.0,0.0,0.0,0.0,0.0,0.0,0.0,0.0,0.0,0.0,0.0,0.0,47.94,0.5008,52.06,0.0,8.86
2019-05-01,2454.0,21742.44,0.09,2.01,0.09,0.02,0.0,21742.44,0.0,2454.0,0.0,0.0,0.0,0.0,0.0,0.0,0.0,0.0,0.0,0.0,0.0,0.0,0.0,0.0,0.0,0.0,0.0,0.0,0.0,0.0,0.0,0.0,0.0,46.5,0.5025,53.5,0.0,0.0
2019-05-02,2454.0,21546.12,0.09,2.01,0.09,0.02,0.0,21546.12,0.0,2454.0,0.0,0.0,0.0,0.0,0.0,0.0,0.0,0.0,0.0,0.0,0.0,0.0,0.0,0.0,0.0,0.0,0.0,0.0,0.0,0.0,0.0,0.0,0.0,46.27,0.5028,53.73,0.0,8.78
2019-05-03,2184.0,19306.56,0.08,1.82,0.08,0.02,0.0,19306.56,0.0,2184.0,0.0,0.0,0.0,0.0,0.0,0.0,0.0,0.0,0.0,0.0,0.0,0.0,0.0,0.0,270.0,0.0,0.0,0.0,0.0,0.0,0.0,0.0,0.0,47.59,0.5012,52.41,0.0,8.84
2019-05-06,2184.0,19044.48,0.08,1.85,0.08,0.02,0.0,19044.48,0.0,2184.0,0.0,0.0,0.0,0.0,0.0,0.0,0.0,0.0,0.0,0.0,0.0,0.0,0.0,0.0,0.0,0.0,0.0,0.0,0.0,0.0,0.0,0.0,0.0,47.93,0.5009,52.07,0.0,8.72
2019-05-07,2184.0,19350.24,0.08,1.77,0.08,0.02,0.0,19350.24,0.0,2184.0,0.0,0.0,0.0,0.0,0.0,0.0,0.0,0.0,0.0,0.0,0.0,0.0,0.0,0.0,0.0,0.0,0.0,0.0,0.0,0.0,0.0,0.0,0.0,47.36,0.5014,52.64,0.0,8.86
2019-05-08,2184.0,19393.92,0.08,1.75,0.08,0.02,0.0,19393.92,0.0,2184.0,0.0,0.0,0.0,0.0,0.0,0.0,0.0,0.0,0.0,0.0,0.0,0.0,0.0,0.0,0.0,0.0,0.0,0.0,0.0,0.0,0.0,0.0,0.0,47.7,0.5011,52.3,0.0,8.88
2019-05-09,2184.0,19350.24,0.08,1.79,0.08,0.02,0.0,19350.24,0.0,2184.0,0.0,0.0,0.0,0.0,0.0,0.0,0.0,0.0,0.0,0.0,0.0,0.0,0.0,0.0,0.0,0.0,0.0,0.0,0.0,0.0,0.0,0.0,0.0,47.81,0.501,52.19,0.0,8.86
2019-05-10,2184.0,19306.56,0.08,1.79,0.08,0.02,0.0,19306.56,0.0,2184.0,0.0,0.0,0.0,0.0,0.0,0.0,0.0,0.0,0.0,0.0,0.0,0.0,0.0,0.0,0.0,0.0,0.0,0.0,0.0,0.0,0.0,0.0,0.0,47.81,0.501,52.19,0.0,8.84
2019-05-13,2184.0,18520.32,0.08,1.79,0.08,0.02,0.0,18520.32,0.0,2184.0,0.0,0.0,0.0,0.0,0.0,0.0,0.0,0.0,0.0,0.0,0.0,0.0,0.0,0.0,0.0,0.0,0.0,0.0,0.0,0.0,0.0,0.0,0.0,48.79,0.5003,51.21,0.0,8.48
2019-05-14,2184.0,19000.8,0.08,1.79,0.08,0.02,0.0,19000.8,0.0,2184.0,0.0,0.0,0.0,0.0,0.0,0.0,0.0,0.0,0.0,0.0,0.0,0.0,0.0,0.0,0.0,0.0,0.0,0.0,0.0,0.0,0.0,0.0,0.0,47.12,0.5017,52.88,0.0,8.7
2019-05-15,2184.0,19000.8,0.08,1.79,0.08,0.02,0.0,19000.8,0.0,2184.0,0.0,0.0,0.0,0.0,0.0,0.0,0.0,0.0,0.0,0.0,0.0,0.0,0.0,0.0,0.0,0.0,0.0,0.0,0.0,0.0,0.0,0.0,0.0,47.76,0.501,52.24,0.0,8.7
2019-05-16,2184.0,19000.8,0.08,1.79,0.08,0.02,0.0,19000.8,0.0,2184.0,0.0,0.0,0.0,0.0,0.0,0.0,0.0,0.0,0.0,0.0,0.0,0.0,0.0,0.0,0.0,0.0,0.0,0.0,0.0,0.0,0.0,0.0,0.0,47.76,0.501,52.24,0.0,8.7
2019-05-17,2184.0,18957.12,0.08,1.84,0.08,0.02,0.0,18957.12,0.0,2184.0,0.0,0.0,0.0,0.0,0.0,0.0,0.0,0.0,0.0,0.0,0.0,0.0,0.0,0.0,0.0,0.0,0.0,0.0,0.0,0.0,0.0,0.0,0.0,47.81,0.501,52.19,0.0,8.68
2019-05-20,2184.0,18913.44,0.08,1.82,0.08,0.02,0.0,18913.44,0.0,2184.0,0.0,0.0,0.0,0.0,0.0,0.0,0.0,0.0,0.0,0.0,0.0,0.0,0.0,0.0,0.0,0.0,0.0,0.0,0.0,0.0,0.0,0.0,0.0,47.81,0.501,52.19,0.0,8.66
2019-05-21,2184.0,18913.44,0.08,1.87,0.08,0.02,0.0,18913.44,0.0,2184.0,0.0,0.0,0.0,0.0,0.0,0.0,0.0,0.0,0.0,0.0,0.0,0.0,0.0,0.0,0.0,0.0,0.0,0.0,0.0,0.0,0.0,0.0,0.0,47.76,0.501,52.24,0.0,8.66
2019-05-22,2184.0,18957.12,0.08,1.87,0.08,0.02,0.0,18957.12,0.0,2184.0,0.0,0.0,0.0,0.0,0.0,0.0,0.0,0.0,0.0,0.0,0.0,0.0,0.0,0.0,0.0,0.0,0.0,0.0,0.0,0.0,0.0,0.0,0.0,47.7,0.5011,52.3,0.0,8.68
2019-05-23,2184.0,18913.44,0.08,2.26,0.08,0.02,0.0,18913.44,0.0,2184.0,0.0,0.0,0.0,0.0,0.0,0.0,0.0,0.0,0.0,0.0,0.0,0.0,0.0,0.0,0.0,0.0,0.0,0.0,0.0,0.0,0.0,0.0,0.0,47.81,0.501,52.19,0.0,8.66
2019-05-24,2184.0,19044.48,0.08,2.25,0.08,0.02,0.0,19044.48,0.0,2184.0,0.0,0.0,0.0,0.0,0.0,0.0,0.0,0.0,0.0,0.0,0.0,0.0,0.0,0.0,0.0,0.0,0.0,0.0,0.0,0.0,0.0,0.0,0.0,47.58,0.5012,52.42,0.0,8.72
2019-05-27,2184.0,19000.8,0.08,2.32,0.08,0.02,0.0,19000.8,0.0,2184.0,0.0,0.0,0.0,0.0,0.0,0.0,0.0,0.0,0.0,0.0,0.0,0.0,0.0,0.0,0.0,0.0,0.0,0.0,0.0,0.0,0.0,0.0,0.0,47.64,0.5011,52.36,0.0,8.7
2019-05-28,2184.0,19000.8,0.08,2.52,0.08,0.02,0.0,19000.8,0.0,2184.0,0.0,0.0,0.0,0.0,0.0,0.0,0.0,0.0,0.0,0.0,0.0,0.0,0.0,0.0,0.0,0.0,0.0,0.0,0.0,0.0,0.0,0.0,0.0,47.76,0.501,52.24,0.0,8.7
2019-05-29,2184.0,19000.8,0.08,2.55,0.08,0.02,0.0,19000.8,0.0,2184.0,0.0,0.0,0.0,0.0,0.0,0.0,0.0,0.0,0.0,0.0,0.0,0.0,0.0,0.0,0.0,0.0,0.0,0.0,0.0,0.0,0.0,0.0,0.0,47.76,0.501,52.24,0.0,8.7
2019-05-30,2184.0,18957.12,0.08,2.72,0.08,0.02,0.0,18957.12,0.0,2184.0,0.0,0.0,0.0,0.0,0.0,0.0,0.0,0.0,0.0,0.0,0.0,0.0,0.0,0.0,0.0,0.0,0.0,0.0,0.0,0.0,0.0,0.0,0.0,47.81,0.501,52.19,0.0,8.68
2019-05-31,2184.0,18782.4,0.08,2.77,0.08,0.02,0.0,18782.4,0.0,2184.0,0.0,0.0,0.0,0.0,0.0,0.0,0.0,0.0,0.0,0.0,0.0,0.0,0.0,0.0,0.0,0.0,0.0,0.0,0.0,0.0,0.0,0.0,0.0,47.99,0.5008,52.01,0.0,8.6
2019-06-03,2184.0,18564.0,0.08,2.97,0.08,0.02,0.0,18564.0,0.0,2184.0,0.0,0.0,0.0,0.0,0.0,0.0,0.0,0.0,0.0,0.0,0.0,0.0,0.0,0.0,0.0,0.0,0.0,0.0,0.0,0.0,0.0,0.0,0.0,48.05,0.5008,51.95,0.0,8.5
2019-06-04,2184.0,19000.8,0.08,3.31,0.08,0.02,0.0,19000.8,0.0,2184.0,0.0,0.0,0.0,0.0,0.0,0.0,0.0,0.0,0.0,0.0,0.0,0.0,0.0,0.0,0.0,0.0,0.0,0.0,0.0,0.0,0.0,0.0,0.0,47.18,0.5016,52.82,0.0,8.7
2019-06-05,2184.0,18869.76,0.08,3.55,0.08,0.02,0.0,18869.76,0.0,2184.0,0.0,0.0,0.0,0.0,0.0,0.0,0.0,0.0,0.0,0.0,0.0,0.0,0.0,0.0,0.0,0.0,0.0,0.0,0.0,0.0,0.0,0.0,0.0,47.93,0.5009,52.07,0.0,8.64
2019-06-06,2184.0,18782.4,0.08,4.26,0.08,0.02,0.0,18782.4,0.0,2184.0,0.0,0.0,0.0,0.0,0.0,0.0,0.0,0.0,0.0,0.0,0.0,0.0,0.0,0.0,0.0,0.0,0.0,0.0,0.0,0.0,0.0,0.0,0.0,47.87,0.5009,52.13,0.0,8.6
2019-06-07,2184.0,18826.08,0.08,4.38,0.08,0.02,0.0,18826.08,0.0,2184.0,0.0,0.0,0.0,0.0,0.0,0.0,0.0,0.0,0.0,0.0,0.0,0.0,0.0,0.0,0.0,0.0,0.0,0.0,0.0,0.0,0.0,0.0,0.0,47.7,0.5011,52.3,0.0,8.62
2019-06-10,2184.0,18345.6,0.08,5.18,0.08,0.02,0.0,18345.6,0.0,2184.0,0.0,0.0,0.0,0.0,0.0,0.0,0.0,0.0,0.0,0.0,0.0,0.0,0.0,0.0,0.0,0.0,0.0,0.0,0.0,0.0,0.0,0.0,0.0,48.4,0.5005,51.6,0.0,8.4
2019-06-11,2184.0,18869.76,0.08,6.08,0.08,0.02,0.0,18869.76,0.0,2184.0,0.0,0.0,0.0,0.0,0.0,0.0,0.0,0.0,0.0,0.0,0.0,0.0,0.0,0.0,0.0,0.0,0.0,0.0,0.0,0.0,0.0,0.0,0.0,47.05,0.5017,52.95,0.0,8.64
2019-06-12,1924.0,16584.88,0.07,5.19,0.07,0.02,0.0,16584.88,0.0,1924.0,0.0,0.0,0.0,0.0,0.0,0.0,0.0,0.0,0.0,0.0,0.0,0.0,0.0,0.0,260.0,0.0,0.0,0.0,0.0,0.0,0.0,0.0,0.0,45.73,0.5036,54.27,0.0,8.62
2019-06-13,1924.0,16623.36,0.07,6.41,0.07,0.02,0.0,16623.36,0.0,1924.0,0.0,0.0,0.0,0.0,0.0,0.0,0.0,0.0,0.0,0.0,0.0,0.0,0.0,0.0,0.0,0.0,0.0,0.0,0.0,0.0,0.0,0.0,0.0,45.85,0.5034,54.15,0.0,8.64
2019-06-14,1924.0,16623.36,0.07,6.55,0.07,0.02,0.0,16623.36,0.0,1924.0,0.0,0.0,0.0,0.0,0.0,0.0,0.0,0.0,0.0,0.0,0.0,0.0,0.0,0.0,0.0,0.0,0.0,0.0,0.0,0.0,0.0,0.0,0.0,45.79,0.5035,54.21,0.0,8.64
2019-06-17,1924.0,16354.0,0.07,6.59,0.07,0.02,0.0,16354.0,0.0,1924.0,0.0,0.0,0.0,0.0,0.0,0.0,0.0,0.0,0.0,0.0,0.0,0.0,0.0,0.0,0.0,0.0,0.0,0.0,0.0,0.0,0.0,0.0,0.0,45.38,0.5043,54.62,0.0,8.5
2019-06-18,1924.0,16546.4,0.07,8.31,0.07,0.02,0.0,16546.4,0.0,1924.0,0.0,0.0,0.0,0.0,0.0,0.0,0.0,0.0,0.0,0.0,0.0,0.0,0.0,0.0,0.0,0.0,0.0,0.0,0.0,0.0,0.0,0.0,0.0,46.08,0.5031,53.92,0.0,8.6
2019-06-19,1924.0,16354.0,0.07,8.49,0.07,0.02,0.0,16354.0,0.0,1924.0,0.0,0.0,0.0,0.0,0.0,0.0,0.0,0.0,0.0,0.0,0.0,0.0,0.0,0.0,0.0,0.0,0.0,0.0,0.0,0.0,0.0,0.0,0.0,45.5,0.5041,54.5,0.0,8.5
2019-06-20,1924.0,16315.52,0.07,8.43,0.07,0.02,0.0,16315.52,0.0,1924.0,0.0,0.0,0.0,0.0,0.0,0.0,0.0,0.0,0.0,0.0,0.0,0.0,0.0,0.0,0.0,0.0,0.0,0.0,0.0,0.0,0.0,0.0,0.0,45.73,0.5036,54.27,0.0,8.48
2019-06-21,1924.0,16315.52,0.07,8.83,0.07,0.02,0.0,16315.52,0.0,1924.0,0.0,0.0,0.0,0.0,0.0,0.0,0.0,0.0,0.0,0.0,0.0,0.0,0.0,0.0,0.0,0.0,0.0,0.0,0.0,0.0,0.0,0.0,0.0,45.79,0.5035,54.21,0.0,8.48
2019-06-24,1924.0,16315.52,0.07,8.95,0.07,0.02,0.0,16315.52,0.0,1924.0,0.0,0.0,0.0,0.0,0.0,0.0,0.0,0.0,0.0,0.0,0.0,0.0,0.0,0.0,0.0,0.0,0.0,0.0,0.0,0.0,0.0,0.0,0.0,45.79,0.5035,54.21,0.0,8.48
2019-06-25,1924.0,16123.12,0.07,10.4,0.07,0.02,0.0,16123.12,0.0,1924.0,0.0,0.0,0.0,0.0,0.0,0.0,0.0,0.0,0.0,0.0,0.0,0.0,0.0,0.0,0.0,0.0,0.0,0.0,0.0,0.0,0.0,0.0,0.0,45.5,0.5041,54.5,0.0,8.38
2019-06-26,1924.0,16354.0,0.07,10.01,0.07,0.02,0.0,16354.0,0.0,1924.0,0.0,0.0,0.0,0.0,0.0,0.0,0.0,0.0,0.0,0.0,0.0,0.0,0.0,0.0,0.0,0.0,0.0,0.0,0.0,0.0,0.0,0.0,0.0,46.14,0.503,53.86,0.0,8.5
2019-06-27,1924.0,16392.48,0.07,9.91,0.07,0.02,0.0,16392.48,0.0,1924.0,0.0,0.0,0.0,0.0,0.0,0.0,0.0,0.0,0.0,0.0,0.0,0.0,0.0,0.0,0.0,0.0,0.0,0.0,0.0,0.0,0.0,0.0,0.0,45.85,0.5034,54.15,0.0,8.52
2019-06-28,1924.0,16354.0,0.07,9.92,0.07,0.02,0.0,16354.0,0.0,1924.0,0.0,0.0,0.0,0.0,0.0,0.0,0.0,0.0,0.0,0.0,0.0,0.0,0.0,0.0,0.0,0.0,0.0,0.0,0.0,0.0,0.0,0.0,0.0,45.73,0.5036,54.27,0.0,8.5
2019-07-01,1924.0,16354.0,0.07,10.75,0.07,0.02,0.0,16354.0,0.0,1924.0,0.0,0.0,0.0,0.0,0.0,0.0,0.0,0.0,0.0,0.0,0.0,0.0,0.0,0.0,0.0,0.0,0.0,0.0,0.0,0.0,0.0,0.0,0.0,45.79,0.5035,54.21,0.0,8.5
2019-07-02,1924.0,16354.0,0.07,10.17,0.07,0.02,0.0,16354.0,0.0,1924.0,0.0,0.0,0.0,0.0,0.0,0.0,0.0,0.0,0.0,0.0,0.0,0.0,0.0,0.0,0.0,0.0,0.0,0.0,0.0,0.0,0.0,0.0,0.0,45.79,0.5035,54.21,0.0,8.5
2019-07-03,1924.0,16315.52,0.07,10.54,0.07,0.02,0.0,16315.52,0.0,1924.0,0.0,0.0,0.0,0.0,0.0,0.0,0.0,0.0,0.0,0.0,0.0,0.0,0.0,0.0,0.0,0.0,0.0,0.0,0.0,0.0,0.0,0.0,0.0,45.73,0.5036,54.27,0.0,8.48
2019-07-04,1924.0,16354.0,0.07,10.67,0.07,0.02,0.0,16354.0,0.0,1924.0,0.0,0.0,0.0,0.0,0.0,0.0,0.0,0.0,0.0,0.0,0.0,0.0,0.0,0.0,0.0,0.0,0.0,0.0,0.0,0.0,0.0,0.0,0.0,45.85,0.5034,54.15,0.0,8.5
2019-07-05,1924.0,16315.52,0.07,11.29,0.07,0.02,0.0,16315.52,0.0,1924.0,0.0,0.0,0.0,0.0,0.0,0.0,0.0,0.0,0.0,0.0,0.0,0.0,0.0,0.0,0.0,0.0,0.0,0.0,0.0,0.0,0.0,0.0,0.0,45.73,0.5036,54.27,0.0,8.48
2019-07-08,1924.0,16315.52,0.07,11.58,0.07,0.02,0.0,16315.52,0.0,1924.0,0.0,0.0,0.0,0.0,0.0,0.0,0.0,0.0,0.0,0.0,0.0,0.0,0.0,0.0,0.0,0.0,0.0,0.0,0.0,0.0,0.0,0.0,0.0,45.79,0.5035,54.21,0.0,8.48
2019-07-09,1924.0,16277.04,0.07,11.47,0.07,0.02,0.0,16277.04,0.0,1924.0,0.0,0.0,0.0,0.0,0.0,0.0,0.0,0.0,0.0,0.0,0.0,0.0,0.0,0.0,0.0,0.0,0.0,0.0,0.0,0.0,0.0,0.0,0.0,45.73,0.5036,54.27,0.0,8.46
2019-07-10,1924.0,16277.04,0.07,11.12,0.07,0.02,0.0,16277.04,0.0,1924.0,0.0,0.0,0.0,0.0,0.0,0.0,0.0,0.0,0.0,0.0,0.0,0.0,0.0,0.0,0.0,0.0,0.0,0.0,0.0,0.0,0.0,0.0,0.0,45.79,0.5035,54.21,0.0,8.46
2019-07-11,1924.0,16315.52,0.07,11.03,0.07,0.02,0.0,16315.52,0.0,1924.0,0.0,0.0,0.0,0.0,0.0,0.0,0.0,0.0,0.0,0.0,0.0,0.0,0.0,0.0,0.0,0.0,0.0,0.0,0.0,0.0,0.0,0.0,0.0,45.85,0.5034,54.15,0.0,8.48
2019-07-12,1924.0,16315.52,0.07,10.24,0.07,0.02,0.0,16315.52,0.0,1924.0,0.0,0.0,0.0,0.0,0.0,0.0,0.0,0.0,0.0,0.0,0.0,0.0,0.0,0.0,0.0,0.0,0.0,0.0,0.0,0.0,0.0,0.0,0.0,45.79,0.5035,54.21,0.0,8.48
2019-07-15,1924.0,16277.04,0.07,10.67,0.07,0.02,0.0,16277.04,0.0,1924.0,0.0,0.0,0.0,0.0,0.0,0.0,0.0,0.0,0.0,0.0,0.0,0.0,0.0,0.0,0.0,0.0,0.0,0.0,0.0,0.0,0.0,0.0,0.0,45.73,0.5036,54.27,0.0,8.46
2019-07-16,1924.0,16277.04,0.07,10.94,0.07,0.02,0.0,16277.04,0.0,1924.0,0.0,0.0,0.0,0.0,0.0,0.0,0.0,0.0,0.0,0.0,0.0,0.0,0.0,0.0,0.0,0.0,0.0,0.0,0.0,0.0,0.0,0.0,0.0,45.79,0.5035,54.21,0.0,8.46
2019-07-17,1924.0,16277.04,0.07,10.31,0.07,0.02,0.0,16277.04,0.0,1924.0,0.0,0.0,0.0,0.0,0.0,0.0,0.0,0.0,0.0,0.0,0.0,0.0,0.0,0.0,0.0,0.0,0.0,0.0,0.0,0.0,0.0,0.0,0.0,45.79,0.5035,54.21,0.0,8.46
2019-07-18,1924.0,16277.04,0.07,10.34,0.07,0.02,0.0,16277.04,0.0,1924.0,0.0,0.0,0.0,0.0,0.0,0.0,0.0,0.0,0.0,0.0,0.0,0.0,0.0,0.0,0.0,0.0,0.0,0.0,0.0,0.0,0.0,0.0,0.0,45.79,0.5035,54.21,0.0,8.46
2019-07-19,1924.0,16277.04,0.07,10.51,0.07,0.02,0.0,16277.04,0.0,1924.0,0.0,0.0,0.0,0.0,0.0,0.0,0.0,0.0,0.0,0.0,0.0,0.0,0.0,0.0,0.0,0.0,0.0,0.0,0.0,0.0,0.0,0.0,0.0,45.79,0.5035,54.21,0.0,8.46
2019-07-22,1924.0,16238.56,0.07,10.27,0.07,0.02,0.0,16238.56,0.0,1924.0,0.0,0.0,0.0,0.0,0.0,0.0,0.0,0.0,0.0,0.0,0.0,0.0,0.0,0.0,0.0,0.0,0.0,0.0,0.0,0.0,0.0,0.0,0.0,45.73,0.5036,54.27,0.0,8.44
2019-07-23,1924.0,16238.56,0.07,12.41,0.07,0.02,0.0,16238.56,0.0,1924.0,0.0,0.0,0.0,0.0,0.0,0.0,0.0,0.0,0.0,0.0,0.0,0.0,0.0,0.0,0.0,0.0,0.0,0.0,0.0,0.0,0.0,0.0,0.0,45.79,0.5035,54.21,0.0,8.44
2019-07-24,1924.0,16277.04,0.07,14.02,0.07,0.02,0.0,16277.04,0.0,1924.0,0.0,0.0,0.0,0.0,0.0,0.0,0.0,0.0,0.0,0.0,0.0,0.0,0.0,0.0,0.0,0.0,0.0,0.0,0.0,0.0,0.0,0.0,0.0,45.85,0.5034,54.15,0.0,8.46
2019-07-25,1924.0,16238.56,0.07,14.08,0.07,0.02,0.0,16238.56,0.0,1924.0,0.0,0.0,0.0,0.0,0.0,0.0,0.0,0.0,0.0,0.0,0.0,0.0,0.0,0.0,0.0,0.0,0.0,0.0,0.0,0.0,0.0,0.0,0.0,45.73,0.5036,54.27,0.0,8.44
2019-07-26,1924.0,16238.56,0.07,14.08,0.07,0.02,0.0,16238.56,0.0,1924.0,0.0,0.0,0.0,0.0,0.0,0.0,0.0,0.0,0.0,0.0,0.0,0.0,0.0,0.0,0.0,0.0,0.0,0.0,0.0,0.0,0.0,0.0,0.0,45.79,0.5035,54.21,0.0,8.44
2019-07-29,1924.0,16238.56,0.07,14.08,0.07,0.02,0.0,16238.56,0.0,1924.0,0.0,0.0,0.0,0.0,0.0,0.0,0.0,0.0,0.0,0.0,0.0,0.0,0.0,0.0,0.0,0.0,0.0,0.0,0.0,0.0,0.0,0.0,0.0,45.79,0.5035,54.21,0.0,8.44
2019-07-30,1924.0,16161.6,0.07,14.43,0.07,0.02,0.0,16161.6,0.0,1924.0,0.0,0.0,0.0,0.0,0.0,0.0,0.0,0.0,0.0,0.0,0.0,0.0,0.0,0.0,0.0,0.0,0.0,0.0,0.0,0.0,0.0,0.0,0.0,45.67,0.5037,54.33,0.0,8.4
2019-07-31,1924.0,16238.56,0.07,14.74,0.07,0.02,0.0,16238.56,0.0,1924.0,0.0,0.0,0.0,0.0,0.0,0.0,0.0,0.0,0.0,0.0,0.0,0.0,0.0,0.0,0.0,0.0,0.0,0.0,0.0,0.0,0.0,0.0,0.0,45.91,0.5033,54.09,0.0,8.44
2019-08-01,1924.0,16238.56,0.07,14.31,0.07,0.02,0.0,16238.56,0.0,1924.0,0.0,0.0,0.0,0.0,0.0,0.0,0.0,0.0,0.0,0.0,0.0,0.0,0.0,0.0,0.0,0.0,0.0,0.0,0.0,0.0,0.0,0.0,0.0,45.79,0.5035,54.21,0.0,8.44
2019-08-02,1924.0,16238.56,0.07,14.86,0.07,0.02,0.0,16238.56,0.0,1924.0,0.0,0.0,0.0,0.0,0.0,0.0,0.0,0.0,0.0,0.0,0.0,0.0,0.0,0.0,0.0,0.0,0.0,0.0,0.0,0.0,0.0,0.0,0.0,45.79,0.5035,54.21,0.0,8.44
2019-08-05,1924.0,16123.12,0.07,15.47,0.07,0.02,0.0,16123.12,0.0,1924.0,0.0,0.0,0.0,0.0,0.0,0.0,0.0,0.0,0.0,0.0,0.0,0.0,0.0,0.0,0.0,0.0,0.0,0.0,0.0,0.0,0.0,0.0,0.0,45.61,0.5038,54.39,0.0,8.38
2019-08-06,1924.0,16277.04,0.07,14.29,0.07,0.02,0.0,16277.04,0.0,1924.0,0.0,0.0,0.0,0.0,0.0,0.0,0.0,0.0,0.0,0.0,0.0,0.0,0.0,0.0,0.0,0.0,0.0,0.0,0.0,0.0,0.0,0.0,0.0,46.03,0.5032,53.97,0.0,8.46
2019-08-07,1924.0,15776.8,0.07,12.05,0.07,0.02,0.0,15776.8,0.0,1924.0,0.0,0.0,0.0,0.0,0.0,0.0,0.0,0.0,0.0,0.0,0.0,0.0,0.0,0.0,0.0,0.0,0.0,0.0,0.0,0.0,0.0,0.0,0.0,45.02,0.505,54.98,0.0,8.2
2019-08-08,1924.0,16238.56,0.07,11.42,0.07,0.02,0.0,16238.56,0.0,1924.0,0.0,0.0,0.0,0.0,0.0,0.0,0.0,0.0,0.0,0.0,0.0,0.0,0.0,0.0,0.0,0.0,0.0,0.0,0.0,0.0,0.0,0.0,0.0,46.51,0.5024,53.49,0.0,8.44
2019-08-09,1924.0,16161.6,0.07,11.42,0.07,0.02,0.0,16161.6,0.0,1924.0,0.0,0.0,0.0,0.0,0.0,0.0,0.0,0.0,0.0,0.0,0.0,0.0,0.0,0.0,0.0,0.0,0.0,0.0,0.0,0.0,0.0,0.0,0.0,45.67,0.5037,54.33,0.0,8.4
2019-08-12,1924.0,16161.6,0.07,10.86,0.07,0.02,0.0,16161.6,0.0,1924.0,0.0,0.0,0.0,0.0,0.0,0.0,0.0,0.0,0.0,0.0,0.0,0.0,0.0,0.0,0.0,0.0,0.0,0.0,0.0,0.0,0.0,0.0,0.0,45.79,0.5035,54.21,0.0,8.4
2019-08-13,1924.0,16161.6,0.07,12.12,0.07,0.02,0.0,16161.6,0.0,1924.0,0.0,0.0,0.0,0.0,0.0,0.0,0.0,0.0,0.0,0.0,0.0,0.0,0.0,0.0,0.0,0.0,0.0,0.0,0.0,0.0,0.0,0.0,0.0,45.79,0.5035,54.21,0.0,8.4
2019-08-14,1924.0,16277.04,0.07,12.12,0.07,0.02,0.0,16277.04,0.0,1924.0,0.0,0.0,0.0,0.0,0.0,0.0,0.0,0.0,0.0,0.0,0.0,0.0,0.0,0.0,0.0,0.0,0.0,0.0,0.0,0.0,0.0,0.0,0.0,45.97,0.5033,54.03,0.0,8.46
2019-08-15,1924.0,16277.04,0.07,11.68,0.07,0.02,0.0,16277.04,0.0,1924.0,0.0,0.0,0.0,0.0,0.0,0.0,0.0,0.0,0.0,0.0,0.0,0.0,0.0,0.0,0.0,0.0,0.0,0.0,0.0,0.0,0.0,0.0,0.0,45.79,0.5035,54.21,0.0,8.46
2019-08-16,1924.0,16277.04,0.07,11.29,0.07,0.02,0.0,16277.04,0.0,1924.0,0.0,0.0,0.0,0.0,0.0,0.0,0.0,0.0,0.0,0.0,0.0,0.0,0.0,0.0,0.0,0.0,0.0,0.0,0.0,0.0,0.0,0.0,0.0,45.79,0.5035,54.21,0.0,8.46
2019-08-19,1924.0,16277.04,0.07,11.45,0.07,0.02,0.0,16277.04,0.0,1924.0,0.0,0.0,0.0,0.0,0.0,0.0,0.0,0.0,0.0,0.0,0.0,0.0,0.0,0.0,0.0,0.0,0.0,0.0,0.0,0.0,0.0,0.0,0.0,45.79,0.5035,54.21,0.0,8.46
2019-08-20,1924.0,16277.04,0.07,11.65,0.07,0.02,0.0,16277.04,0.0,1924.0,0.0,0.0,0.0,0.0,0.0,0.0,0.0,0.0,0.0,0.0,0.0,0.0,0.0,0.0,0.0,0.0,0.0,0.0,0.0,0.0,0.0,0.0,0.0,45.79,0.5035,54.21,0.0,8.46
2019-08-21,1924.0,16277.04,0.07,12.04,0.07,0.02,0.0,16277.04,0.0,1924.0,0.0,0.0,0.0,0.0,0.0,0.0,0.0,0.0,0.0,0.0,0.0,0.0,0.0,0.0,0.0,0.0,0.0,0.0,0.0,0.0,0.0,0.0,0.0,45.79,0.5035,54.21,0.0,8.46
2019-08-22,1924.0,16277.04,0.07,12.17,0.07,0.02,0.0,16277.04,0.0,1924.0,0.0,0.0,0.0,0.0,0.0,0.0,0.0,0.0,0.0,0.0,0.0,0.0,0.0,0.0,0.0,0.0,0.0,0.0,0.0,0.0,0.0,0.0,0.0,45.79,0.5035,54.21,0.0,8.46
2019-08-23,1924.0,16277.04,0.07,12.94,0.07,0.02,0.0,16277.04,0.0,1924.0,0.0,0.0,0.0,0.0,0.0,0.0,0.0,0.0,0.0,0.0,0.0,0.0,0.0,0.0,0.0,0.0,0.0,0.0,0.0,0.0,0.0,0.0,0.0,45.79,0.5035,54.21,0.0,8.46
2019-08-26,1924.0,16277.04,0.07,12.94,0.07,0.02,0.0,16277.04,0.0,1924.0,0.0,0.0,0.0,0.0,0.0,0.0,0.0,0.0,0.0,0.0,0.0,0.0,0.0,0.0,0.0,0.0,0.0,0.0,0.0,0.0,0.0,0.0,0.0,45.79,0.5035,54.21,0.0,8.46
2019-08-27,1924.0,16354.0,0.07,11.51,0.07,0.02,0.0,16354.0,0.0,1924.0,0.0,0.0,0.0,0.0,0.0,0.0,0.0,0.0,0.0,0.0,0.0,0.0,0.0,0.0,0.0,0.0,0.0,0.0,0.0,0.0,0.0,0.0,0.0,45.91,0.5034,54.09,0.0,8.5
2019-08-28,1924.0,16392.48,0.07,12.05,0.07,0.02,0.0,16392.48,0.0,1924.0,0.0,0.0,0.0,0.0,0.0,0.0,0.0,0.0,0.0,0.0,0.0,0.0,0.0,0.0,0.0,0.0,0.0,0.0,0.0,0.0,0.0,0.0,0.0,45.85,0.5034,54.15,0.0,8.52
2019-08-29,1924.0,16238.56,0.07,11.7,0.07,0.02,0.0,16238.56,0.0,1924.0,0.0,0.0,0.0,0.0,0.0,0.0,0.0,0.0,0.0,0.0,0.0,0.0,0.0,0.0,0.0,0.0,0.0,0.0,0.0,0.0,0.0,0.0,0.0,45.56,0.5039,54.44,0.0,8.44
2019-08-30,1924.0,16238.56,0.07,10.16,0.07,0.02,0.0,16238.56,0.0,1924.0,0.0,0.0,0.0,0.0,0.0,0.0,0.0,0.0,0.0,0.0,0.0,0.0,0.0,0.0,0.0,0.0,0.0,0.0,0.0,0.0,0.0,0.0,0.0,45.79,0.5035,54.21,0.0,8.44
2019-09-02,1924.0,15776.8,0.07,10.39,0.07,0.02,0.0,15776.8,0.0,1924.0,0.0,0.0,0.0,0.0,0.0,0.0,0.0,0.0,0.0,0.0,0.0,0.0,0.0,0.0,0.0,0.0,0.0,0.0,0.0,0.0,0.0,0.0,0.0,45.07,0.5049,54.93,0.0,8.2
2019-09-03,1924.0,16123.12,0.07,8.66,0.07,0.02,0.0,16123.12,0.0,1924.0,0.0,0.0,0.0,0.0,0.0,0.0,0.0,0.0,0.0,0.0,0.0,0.0,0.0,0.0,0.0,0.0,0.0,0.0,0.0,0.0,0.0,0.0,0.0,46.33,0.5027,53.67,0.0,8.38
2019-09-04,1924.0,16238.56,0.07,8.62,0.07,0.02,0.0,16238.56,0.0,1924.0,0.0,0.0,0.0,0.0,0.0,0.0,0.0,0.0,0.0,0.0,0.0,0.0,0.0,0.0,0.0,0.0,0.0,0.0,0.0,0.0,0.0,0.0,0.0,45.97,0.5033,54.03,0.0,8.44
2019-09-05,1924.0,16238.56,0.07,8.26,0.07,0.02,0.0,16238.56,0.0,1924.0,0.0,0.0,0.0,0.0,0.0,0.0,0.0,0.0,0.0,0.0,0.0,0.0,0.0,0.0,0.0,0.0,0.0,0.0,0.0,0.0,0.0,0.0,0.0,45.79,0.5035,54.21,0.0,8.44
2019-09-06,1924.0,16238.56,0.07,8.01,0.07,0.02,0.0,16238.56,0.0,1924.0,0.0,0.0,0.0,0.0,0.0,0.0,0.0,0.0,0.0,0.0,0.0,0.0,0.0,0.0,0.0,0.0,0.0,0.0,0.0,0.0,0.0,0.0,0.0,45.79,0.5035,54.21,0.0,8.44
2019-09-09,1924.0,16238.56,0.07,7.9,0.07,0.02,0.0,16238.56,0.0,1924.0,0.0,0.0,0.0,0.0,0.0,0.0,0.0,0.0,0.0,0.0,0.0,0.0,0.0,0.0,0.0,0.0,0.0,0.0,0.0,0.0,0.0,0.0,0.0,45.79,0.5035,54.21,0.0,8.44
2019-09-10,1924.0,16200.08,0.07,7.89,0.07,0.02,0.0,16200.08,0.0,1924.0,0.0,0.0,0.0,0.0,0.0,0.0,0.0,0.0,0.0,0.0,0.0,0.0,0.0,0.0,0.0,0.0,0.0,0.0,0.0,0.0,0.0,0.0,0.0,45.73,0.5036,54.27,0.0,8.42
2019-09-11,1924.0,16200.08,0.07,8.83,0.07,0.02,0.0,16200.08,0.0,1924.0,0.0,0.0,0.0,0.0,0.0,0.0,0.0,0.0,0.0,0.0,0.0,0.0,0.0,0.0,0.0,0.0,0.0,0.0,0.0,0.0,0.0,0.0,0.0,45.79,0.5035,54.21,0.0,8.42
2019-09-12,1924.0,16123.12,0.07,8.74,0.07,0.02,0.0,16123.12,0.0,1924.0,0.0,0.0,0.0,0.0,0.0,0.0,0.0,0.0,0.0,0.0,0.0,0.0,0.0,0.0,0.0,0.0,0.0,0.0,0.0,0.0,0.0,0.0,0.0,45.67,0.5037,54.33,0.0,8.38
2019-09-13,1924.0,16200.08,0.07,8.5,0.07,0.02,0.0,16200.08,0.0,1924.0,0.0,0.0,0.0,0.0,0.0,0.0,0.0,0.0,0.0,0.0,0.0,0.0,0.0,0.0,0.0,0.0,0.0,0.0,0.0,0.0,0.0,0.0,0.0,45.91,0.5033,54.09,0.0,8.42
2019-09-16,1924.0,16200.08,0.07,8.21,0.07,0.02,0.0,16200.08,0.0,1924.0,0.0,0.0,0.0,0.0,0.0,0.0,0.0,0.0,0.0,0.0,0.0,0.0,0.0,0.0,0.0,0.0,0.0,0.0,0.0,0.0,0.0,0.0,0.0,45.79,0.5035,54.21,0.0,8.42
2019-09-17,1924.0,16200.08,0.07,8.44,0.07,0.02,0.0,16200.08,0.0,1924.0,0.0,0.0,0.0,0.0,0.0,0.0,0.0,0.0,0.0,0.0,0.0,0.0,0.0,0.0,0.0,0.0,0.0,0.0,0.0,0.0,0.0,0.0,0.0,45.79,0.5035,54.21,0.0,8.42
2019-09-18,1924.0,16200.08,0.07,9.87,0.07,0.02,0.0,16200.08,0.0,1924.0,0.0,0.0,0.0,0.0,0.0,0.0,0.0,0.0,0.0,0.0,0.0,0.0,0.0,0.0,0.0,0.0,0.0,0.0,0.0,0.0,0.0,0.0,0.0,45.79,0.5035,54.21,0.0,8.42
2019-09-19,1924.0,16200.08,0.07,10.4,0.07,0.02,0.0,16200.08,0.0,1924.0,0.0,0.0,0.0,0.0,0.0,0.0,0.0,0.0,0.0,0.0,0.0,0.0,0.0,0.0,0.0,0.0,0.0,0.0,0.0,0.0,0.0,0.0,0.0,45.79,0.5035,54.21,0.0,8.42
2019-09-20,1924.0,16200.08,0.07,10.4,0.07,0.02,0.0,16200.08,0.0,1924.0,0.0,0.0,0.0,0.0,0.0,0.0,0.0,0.0,0.0,0.0,0.0,0.0,0.0,0.0,0.0,0.0,0.0,0.0,0.0,0.0,0.0,0.0,0.0,45.79,0.5035,54.21,0.0,8.42
2019-09-23,1924.0,16161.6,0.07,10.49,0.07,0.02,0.0,16161.6,0.0,1924.0,0.0,0.0,0.0,0.0,0.0,0.0,0.0,0.0,0.0,0.0,0.0,0.0,0.0,0.0,0.0,0.0,0.0,0.0,0.0,0.0,0.0,0.0,0.0,45.73,0.5036,54.27,0.0,8.4
2019-09-24,1924.0,16200.08,0.07,10.34,0.07,0.02,0.0,16200.08,0.0,1924.0,0.0,0.0,0.0,0.0,0.0,0.0,0.0,0.0,0.0,0.0,0.0,0.0,0.0,0.0,0.0,0.0,0.0,0.0,0.0,0.0,0.0,0.0,0.0,45.85,0.5034,54.15,0.0,8.42
2019-09-25,1924.0,16161.6,0.07,9.53,0.07,0.02,0.0,16161.6,0.0,1924.0,0.0,0.0,0.0,0.0,0.0,0.0,0.0,0.0,0.0,0.0,0.0,0.0,0.0,0.0,0.0,0.0,0.0,0.0,0.0,0.0,0.0,0.0,0.0,45.73,0.5036,54.27,0.0,8.4
2019-09-26,1924.0,16161.6,0.07,9.82,0.07,0.02,0.0,16161.6,0.0,1924.0,0.0,0.0,0.0,0.0,0.0,0.0,0.0,0.0,0.0,0.0,0.0,0.0,0.0,0.0,0.0,0.0,0.0,0.0,0.0,0.0,0.0,0.0,0.0,45.79,0.5035,54.21,0.0,8.4
2019-09-27,1924.0,16200.08,0.07,10.12,0.07,0.02,0.0,16200.08,0.0,1924.0,0.0,0.0,0.0,0.0,0.0,0.0,0.0,0.0,0.0,0.0,0.0,0.0,0.0,0.0,0.0,0.0,0.0,0.0,0.0,0.0,0.0,0.0,0.0,45.85,0.5034,54.15,0.0,8.42
2019-09-30,1924.0,16161.6,0.07,9.44,0.07,0.02,0.0,16161.6,0.0,1924.0,0.0,0.0,0.0,0.0,0.0,0.0,0.0,0.0,0.0,0.0,0.0,0.0,0.0,0.0,0.0,0.0,0.0,0.0,0.0,0.0,0.0,0.0,0.0,45.73,0.5036,54.27,0.0,8.4
2019-10-01,1924.0,16277.04,0.07,9.28,0.07,0.02,0.0,16277.04,0.0,1924.0,0.0,0.0,0.0,0.0,0.0,0.0,0.0,0.0,0.0,0.0,0.0,0.0,0.0,0.0,0.0,0.0,0.0,0.0,0.0,0.0,0.0,0.0,0.0,45.97,0.5033,54.03,0.0,8.46
2019-10-02,1924.0,16392.48,0.07,9.28,0.07,0.02,0.0,16392.48,0.0,1924.0,0.0,0.0,0.0,0.0,0.0,0.0,0.0,0.0,0.0,0.0,0.0,0.0,0.0,0.0,0.0,0.0,0.0,0.0,0.0,0.0,0.0,0.0,0.0,45.97,0.5033,54.03,0.0,8.52
2019-10-03,1924.0,16161.6,0.07,8.85,0.07,0.02,0.0,16161.6,0.0,1924.0,0.0,0.0,0.0,0.0,0.0,0.0,0.0,0.0,0.0,0.0,0.0,0.0,0.0,0.0,0.0,0.0,0.0,0.0,0.0,0.0,0.0,0.0,0.0,45.44,0.5042,54.56,0.0,8.4
2019-10-04,1924.0,16161.6,0.07,8.65,0.07,0.02,0.0,16161.6,0.0,1924.0,0.0,0.0,0.0,0.0,0.0,0.0,0.0,0.0,0.0,0.0,0.0,0.0,0.0,0.0,0.0,0.0,0.0,0.0,0.0,0.0,0.0,0.0,0.0,45.79,0.5035,54.21,0.0,8.4
2019-10-07,1924.0,16200.08,0.07,8.37,0.07,0.02,0.0,16200.08,0.0,1924.0,0.0,0.0,0.0,0.0,0.0,0.0,0.0,0.0,0.0,0.0,0.0,0.0,0.0,0.0,0.0,0.0,0.0,0.0,0.0,0.0,0.0,0.0,0.0,45.85,0.5034,54.15,0.0,8.42
2019-10-08,1924.0,16161.6,0.07,8.96,0.07,0.02,0.0,16161.6,0.0,1924.0,0.0,0.0,0.0,0.0,0.0,0.0,0.0,0.0,0.0,0.0,0.0,0.0,0.0,0.0,0.0,0.0,0.0,0.0,0.0,0.0,0.0,0.0,0.0,45.73,0.5036,54.27,0.0,8.4
2019-10-09,1924.0,16238.56,0.07,9.05,0.07,0.02,0.0,16238.56,0.0,1924.0,0.0,0.0,0.0,0.0,0.0,0.0,0.0,0.0,0.0,0.0,0.0,0.0,0.0,0.0,0.0,0.0,0.0,0.0,0.0,0.0,0.0,0.0,0.0,45.91,0.5033,54.09,0.0,8.44
2019-10-10,1924.0,16161.6,0.07,9.26,0.07,0.02,0.0,16161.6,0.0,1924.0,0.0,0.0,0.0,0.0,0.0,0.0,0.0,0.0,0.0,0.0,0.0,0.0,0.0,0.0,0.0,0.0,0.0,0.0,0.0,0.0,0.0,0.0,0.0,45.67,0.5037,54.33,0.0,8.4
2019-10-11,1924.0,16392.48,0.07,10.16,0.07,0.02,0.0,16392.48,0.0,1924.0,0.0,0.0,0.0,0.0,0.0,0.0,0.0,0.0,0.0,0.0,0.0,0.0,0.0,0.0,0.0,0.0,0.0,0.0,0.0,0.0,0.0,0.0,0.0,46.14,0.503,53.86,0.0,8.52
2019-10-14,1924.0,16546.4,0.07,8.83,0.07,0.02,0.0,16546.4,0.0,1924.0,0.0,0.0,0.0,0.0,0.0,0.0,0.0,0.0,0.0,0.0,0.0,0.0,0.0,0.0,0.0,0.0,0.0,0.0,0.0,0.0,0.0,0.0,0.0,46.02,0.5032,53.98,0.0,8.6
2019-10-15,1924.0,16546.4,0.07,10.37,0.07,0.02,0.0,16546.4,0.0,1924.0,0.0,0.0,0.0,0.0,0.0,0.0,0.0,0.0,0.0,0.0,0.0,0.0,0.0,0.0,0.0,0.0,0.0,0.0,0.0,0.0,0.0,0.0,0.0,45.79,0.5035,54.21,0.0,8.6
2019-10-16,1924.0,16700.32,0.07,10.08,0.07,0.02,0.0,16700.32,0.0,1924.0,0.0,0.0,0.0,0.0,0.0,0.0,0.0,0.0,0.0,0.0,0.0,0.0,0.0,0.0,0.0,0.0,0.0,0.0,0.0,0.0,0.0,0.0,0.0,46.02,0.5032,53.98,0.0,8.68
2019-10-17,1924.0,17277.52,0.07,10.49,0.07,0.02,0.0,17277.52,0.0,1924.0,0.0,0.0,0.0,0.0,0.0,0.0,0.0,0.0,0.0,0.0,0.0,0.0,0.0,0.0,0.0,0.0,0.0,0.0,0.0,0.0,0.0,0.0,0.0,46.63,0.5023,53.37,0.0,8.98
2019-10-18,1924.0,18470.4,0.07,10.02,0.07,0.02,0.0,18470.4,0.0,1924.0,0.0,0.0,0.0,0.0,0.0,0.0,0.0,0.0,0.0,0.0,0.0,0.0,0.0,0.0,0.0,0.0,0.0,0.0,0.0,0.0,0.0,0.0,0.0,47.45,0.5013,52.55,0.0,9.6
2019-10-21,1924.0,18701.28,0.07,7.46,0.07,0.02,0.0,18701.28,0.0,1924.0,0.0,0.0,0.0,0.0,0.0,0.0,0.0,0.0,0.0,0.0,0.0,0.0,0.0,0.0,0.0,0.0,0.0,0.0,0.0,0.0,0.0,0.0,0.0,46.1,0.503,53.9,0.0,9.72
2019-10-22,1924.0,19009.12,0.07,7.14,0.07,0.02,0.0,19009.12,0.0,1924.0,0.0,0.0,0.0,0.0,0.0,0.0,0.0,0.0,0.0,0.0,0.0,0.0,0.0,0.0,0.0,0.0,0.0,0.0,0.0,0.0,0.0,0.0,0.0,46.2,0.5029,53.8,0.0,9.88
2019-10-23,1924.0,19009.12,0.07,6.77,0.07,0.02,0.0,19009.12,0.0,1924.0,0.0,0.0,0.0,0.0,0.0,0.0,0.0,0.0,0.0,0.0,0.0,0.0,0.0,0.0,0.0,0.0,0.0,0.0,0.0,0.0,0.0,0.0,0.0,45.79,0.5035,54.21,0.0,9.88
2019-10-24,1924.0,19124.56,0.07,6.93,0.07,0.02,0.0,19124.56,0.0,1924.0,0.0,0.0,0.0,0.0,0.0,0.0,0.0,0.0,0.0,0.0,0.0,0.0,0.0,0.0,0.0,0.0,0.0,0.0,0.0,0.0,0.0,0.0,0.0,45.94,0.5033,54.06,0.0,9.94
2019-10-25,1924.0,18278.0,0.07,6.76,0.07,0.02,0.0,18278.0,0.0,1924.0,0.0,0.0,0.0,0.0,0.0,0.0,0.0,0.0,0.0,0.0,0.0,0.0,0.0,0.0,0.0,0.0,0.0,0.0,0.0,0.0,0.0,0.0,0.0,44.67,0.5057,55.33,0.0,9.5
2019-10-28,1924.0,17893.2,0.07,6.91,0.07,0.02,0.0,17893.2,0.0,1924.0,0.0,0.0,0.0,0.0,0.0,0.0,0.0,0.0,0.0,0.0,0.0,0.0,0.0,0.0,0.0,0.0,0.0,0.0,0.0,0.0,0.0,0.0,0.0,45.26,0.5045,54.74,0.0,9.3
2019-10-29,1924.0,19009.12,0.07,5.88,0.07,0.02,0.0,19009.12,0.0,1924.0,0.0,0.0,0.0,0.0,0.0,0.0,0.0,0.0,0.0,0.0,0.0,0.0,0.0,0.0,0.0,0.0,0.0,0.0,0.0,0.0,0.0,0.0,0.0,47.3,0.5015,52.7,0.0,9.88
2019-10-30,1924.0,21933.6,0.07,5.78,0.07,0.02,0.0,21933.6,0.0,1924.0,0.0,0.0,0.0,0.0,0.0,0.0,0.0,0.0,0.0,0.0,0.0,0.0,0.0,0.0,0.0,0.0,0.0,0.0,0.0,0.0,0.0,0.0,0.0,49.36,0.5001,50.64,0.0,11.4
2019-10-31,1924.0,22607.0,0.07,1.98,0.07,0.02,0.0,22607.0,0.0,1924.0,0.0,0.0,0.0,0.0,0.0,0.0,0.0,0.0,0.0,0.0,0.0,0.0,0.0,0.0,0.0,0.0,0.0,0.0,0.0,0.0,0.0,0.0,0.0,46.54,0.5024,53.46,0.0,11.75
2019-11-01,1924.0,22607.0,0.07,1.89,0.07,0.02,0.0,22607.0,0.0,1924.0,0.0,0.0,0.0,0.0,0.0,0.0,0.0,0.0,0.0,0.0,0.0,0.0,0.0,0.0,0.0,0.0,0.0,0.0,0.0,0.0,0.0,0.0,0.0,45.79,0.5035,54.21,0.0,11.75
2019-11-04,1924.0,24146.2,0.07,1.66,0.07,0.02,0.0,24146.2,0.0,1924.0,0.0,0.0,0.0,0.0,0.0,0.0,0.0,0.0,0.0,0.0,0.0,0.0,0.0,0.0,0.0,0.0,0.0,0.0,0.0,0.0,0.0,0.0,0.0,47.43,0.5013,52.57,0.0,12.55
2019-11-05,1924.0,25396.8,0.07,1.45,0.07,0.02,0.0,25396.8,0.0,1924.0,0.0,0.0,0.0,0.0,0.0,0.0,0.0,0.0,0.0,0.0,0.0,0.0,0.0,0.0,0.0,0.0,0.0,0.0,0.0,0.0,0.0,0.0,0.0,47.05,0.5017,52.95,0.0,13.2
2019-11-06,1924.0,24915.8,0.07,1.31,0.07,0.03,0.0,24915.8,0.0,1924.0,0.0,0.0,0.0,0.0,0.0,0.0,0.0,0.0,0.0,0.0,0.0,0.0,0.0,0.0,0.0,0.0,0.0,0.0,0.0,0.0,0.0,0.0,0.0,45.32,0.5044,54.68,0.0,12.95
2019-11-07,1924.0,24915.8,0.07,1.27,0.07,0.02,0.0,24915.8,0.0,1924.0,0.0,0.0,0.0,0.0,0.0,0.0,0.0,0.0,0.0,0.0,0.0,0.0,0.0,0.0,0.0,0.0,0.0,0.0,0.0,0.0,0.0,0.0,0.0,45.79,0.5035,54.21,0.0,12.95
2019-11-08,1924.0,24723.4,0.07,1.23,0.07,0.02,0.0,24723.4,0.0,1924.0,0.0,0.0,0.0,0.0,0.0,0.0,0.0,0.0,0.0,0.0,0.0,0.0,0.0,0.0,0.0,0.0,0.0,0.0,0.0,0.0,0.0,0.0,0.0,45.6,0.5039,54.4,0.0,12.85
2019-11-11,1924.0,25012.0,0.07,1.24,0.07,0.02,0.0,25012.0,0.0,1924.0,0.0,0.0,0.0,0.0,0.0,0.0,0.0,0.0,0.0,0.0,0.0,0.0,0.0,0.0,0.0,0.0,0.0,0.0,0.0,0.0,0.0,0.0,0.0,46.08,0.5031,53.92,0.0,13.0
2019-11-12,1924.0,24723.4,0.07,1.22,0.07,0.02,0.0,24723.4,0.0,1924.0,0.0,0.0,0.0,0.0,0.0,0.0,0.0,0.0,0.0,0.0,0.0,0.0,0.0,0.0,0.0,0.0,0.0,0.0,0.0,0.0,0.0,0.0,0.0,45.5,0.504,54.5,0.0,12.85
2019-11-13,1924.0,24915.8,0.07,1.14,0.07,0.02,0.0,24915.8,0.0,1924.0,0.0,0.0,0.0,0.0,0.0,0.0,0.0,0.0,0.0,0.0,0.0,0.0,0.0,0.0,0.0,0.0,0.0,0.0,0.0,0.0,0.0,0.0,0.0,45.98,0.5032,54.02,0.0,12.95
2019-11-14,1924.0,24915.8,0.07,1.14,0.07,0.02,0.0,24915.8,0.0,1924.0,0.0,0.0,0.0,0.0,0.0,0.0,0.0,0.0,0.0,0.0,0.0,0.0,0.0,0.0,0.0,0.0,0.0,0.0,0.0,0.0,0.0,0.0,0.0,45.79,0.5035,54.21,0.0,12.95
2019-11-15,1924.0,24627.2,0.07,1.13,0.07,0.02,0.0,24627.2,0.0,1924.0,0.0,0.0,0.0,0.0,0.0,0.0,0.0,0.0,0.0,0.0,0.0,0.0,0.0,0.0,0.0,0.0,0.0,0.0,0.0,0.0,0.0,0.0,0.0,45.5,0.504,54.5,0.0,12.8
2019-11-18,1924.0,24627.2,0.07,1.1,0.07,0.02,0.0,24627.2,0.0,1924.0,0.0,0.0,0.0,0.0,0.0,0.0,0.0,0.0,0.0,0.0,0.0,0.0,0.0,0.0,0.0,0.0,0.0,0.0,0.0,0.0,0.0,0.0,0.0,45.79,0.5035,54.21,0.0,12.8
2019-11-19,1924.0,23376.6,0.07,1.06,0.07,0.02,0.0,23376.6,0.0,1924.0,0.0,0.0,0.0,0.0,0.0,0.0,0.0,0.0,0.0,0.0,0.0,0.0,0.0,0.0,0.0,0.0,0.0,0.0,0.0,0.0,0.0,0.0,0.0,44.5,0.5061,55.5,0.0,12.15
2019-11-20,1924.0,23665.2,0.07,1.04,0.07,0.02,0.0,23665.2,0.0,1924.0,0.0,0.0,0.0,0.0,0.0,0.0,0.0,0.0,0.0,0.0,0.0,0.0,0.0,0.0,0.0,0.0,0.0,0.0,0.0,0.0,0.0,0.0,0.0,46.09,0.5031,53.91,0.0,12.3
2019-11-21,1924.0,23857.6,0.07,0.98,0.07,0.02,0.0,23857.6,0.0,1924.0,0.0,0.0,0.0,0.0,0.0,0.0,0.0,0.0,0.0,0.0,0.0,0.0,0.0,0.0,0.0,0.0,0.0,0.0,0.0,0.0,0.0,0.0,0.0,45.99,0.5032,54.01,0.0,12.4
2019-11-22,1924.0,23857.6,0.07,0.96,0.07,0.02,0.0,23857.6,0.0,1924.0,0.0,0.0,0.0,0.0,0.0,0.0,0.0,0.0,0.0,0.0,0.0,0.0,0.0,0.0,0.0,0.0,0.0,0.0,0.0,0.0,0.0,0.0,0.0,45.79,0.5035,54.21,0.0,12.4
2019-11-25,1924.0,23857.6,0.07,0.97,0.07,0.02,0.0,23857.6,0.0,1924.0,0.0,0.0,0.0,0.0,0.0,0.0,0.0,0.0,0.0,0.0,0.0,0.0,0.0,0.0,0.0,0.0,0.0,0.0,0.0,0.0,0.0,0.0,0.0,45.79,0.5035,54.21,0.0,12.4
2019-11-26,1924.0,23280.4,0.07,0.96,0.07,0.02,0.0,23280.4,0.0,1924.0,0.0,0.0,0.0,0.0,0.0,0.0,0.0,0.0,0.0,0.0,0.0,0.0,0.0,0.0,0.0,0.0,0.0,0.0,0.0,0.0,0.0,0.0,0.0,45.18,0.5046,54.82,0.0,12.1
2019-11-27,1924.0,22607.0,0.07,0.93,0.07,0.02,0.0,22607.0,0.0,1924.0,0.0,0.0,0.0,0.0,0.0,0.0,0.0,0.0,0.0,0.0,0.0,0.0,0.0,0.0,0.0,0.0,0.0,0.0,0.0,0.0,0.0,0.0,0.0,45.06,0.5049,54.94,0.0,11.75
2019-11-28,1924.0,23953.8,0.07,0.87,0.07,0.02,0.0,23953.8,0.0,1924.0,0.0,0.0,0.0,0.0,0.0,0.0,0.0,0.0,0.0,0.0,0.0,0.0,0.0,0.0,0.0,0.0,0.0,0.0,0.0,0.0,0.0,0.0,0.0,47.23,0.5015,52.77,0.0,12.45
2019-11-29,1924.0,24050.0,0.07,0.87,0.07,0.02,0.0,24050.0,0.0,1924.0,0.0,0.0,0.0,0.0,0.0,0.0,0.0,0.0,0.0,0.0,0.0,0.0,0.0,0.0,0.0,0.0,0.0,0.0,0.0,0.0,0.0,0.0,0.0,45.89,0.5034,54.11,0.0,12.5
2019-12-02,1924.0,24338.6,0.07,0.89,0.07,0.02,0.0,24338.6,0.0,1924.0,0.0,0.0,0.0,0.0,0.0,0.0,0.0,0.0,0.0,0.0,0.0,0.0,0.0,0.0,0.0,0.0,0.0,0.0,0.0,0.0,0.0,0.0,0.0,46.09,0.5031,53.91,0.0,12.65
2019-12-03,1924.0,24050.0,0.07,0.88,0.07,0.02,0.0,24050.0,0.0,1924.0,0.0,0.0,0.0,0.0,0.0,0.0,0.0,0.0,0.0,0.0,0.0,0.0,0.0,0.0,0.0,0.0,0.0,0.0,0.0,0.0,0.0,0.0,0.0,45.49,0.5041,54.51,0.0,12.5
2019-12-04,1924.0,23569.0,0.07,0.89,0.07,0.02,0.0,23569.0,0.0,1924.0,0.0,0.0,0.0,0.0,0.0,0.0,0.0,0.0,0.0,0.0,0.0,0.0,0.0,0.0,0.0,0.0,0.0,0.0,0.0,0.0,0.0,0.0,0.0,45.29,0.5044,54.71,0.0,12.25
2019-12-05,1924.0,23569.0,0.07,0.85,0.07,0.02,0.0,23569.0,0.0,1924.0,0.0,0.0,0.0,0.0,0.0,0.0,0.0,0.0,0.0,0.0,0.0,0.0,0.0,0.0,0.0,0.0,0.0,0.0,0.0,0.0,0.0,0.0,0.0,45.79,0.5035,54.21,0.0,12.25
2019-12-06,1924.0,23761.4,0.07,0.85,0.07,0.02,0.0,23761.4,0.0,1924.0,0.0,0.0,0.0,0.0,0.0,0.0,0.0,0.0,0.0,0.0,0.0,0.0,0.0,0.0,0.0,0.0,0.0,0.0,0.0,0.0,0.0,0.0,0.0,45.99,0.5032,54.01,0.0,12.35
2019-12-09,1924.0,24050.0,0.07,0.85,0.07,0.02,0.0,24050.0,0.0,1924.0,0.0,0.0,0.0,0.0,0.0,0.0,0.0,0.0,0.0,0.0,0.0,0.0,0.0,0.0,0.0,0.0,0.0,0.0,0.0,0.0,0.0,0.0,0.0,46.09,0.5031,53.91,0.0,12.5
2019-12-10,1924.0,23953.8,0.07,0.87,0.07,0.02,0.0,23953.8,0.0,1924.0,0.0,0.0,0.0,0.0,0.0,0.0,0.0,0.0,0.0,0.0,0.0,0.0,0.0,0.0,0.0,0.0,0.0,0.0,0.0,0.0,0.0,0.0,0.0,45.69,0.5037,54.31,0.0,12.45
2019-12-11,1906.0,23634.4,0.07,0.86,0.07,0.02,0.0,23634.4,0.0,1906.0,0.0,0.0,0.0,0.0,0.0,0.0,0.0,0.0,0.0,0.0,0.0,0.0,0.0,0.0,18.0,0.0,0.0,0.0,0.0,0.0,0.0,0.0,0.0,46.12,0.503,53.88,0.0,12.4
2019-12-12,1906.0,24587.4,0.07,1.2,0.07,0.02,0.0,24587.4,0.0,1906.0,0.0,0.0,0.0,0.0,0.0,0.0,0.0,0.0,0.0,0.0,0.0,0.0,0.0,0.0,0.0,0.0,0.0,0.0,0.0,0.0,0.0,0.0,0.0,47.21,0.5016,52.79,0.0,12.9
2019-12-13,1906.0,25540.4,0.07,0.99,0.07,0.03,0.0,25540.4,0.0,1906.0,0.0,0.0,0.0,0.0,0.0,0.0,0.0,0.0,0.0,0.0,0.0,0.0,0.0,0.0,0.0,0.0,0.0,0.0,0.0,0.0,0.0,0.0,0.0,47.17,0.5016,52.83,0.0,13.4
2019-12-16,1906.0,26302.8,0.07,0.94,0.07,0.03,0.0,26302.8,0.0,1906.0,0.0,0.0,0.0,0.0,0.0,0.0,0.0,0.0,0.0,0.0,0.0,0.0,0.0,0.0,0.0,0.0,0.0,0.0,0.0,0.0,0.0,0.0,0.0,46.95,0.5019,53.05,0.0,13.8
2019-12-17,1906.0,25731.0,0.07,1.01,0.07,0.03,0.0,25731.0,0.0,1906.0,0.0,0.0,0.0,0.0,0.0,0.0,0.0,0.0,0.0,0.0,0.0,0.0,0.0,0.0,0.0,0.0,0.0,0.0,0.0,0.0,0.0,0.0,0.0,45.68,0.5037,54.32,0.0,13.5
2019-12-18,1906.0,26493.4,0.07,1.09,0.07,0.03,0.0,26493.4,0.0,1906.0,0.0,0.0,0.0,0.0,0.0,0.0,0.0,0.0,0.0,0.0,0.0,0.0,0.0,0.0,0.0,0.0,0.0,0.0,0.0,0.0,0.0,0.0,0.0,46.95,0.5019,53.05,0.0,13.9
2019-12-19,1906.0,26493.4,0.07,1.06,0.07,0.03,0.0,26493.4,0.0,1906.0,0.0,0.0,0.0,0.0,0.0,0.0,0.0,0.0,0.0,0.0,0.0,0.0,0.0,0.0,0.0,0.0,0.0,0.0,0.0,0.0,0.0,0.0,0.0,46.22,0.5029,53.78,0.0,13.9
2019-12-20,1906.0,26207.5,0.07,1.08,0.07,0.03,0.0,26207.5,0.0,1906.0,0.0,0.0,0.0,0.0,0.0,0.0,0.0,0.0,0.0,0.0,0.0,0.0,0.0,0.0,0.0,0.0,0.0,0.0,0.0,0.0,0.0,0.0,0.0,45.95,0.5033,54.05,0.0,13.75
2019-12-23,1906.0,26112.2,0.07,1.08,0.07,0.03,0.0,26112.2,0.0,1906.0,0.0,0.0,0.0,0.0,0.0,0.0,0.0,0.0,0.0,0.0,0.0,0.0,0.0,0.0,0.0,0.0,0.0,0.0,0.0,0.0,0.0,0.0,0.0,46.13,0.503,53.87,0.0,13.7
2019-12-24,1906.0,26112.2,0.07,1.1,0.07,0.03,0.0,26112.2,0.0,1906.0,0.0,0.0,0.0,0.0,0.0,0.0,0.0,0.0,0.0,0.0,0.0,0.0,0.0,0.0,0.0,0.0,0.0,0.0,0.0,0.0,0.0,0.0,0.0,46.22,0.5029,53.78,0.0,13.7
2019-12-25,1906.0,26112.2,0.07,1.1,0.07,0.03,0.0,26112.2,0.0,1906.0,0.0,0.0,0.0,0.0,0.0,0.0,0.0,0.0,0.0,0.0,0.0,0.0,0.0,0.0,0.0,0.0,0.0,0.0,0.0,0.0,0.0,0.0,0.0,46.22,0.5029,53.78,0.0,0.0
2019-12-26,1906.0,26112.2,0.07,1.1,0.07,0.03,0.0,26112.2,0.0,1906.0,0.0,0.0,0.0,0.0,0.0,0.0,0.0,0.0,0.0,0.0,0.0,0.0,0.0,0.0,0.0,0.0,0.0,0.0,0.0,0.0,0.0,0.0,0.0,46.22,0.5029,53.78,0.0,0.0
2019-12-27,1906.0,26302.8,0.07,1.1,0.07,0.03,0.0,26302.8,0.0,1906.0,0.0,0.0,0.0,0.0,0.0,0.0,0.0,0.0,0.0,0.0,0.0,0.0,0.0,0.0,0.0,0.0,0.0,0.0,0.0,0.0,0.0,0.0,0.0,46.4,0.5026,53.6,0.0,13.8
2019-12-30,1906.0,26207.5,0.07,1.06,0.07,0.03,0.0,26207.5,0.0,1906.0,0.0,0.0,0.0,0.0,0.0,0.0,0.0,0.0,0.0,0.0,0.0,0.0,0.0,0.0,0.0,0.0,0.0,0.0,0.0,0.0,0.0,0.0,0.0,46.13,0.503,53.87,0.0,13.75
2019-12-31,1906.0,26493.4,0.07,1.05,0.07,0.03,0.0,26493.4,0.0,1906.0,0.0,0.0,0.0,0.0,0.0,0.0,0.0,0.0,0.0,0.0,0.0,0.0,0.0,0.0,0.0,0.0,0.0,0.0,0.0,0.0,0.0,0.0,0.0,46.49,0.5025,53.51,0.0,13.9
2020-01-01,1906.0,26493.4,0.07,1.06,0.07,0.03,0.0,26493.4,0.0,1906.0,0.0,0.0,0.0,0.0,0.0,0.0,0.0,0.0,0.0,0.0,0.0,0.0,0.0,0.0,0.0,0.0,0.0,0.0,0.0,0.0,0.0,0.0,0.0,46.49,0.5025,53.51,0.0,0.0
2020-01-02,1906.0,26207.5,0.07,1.06,0.07,0.03,0.0,26207.5,0.0,1906.0,0.0,0.0,0.0,0.0,0.0,0.0,0.0,0.0,0.0,0.0,0.0,0.0,0.0,0.0,0.0,0.0,0.0,0.0,0.0,0.0,0.0,0.0,0.0,45.95,0.5033,54.05,0.0,13.75
2020-01-03,1906.0,26398.1,0.07,1.1,0.07,0.03,0.0,26398.1,0.0,1906.0,0.0,0.0,0.0,0.0,0.0,0.0,0.0,0.0,0.0,0.0,0.0,0.0,0.0,0.0,0.0,0.0,0.0,0.0,0.0,0.0,0.0,0.0,0.0,46.4,0.5026,53.6,0.0,13.85
2020-01-06,1906.0,26398.1,0.07,1.12,0.07,0.03,0.0,26398.1,0.0,1906.0,0.0,0.0,0.0,0.0,0.0,0.0,0.0,0.0,0.0,0.0,0.0,0.0,0.0,0.0,0.0,0.0,0.0,0.0,0.0,0.0,0.0,0.0,0.0,46.22,0.5029,53.78,0.0,13.85
2020-01-07,1906.0,25921.6,0.07,1.2,0.07,0.03,0.0,25921.6,0.0,1906.0,0.0,0.0,0.0,0.0,0.0,0.0,0.0,0.0,0.0,0.0,0.0,0.0,0.0,0.0,0.0,0.0,0.0,0.0,0.0,0.0,0.0,0.0,0.0,45.77,0.5036,54.23,0.0,13.6
2020-01-08,1906.0,26207.5,0.07,1.19,0.07,0.03,0.0,26207.5,0.0,1906.0,0.0,0.0,0.0,0.0,0.0,0.0,0.0,0.0,0.0,0.0,0.0,0.0,0.0,0.0,0.0,0.0,0.0,0.0,0.0,0.0,0.0,0.0,0.0,46.5,0.5025,53.5,0.0,13.75
2020-01-09,1906.0,25921.6,0.07,1.2,0.07,0.03,0.0,25921.6,0.0,1906.0,0.0,0.0,0.0,0.0,0.0,0.0,0.0,0.0,0.0,0.0,0.0,0.0,0.0,0.0,0.0,0.0,0.0,0.0,0.0,0.0,0.0,0.0,0.0,45.95,0.5033,54.05,0.0,13.6
2020-01-10,1906.0,25731.0,0.07,1.16,0.07,0.03,0.0,25731.0,0.0,1906.0,0.0,0.0,0.0,0.0,0.0,0.0,0.0,0.0,0.0,0.0,0.0,0.0,0.0,0.0,0.0,0.0,0.0,0.0,0.0,0.0,0.0,0.0,0.0,46.04,0.5031,53.96,0.0,13.5
2020-01-13,1906.0,26207.5,0.07,1.21,0.07,0.03,0.0,26207.5,0.0,1906.0,0.0,0.0,0.0,0.0,0.0,0.0,0.0,0.0,0.0,0.0,0.0,0.0,0.0,0.0,0.0,0.0,0.0,0.0,0.0,0.0,0.0,0.0,0.0,46.68,0.5022,53.32,0.0,13.75
2020-01-14,1906.0,26493.4,0.07,1.3,0.07,0.03,0.0,26493.4,0.0,1906.0,0.0,0.0,0.0,0.0,0.0,0.0,0.0,0.0,0.0,0.0,0.0,0.0,0.0,0.0,0.0,0.0,0.0,0.0,0.0,0.0,0.0,0.0,0.0,46.49,0.5025,53.51,0.0,13.9
2020-01-15,1906.0,26398.1,0.07,1.28,0.07,0.03,0.0,26398.1,0.0,1906.0,0.0,0.0,0.0,0.0,0.0,0.0,0.0,0.0,0.0,0.0,0.0,0.0,0.0,0.0,0.0,0.0,0.0,0.0,0.0,0.0,0.0,0.0,0.0,46.13,0.503,53.87,0.0,13.85
2020-01-16,1906.0,26398.1,0.07,1.29,0.07,0.03,0.0,26398.1,0.0,1906.0,0.0,0.0,0.0,0.0,0.0,0.0,0.0,0.0,0.0,0.0,0.0,0.0,0.0,0.0,0.0,0.0,0.0,0.0,0.0,0.0,0.0,0.0,0.0,46.22,0.5029,53.78,0.0,13.85
2020-01-17,1906.0,26302.8,0.07,1.29,0.07,0.03,0.0,26302.8,0.0,1906.0,0.0,0.0,0.0,0.0,0.0,0.0,0.0,0.0,0.0,0.0,0.0,0.0,0.0,0.0,0.0,0.0,0.0,0.0,0.0,0.0,0.0,0.0,0.0,46.13,0.503,53.87,0.0,13.8
2020-01-20,1906.0,26112.2,0.07,1.28,0.07,0.03,0.0,26112.2,0.0,1906.0,0.0,0.0,0.0,0.0,0.0,0.0,0.0,0.0,0.0,0.0,0.0,0.0,0.0,0.0,0.0,0.0,0.0,0.0,0.0,0.0,0.0,0.0,0.0,46.04,0.5031,53.96,0.0,13.7
2020-01-21,1906.0,25921.6,0.07,1.33,0.07,0.03,0.0,25921.6,0.0,1906.0,0.0,0.0,0.0,0.0,0.0,0.0,0.0,0.0,0.0,0.0,0.0,0.0,0.0,0.0,0.0,0.0,0.0,0.0,0.0,0.0,0.0,0.0,0.0,46.04,0.5031,53.96,0.0,13.6
2020-01-22,1906.0,26112.2,0.07,1.3,0.07,0.03,0.0,26112.2,0.0,1906.0,0.0,0.0,0.0,0.0,0.0,0.0,0.0,0.0,0.0,0.0,0.0,0.0,0.0,0.0,0.0,0.0,0.0,0.0,0.0,0.0,0.0,0.0,0.0,46.4,0.5026,53.6,0.0,13.7
2020-01-23,1906.0,26302.8,0.07,1.31,0.07,0.03,0.0,26302.8,0.0,1906.0,0.0,0.0,0.0,0.0,0.0,0.0,0.0,0.0,0.0,0.0,0.0,0.0,0.0,0.0,0.0,0.0,0.0,0.0,0.0,0.0,0.0,0.0,0.0,46.4,0.5026,53.6,0.0,13.8
2020-01-24,1906.0,26302.8,0.07,1.27,0.07,0.03,0.0,26302.8,0.0,1906.0,0.0,0.0,0.0,0.0,0.0,0.0,0.0,0.0,0.0,0.0,0.0,0.0,0.0,0.0,0.0,0.0,0.0,0.0,0.0,0.0,0.0,0.0,0.0,46.22,0.5029,53.78,0.0,13.8
2020-01-27,1906.0,26207.5,0.07,1.27,0.07,0.03,0.0,26207.5,0.0,1906.0,0.0,0.0,0.0,0.0,0.0,0.0,0.0,0.0,0.0,0.0,0.0,0.0,0.0,0.0,0.0,0.0,0.0,0.0,0.0,0.0,0.0,0.0,0.0,46.13,0.503,53.87,0.0,13.75
2020-01-28,1906.0,27351.1,0.07,1.24,0.07,0.03,0.0,27351.1,0.0,1906.0,0.0,0.0,0.0,0.0,0.0,0.0,0.0,0.0,0.0,0.0,0.0,0.0,0.0,0.0,0.0,0.0,0.0,0.0,0.0,0.0,0.0,0.0,0.0,47.29,0.5015,52.71,0.0,14.35
2020-01-29,1906.0,26874.6,0.07,1.37,0.07,0.03,0.0,26874.6,0.0,1906.0,0.0,0.0,0.0,0.0,0.0,0.0,0.0,0.0,0.0,0.0,0.0,0.0,0.0,0.0,0.0,0.0,0.0,0.0,0.0,0.0,0.0,0.0,0.0,45.79,0.5036,54.21,0.0,14.1
2020-01-30,1906.0,26207.5,0.07,1.3,0.07,0.03,0.0,26207.5,0.0,1906.0,0.0,0.0,0.0,0.0,0.0,0.0,0.0,0.0,0.0,0.0,0.0,0.0,0.0,0.0,0.0,0.0,0.0,0.0,0.0,0.0,0.0,0.0,0.0,45.6,0.5039,54.4,0.0,13.75
2020-01-31,1906.0,26302.8,0.07,1.31,0.07,0.03,0.0,26302.8,0.0,1906.0,0.0,0.0,0.0,0.0,0.0,0.0,0.0,0.0,0.0,0.0,0.0,0.0,0.0,0.0,0.0,0.0,0.0,0.0,0.0,0.0,0.0,0.0,0.0,46.31,0.5027,53.69,0.0,13.8
2020-02-03,1906.0,24778.0,0.07,1.26,0.07,0.03,0.0,24778.0,0.0,1906.0,0.0,0.0,0.0,0.0,0.0,0.0,0.0,0.0,0.0,0.0,0.0,0.0,0.0,0.0,0.0,0.0,0.0,0.0,0.0,0.0,0.0,0.0,0.0,44.74,0.5055,55.26,0.0,13.0
2020-02-04,1906.0,25159.2,0.07,1.26,0.07,0.03,0.0,25159.2,0.0,1906.0,0.0,0.0,0.0,0.0,0.0,0.0,0.0,0.0,0.0,0.0,0.0,0.0,0.0,0.0,0.0,0.0,0.0,0.0,0.0,0.0,0.0,0.0,0.0,46.6,0.5023,53.4,0.0,13.2
2020-02-05,1883.0,24196.55,0.07,1.24,0.07,0.02,0.0,24196.55,0.0,1883.0,0.0,0.0,0.0,0.0,0.0,0.0,0.0,0.0,0.0,0.0,0.0,0.0,0.0,0.0,23.0,0.0,0.0,0.0,0.0,0.0,0.0,0.0,0.0,46.12,0.503,53.88,0.0,12.85
2020-02-06,1883.0,24855.6,0.07,1.22,0.07,0.02,0.0,24855.6,0.0,1883.0,0.0,0.0,0.0,0.0,0.0,0.0,0.0,0.0,0.0,0.0,0.0,0.0,0.0,0.0,0.0,0.0,0.0,0.0,0.0,0.0,0.0,0.0,0.0,47.46,0.5013,52.54,0.0,13.2
2020-02-07,1883.0,24855.6,0.07,1.2,0.07,0.02,0.0,24855.6,0.0,1883.0,0.0,0.0,0.0,0.0,0.0,0.0,0.0,0.0,0.0,0.0,0.0,0.0,0.0,0.0,0.0,0.0,0.0,0.0,0.0,0.0,0.0,0.0,0.0,46.79,0.5021,53.21,0.0,13.2
2020-02-10,1883.0,24761.45,0.07,1.29,0.07,0.02,0.0,24761.45,0.0,1883.0,0.0,0.0,0.0,0.0,0.0,0.0,0.0,0.0,0.0,0.0,0.0,0.0,0.0,0.0,0.0,0.0,0.0,0.0,0.0,0.0,0.0,0.0,0.0,46.69,0.5022,53.31,0.0,13.15
2020-02-11,1883.0,24761.45,0.07,1.36,0.07,0.02,0.0,24761.45,0.0,1883.0,0.0,0.0,0.0,0.0,0.0,0.0,0.0,0.0,0.0,0.0,0.0,0.0,0.0,0.0,0.0,0.0,0.0,0.0,0.0,0.0,0.0,0.0,0.0,46.79,0.5021,53.21,0.0,13.15
2020-02-12,1883.0,24479.0,0.07,1.39,0.07,0.02,0.0,24479.0,0.0,1883.0,0.0,0.0,0.0,0.0,0.0,0.0,0.0,0.0,0.0,0.0,0.0,0.0,0.0,0.0,0.0,0.0,0.0,0.0,0.0,0.0,0.0,0.0,0.0,46.5,0.5024,53.5,0.0,13.0
2020-02-13,1883.0,24855.6,0.07,1.41,0.07,0.02,0.0,24855.6,0.0,1883.0,0.0,0.0,0.0,0.0,0.0,0.0,0.0,0.0,0.0,0.0,0.0,0.0,0.0,0.0,0.0,0.0,0.0,0.0,0.0,0.0,0.0,0.0,0.0,47.17,0.5016,52.83,0.0,13.2
2020-02-14,1883.0,24855.6,0.07,1.41,0.07,0.02,0.0,24855.6,0.0,1883.0,0.0,0.0,0.0,0.0,0.0,0.0,0.0,0.0,0.0,0.0,0.0,0.0,0.0,0.0,0.0,0.0,0.0,0.0,0.0,0.0,0.0,0.0,0.0,46.79,0.5021,53.21,0.0,13.2
2020-02-17,1883.0,24761.45,0.07,1.4,0.07,0.02,0.0,24761.45,0.0,1883.0,0.0,0.0,0.0,0.0,0.0,0.0,0.0,0.0,0.0,0.0,0.0,0.0,0.0,0.0,0.0,0.0,0.0,0.0,0.0,0.0,0.0,0.0,0.0,46.69,0.5022,53.31,0.0,13.15
2020-02-18,1883.0,24761.45,0.07,1.25,0.07,0.02,0.0,24761.45,0.0,1883.0,0.0,0.0,0.0,0.0,0.0,0.0,0.0,0.0,0.0,0.0,0.0,0.0,0.0,0.0,0.0,0.0,0.0,0.0,0.0,0.0,0.0,0.0,0.0,46.79,0.5021,53.21,0.0,13.15
2020-02-19,1883.0,24761.45,0.07,1.29,0.07,0.02,0.0,24761.45,0.0,1883.0,0.0,0.0,0.0,0.0,0.0,0.0,0.0,0.0,0.0,0.0,0.0,0.0,0.0,0.0,0.0,0.0,0.0,0.0,0.0,0.0,0.0,0.0,0.0,46.79,0.5021,53.21,0.0,13.15
2020-02-20,1883.0,25608.8,0.07,1.26,0.07,0.03,0.0,25608.8,0.0,1883.0,0.0,0.0,0.0,0.0,0.0,0.0,0.0,0.0,0.0,0.0,0.0,0.0,0.0,0.0,0.0,0.0,0.0,0.0,0.0,0.0,0.0,0.0,0.0,47.63,0.5011,52.37,0.0,13.6
2020-02-21,1883.0,25797.1,0.07,1.3,0.07,0.03,0.0,25797.1,0.0,1883.0,0.0,0.0,0.0,0.0,0.0,0.0,0.0,0.0,0.0,0.0,0.0,0.0,0.0,0.0,0.0,0.0,0.0,0.0,0.0,0.0,0.0,0.0,0.0,46.97,0.5018,53.03,0.0,13.7
2020-02-24,1883.0,24573.15,0.07,1.32,0.07,0.03,0.0,24573.15,0.0,1883.0,0.0,0.0,0.0,0.0,0.0,0.0,0.0,0.0,0.0,0.0,0.0,0.0,0.0,0.0,0.0,0.0,0.0,0.0,0.0,0.0,0.0,0.0,0.0,45.58,0.5039,54.42,0.0,13.05
2020-02-25,1883.0,24855.6,0.07,1.32,0.07,0.02,0.0,24855.6,0.0,1883.0,0.0,0.0,0.0,0.0,0.0,0.0,0.0,0.0,0.0,0.0,0.0,0.0,0.0,0.0,0.0,0.0,0.0,0.0,0.0,0.0,0.0,0.0,0.0,47.07,0.5017,52.93,0.0,13.2
2020-02-26,1883.0,23443.35,0.07,1.32,0.07,0.02,0.0,23443.35,0.0,1883.0,0.0,0.0,0.0,0.0,0.0,0.0,0.0,0.0,0.0,0.0,0.0,0.0,0.0,0.0,0.0,0.0,0.0,0.0,0.0,0.0,0.0,0.0,0.0,45.33,0.5044,54.67,0.0,12.45
2020-02-27,1883.0,24290.7,0.07,1.27,0.07,0.02,0.0,24290.7,0.0,1883.0,0.0,0.0,0.0,0.0,0.0,0.0,0.0,0.0,0.0,0.0,0.0,0.0,0.0,0.0,0.0,0.0,0.0,0.0,0.0,0.0,0.0,0.0,0.0,47.67,0.5011,52.33,0.0,12.9
2020-02-28,1883.0,23537.5,0.07,1.26,0.07,0.02,0.0,23537.5,0.0,1883.0,0.0,0.0,0.0,0.0,0.0,0.0,0.0,0.0,0.0,0.0,0.0,0.0,0.0,0.0,0.0,0.0,0.0,0.0,0.0,0.0,0.0,0.0,0.0,46.0,0.5032,54.0,0.0,12.5
2020-03-02,1883.0,21936.95,0.07,1.15,0.07,0.02,0.0,21936.95,0.0,1883.0,0.0,0.0,0.0,0.0,0.0,0.0,0.0,0.0,0.0,0.0,0.0,0.0,0.0,0.0,0.0,0.0,0.0,0.0,0.0,0.0,0.0,0.0,0.0,45.04,0.5049,54.96,0.0,11.65
2020-03-03,1883.0,21936.95,0.07,1.14,0.07,0.02,0.0,21936.95,0.0,1883.0,0.0,0.0,0.0,0.0,0.0,0.0,0.0,0.0,0.0,0.0,0.0,0.0,0.0,0.0,0.0,0.0,0.0,0.0,0.0,0.0,0.0,0.0,0.0,46.79,0.5021,53.21,0.0,11.65
2020-03-04,1883.0,23537.5,0.07,1.16,0.07,0.02,0.0,23537.5,0.0,1883.0,0.0,0.0,0.0,0.0,0.0,0.0,0.0,0.0,0.0,0.0,0.0,0.0,0.0,0.0,0.0,0.0,0.0,0.0,0.0,0.0,0.0,0.0,0.0,48.54,0.5004,51.46,0.0,12.5
2020-03-05,1883.0,23443.35,0.07,1.15,0.07,0.02,0.0,23443.35,0.0,1883.0,0.0,0.0,0.0,0.0,0.0,0.0,0.0,0.0,0.0,0.0,0.0,0.0,0.0,0.0,0.0,0.0,0.0,0.0,0.0,0.0,0.0,0.0,0.0,46.72,0.5022,53.28,0.0,12.45
2020-03-06,1883.0,22501.85,0.07,1.18,0.07,0.02,0.0,22501.85,0.0,1883.0,0.0,0.0,0.0,0.0,0.0,0.0,0.0,0.0,0.0,0.0,0.0,0.0,0.0,0.0,0.0,0.0,0.0,0.0,0.0,0.0,0.0,0.0,0.0,45.77,0.5036,54.23,0.0,11.95
2020-03-09,1883.0,18924.15,0.07,1.16,0.07,0.02,0.0,18924.15,0.0,1883.0,0.0,0.0,0.0,0.0,0.0,0.0,0.0,0.0,0.0,0.0,0.0,0.0,0.0,0.0,0.0,0.0,0.0,0.0,0.0,0.0,0.0,0.0,0.0,42.51,0.5112,57.49,0.0,10.05
2020-03-10,1883.0,18792.34,0.07,1.17,0.07,0.02,0.0,18792.34,0.0,1883.0,0.0,0.0,0.0,0.0,0.0,0.0,0.0,0.0,0.0,0.0,0.0,0.0,0.0,0.0,0.0,0.0,0.0,0.0,0.0,0.0,0.0,0.0,0.0,46.61,0.5023,53.39,0.0,9.98
2020-03-11,1883.0,18340.42,0.07,1.35,0.07,0.02,0.0,18340.42,0.0,1883.0,0.0,0.0,0.0,0.0,0.0,0.0,0.0,0.0,0.0,0.0,0.0,0.0,0.0,0.0,0.0,0.0,0.0,0.0,0.0,0.0,0.0,0.0,0.0,46.18,0.5029,53.82,0.0,9.74
2020-03-12,1883.0,16758.7,0.07,1.71,0.07,0.02,0.0,16758.7,0.0,1883.0,0.0,0.0,0.0,0.0,0.0,0.0,0.0,0.0,0.0,0.0,0.0,0.0,0.0,0.0,0.0,0.0,0.0,0.0,0.0,0.0,0.0,0.0,0.0,44.55,0.5059,55.45,0.0,8.9
2020-03-13,1883.0,17775.52,0.07,1.73,0.07,0.02,0.0,17775.52,0.0,1883.0,0.0,0.0,0.0,0.0,0.0,0.0,0.0,0.0,0.0,0.0,0.0,0.0,0.0,0.0,0.0,0.0,0.0,0.0,0.0,0.0,0.0,0.0,0.0,48.26,0.5006,51.74,0.0,9.44
2020-03-16,1883.0,17662.54,0.07,1.74,0.07,0.02,0.0,17662.54,0.0,1883.0,0.0,0.0,0.0,0.0,0.0,0.0,0.0,0.0,0.0,0.0,0.0,0.0,0.0,0.0,0.0,0.0,0.0,0.0,0.0,0.0,0.0,0.0,0.0,46.63,0.5023,53.37,0.0,9.38
2020-03-17,1883.0,16947.0,0.07,1.91,0.07,0.02,0.0,16947.0,0.0,1883.0,0.0,0.0,0.0,0.0,0.0,0.0,0.0,0.0,0.0,0.0,0.0,0.0,0.0,0.0,0.0,0.0,0.0,0.0,0.0,0.0,0.0,0.0,0.0,45.76,0.5036,54.24,0.0,9.0
2020-03-18,1883.0,17662.54,0.07,1.91,0.07,0.02,0.0,17662.54,0.0,1883.0,0.0,0.0,0.0,0.0,0.0,0.0,0.0,0.0,0.0,0.0,0.0,0.0,0.0,0.0,0.0,0.0,0.0,0.0,0.0,0.0,0.0,0.0,0.0,47.82,0.501,52.18,0.0,9.38
2020-03-19,1883.0,16005.5,0.07,1.97,0.07,0.02,0.0,16005.5,0.0,1883.0,0.0,0.0,0.0,0.0,0.0,0.0,0.0,0.0,0.0,0.0,0.0,0.0,0.0,0.0,0.0,0.0,0.0,0.0,0.0,0.0,0.0,0.0,0.0,44.34,0.5064,55.66,0.0,8.5
2020-03-20,1883.0,17587.22,0.07,2.03,0.07,0.02,0.0,17587.22,0.0,1883.0,0.0,0.0,0.0,0.0,0.0,0.0,0.0,0.0,0.0,0.0,0.0,0.0,0.0,0.0,0.0,0.0,0.0,0.0,0.0,0.0,0.0,0.0,0.0,49.14,0.5001,50.86,0.0,9.34
2020-03-23,1883.0,17850.84,0.07,2.03,0.07,0.02,0.0,17850.84,0.0,1883.0,0.0,0.0,0.0,0.0,0.0,0.0,0.0,0.0,0.0,0.0,0.0,0.0,0.0,0.0,0.0,0.0,0.0,0.0,0.0,0.0,0.0,0.0,0.0,47.16,0.5016,52.84,0.0,9.48
2020-03-24,1883.0,18830.0,0.07,2.03,0.07,0.02,0.0,18830.0,0.0,1883.0,0.0,0.0,0.0,0.0,0.0,0.0,0.0,0.0,0.0,0.0,0.0,0.0,0.0,0.0,0.0,0.0,0.0,0.0,0.0,0.0,0.0,0.0,0.0,48.12,0.5007,51.88,0.0,10.0
2020-03-25,1883.0,19300.75,0.07,1.96,0.07,0.02,0.0,19300.75,0.0,1883.0,0.0,0.0,0.0,0.0,0.0,0.0,0.0,0.0,0.0,0.0,0.0,0.0,0.0,0.0,0.0,0.0,0.0,0.0,0.0,0.0,0.0,0.0,0.0,47.4,0.5013,52.6,0.0,10.25
2020-03-26,1883.0,20524.7,0.07,1.97,0.07,0.02,0.0,20524.7,0.0,1883.0,0.0,0.0,0.0,0.0,0.0,0.0,0.0,0.0,0.0,0.0,0.0,0.0,0.0,0.0,0.0,0.0,0.0,0.0,0.0,0.0,0.0,0.0,0.0,48.32,0.5006,51.68,0.0,10.9
2020-03-27,1883.0,20618.85,0.07,1.98,0.07,0.02,0.0,20618.85,0.0,1883.0,0.0,0.0,0.0,0.0,0.0,0.0,0.0,0.0,0.0,0.0,0.0,0.0,0.0,0.0,0.0,0.0,0.0,0.0,0.0,0.0,0.0,0.0,0.0,46.9,0.5019,53.1,0.0,10.95
2020-03-30,1883.0,20995.45,0.07,1.94,0.07,0.02,0.0,20995.45,0.0,1883.0,0.0,0.0,0.0,0.0,0.0,0.0,0.0,0.0,0.0,0.0,0.0,0.0,0.0,0.0,0.0,0.0,0.0,0.0,0.0,0.0,0.0,0.0,0.0,47.24,0.5015,52.76,0.0,11.15
2020-03-31,1883.0,21654.5,0.07,2.35,0.07,0.02,0.0,21654.5,0.0,1883.0,0.0,0.0,0.0,0.0,0.0,0.0,0.0,0.0,0.0,0.0,0.0,0.0,0.0,0.0,0.0,0.0,0.0,0.0,0.0,0.0,0.0,0.0,0.0,47.56,0.5012,52.44,0.0,11.5
2020-04-01,1883.0,21466.2,0.07,2.31,0.07,0.02,0.0,21466.2,0.0,1883.0,0.0,0.0,0.0,0.0,0.0,0.0,0.0,0.0,0.0,0.0,0.0,0.0,0.0,0.0,0.0,0.0,0.0,0.0,0.0,0.0,0.0,0.0,0.0,46.57,0.5024,53.43,0.0,11.4
2020-04-02,1883.0,20336.4,0.07,2.41,0.07,0.02,0.0,20336.4,0.0,1883.0,0.0,0.0,0.0,0.0,0.0,0.0,0.0,0.0,0.0,0.0,0.0,0.0,0.0,0.0,0.0,0.0,0.0,0.0,0.0,0.0,0.0,0.0,0.0,45.44,0.5042,54.56,0.0,10.8
2020-04-03,1883.0,20618.85,0.07,2.44,0.07,0.02,0.0,20618.85,0.0,1883.0,0.0,0.0,0.0,0.0,0.0,0.0,0.0,0.0,0.0,0.0,0.0,0.0,0.0,0.0,0.0,0.0,0.0,0.0,0.0,0.0,0.0,0.0,0.0,47.13,0.5016,52.87,0.0,10.95
2020-04-06,1883.0,22219.4,0.07,2.47,0.07,0.02,0.0,22219.4,0.0,1883.0,0.0,0.0,0.0,0.0,0.0,0.0,0.0,0.0,0.0,0.0,0.0,0.0,0.0,0.0,0.0,0.0,0.0,0.0,0.0,0.0,0.0,0.0,0.0,48.65,0.5004,51.35,0.0,11.8
2020-04-07,1883.0,22501.85,0.07,2.53,0.07,0.02,0.0,22501.85,0.0,1883.0,0.0,0.0,0.0,0.0,0.0,0.0,0.0,0.0,0.0,0.0,0.0,0.0,0.0,0.0,0.0,0.0,0.0,0.0,0.0,0.0,0.0,0.0,0.0,47.1,0.5017,52.9,0.0,11.95
2020-04-08,1883.0,21748.65,0.07,2.59,0.07,0.02,0.0,21748.65,0.0,1883.0,0.0,0.0,0.0,0.0,0.0,0.0,0.0,0.0,0.0,0.0,0.0,0.0,0.0,0.0,0.0,0.0,0.0,0.0,0.0,0.0,0.0,0.0,0.0,45.94,0.5033,54.06,0.0,11.55
2020-04-09,1883.0,22407.7,0.07,2.81,0.07,0.02,0.0,22407.7,0.0,1883.0,0.0,0.0,0.0,0.0,0.0,0.0,0.0,0.0,0.0,0.0,0.0,0.0,0.0,0.0,0.0,0.0,0.0,0.0,0.0,0.0,0.0,0.0,0.0,47.53,0.5012,52.47,0.0,11.9
2020-04-10,1883.0,22407.7,0.07,2.88,0.07,0.02,0.0,22407.7,0.0,1883.0,0.0,0.0,0.0,0.0,0.0,0.0,0.0,0.0,0.0,0.0,0.0,0.0,0.0,0.0,0.0,0.0,0.0,0.0,0.0,0.0,0.0,0.0,0.0,47.53,0.5012,52.47,0.0,0.0
2020-04-13,1883.0,22407.7,0.07,2.88,0.07,0.02,0.0,22407.7,0.0,1883.0,0.0,0.0,0.0,0.0,0.0,0.0,0.0,0.0,0.0,0.0,0.0,0.0,0.0,0.0,0.0,0.0,0.0,0.0,0.0,0.0,0.0,0.0,0.0,47.53,0.5012,52.47,0.0,0.0
2020-04-14,1883.0,22407.7,0.07,2.88,0.07,0.02,0.0,22407.7,0.0,1883.0,0.0,0.0,0.0,0.0,0.0,0.0,0.0,0.0,0.0,0.0,0.0,0.0,0.0,0.0,0.0,0.0,0.0,0.0,0.0,0.0,0.0,0.0,0.0,46.79,0.5021,53.21,0.0,11.9
2020-04-15,1883.0,22407.7,0.07,3.68,0.07,0.02,0.0,22407.7,0.0,1883.0,0.0,0.0,0.0,0.0,0.0,0.0,0.0,0.0,0.0,0.0,0.0,0.0,0.0,0.0,0.0,0.0,0.0,0.0,0.0,0.0,0.0,0.0,0.0,46.79,0.5021,53.21,0.0,11.9
2020-04-16,1883.0,22313.55,0.07,3.89,0.07,0.02,0.0,22313.55,0.0,1883.0,0.0,0.0,0.0,0.0,0.0,0.0,0.0,0.0,0.0,0.0,0.0,0.0,0.0,0.0,0.0,0.0,0.0,0.0,0.0,0.0,0.0,0.0,0.0,46.68,0.5022,53.32,0.0,11.85
2020-04-17,1883.0,22313.55,0.07,4.06,0.07,0.02,0.0,22313.55,0.0,1883.0,0.0,0.0,0.0,0.0,0.0,0.0,0.0,0.0,0.0,0.0,0.0,0.0,0.0,0.0,0.0,0.0,0.0,0.0,0.0,0.0,0.0,0.0,0.0,46.79,0.5021,53.21,0.0,11.85
2020-04-20,1883.0,22125.25,0.07,4.18,0.07,0.02,0.0,22125.25,0.0,1883.0,0.0,0.0,0.0,0.0,0.0,0.0,0.0,0.0,0.0,0.0,0.0,0.0,0.0,0.0,0.0,0.0,0.0,0.0,0.0,0.0,0.0,0.0,0.0,46.58,0.5023,53.42,0.0,11.75
2020-04-21,1883.0,22125.25,0.07,4.18,0.07,0.02,0.0,22125.25,0.0,1883.0,0.0,0.0,0.0,0.0,0.0,0.0,0.0,0.0,0.0,0.0,0.0,0.0,0.0,0.0,0.0,0.0,0.0,0.0,0.0,0.0,0.0,0.0,0.0,46.79,0.5021,53.21,0.0,11.75
2020-04-22,1883.0,22031.1,0.07,4.51,0.07,0.02,0.0,22031.1,0.0,1883.0,0.0,0.0,0.0,0.0,0.0,0.0,0.0,0.0,0.0,0.0,0.0,0.0,0.0,0.0,0.0,0.0,0.0,0.0,0.0,0.0,0.0,0.0,0.0,46.68,0.5022,53.32,0.0,11.7
2020-04-23,1883.0,22031.1,0.07,5.0,0.07,0.02,0.0,22031.1,0.0,1883.0,0.0,0.0,0.0,0.0,0.0,0.0,0.0,0.0,0.0,0.0,0.0,0.0,0.0,0.0,0.0,0.0,0.0,0.0,0.0,0.0,0.0,0.0,0.0,46.79,0.5021,53.21,0.0,11.7
2020-04-24,1883.0,20995.45,0.07,5.25,0.07,0.02,0.0,20995.45,0.0,1883.0,0.0,0.0,0.0,0.0,0.0,0.0,0.0,0.0,0.0,0.0,0.0,0.0,0.0,0.0,0.0,0.0,0.0,0.0,0.0,0.0,0.0,0.0,0.0,45.59,0.5039,54.41,0.0,11.15
2020-04-27,1883.0,20713.0,0.07,4.58,0.07,0.02,0.0,20713.0,0.0,1883.0,0.0,0.0,0.0,0.0,0.0,0.0,0.0,0.0,0.0,0.0,0.0,0.0,0.0,0.0,0.0,0.0,0.0,0.0,0.0,0.0,0.0,0.0,0.0,46.45,0.5025,53.55,0.0,11.0
2020-04-28,1883.0,20713.0,0.07,4.55,0.07,0.02,0.0,20713.0,0.0,1883.0,0.0,0.0,0.0,0.0,0.0,0.0,0.0,0.0,0.0,0.0,0.0,0.0,0.0,0.0,0.0,0.0,0.0,0.0,0.0,0.0,0.0,0.0,0.0,46.79,0.5021,53.21,0.0,11.0
2020-04-29,1883.0,19771.5,0.07,5.15,0.07,0.02,0.0,19771.5,0.0,1883.0,0.0,0.0,0.0,0.0,0.0,0.0,0.0,0.0,0.0,0.0,0.0,0.0,0.0,0.0,0.0,0.0,0.0,0.0,0.0,0.0,0.0,0.0,0.0,45.63,0.5038,54.37,0.0,10.5
2020-04-30,1883.0,20053.95,0.07,4.58,0.07,0.02,0.0,20053.95,0.0,1883.0,0.0,0.0,0.0,0.0,0.0,0.0,0.0,0.0,0.0,0.0,0.0,0.0,0.0,0.0,0.0,0.0,0.0,0.0,0.0,0.0,0.0,0.0,0.0,47.14,0.5016,52.86,0.0,10.65
2020-05-01,1883.0,20053.95,0.07,3.56,0.07,0.02,0.0,20053.95,0.0,1883.0,0.0,0.0,0.0,0.0,0.0,0.0,0.0,0.0,0.0,0.0,0.0,0.0,0.0,0.0,0.0,0.0,0.0,0.0,0.0,0.0,0.0,0.0,0.0,46.79,0.5021,53.21,0.0,0.0
2020-05-04,1883.0,18830.0,0.07,3.56,0.07,0.02,0.0,18830.0,0.0,1883.0,0.0,0.0,0.0,0.0,0.0,0.0,0.0,0.0,0.0,0.0,0.0,0.0,0.0,0.0,0.0,0.0,0.0,0.0,0.0,0.0,0.0,0.0,0.0,45.22,0.5046,54.78,0.0,10.0
2020-05-05,1883.0,19677.35,0.07,3.5,0.07,0.02,0.0,19677.35,0.0,1883.0,0.0,0.0,0.0,0.0,0.0,0.0,0.0,0.0,0.0,0.0,0.0,0.0,0.0,0.0,0.0,0.0,0.0,0.0,0.0,0.0,0.0,0.0,0.0,47.88,0.5009,52.12,0.0,10.45
2020-05-06,1883.0,19489.05,0.07,3.49,0.07,0.02,0.0,19489.05,0.0,1883.0,0.0,0.0,0.0,0.0,0.0,0.0,0.0,0.0,0.0,0.0,0.0,0.0,0.0,0.0,0.0,0.0,0.0,0.0,0.0,0.0,0.0,0.0,0.0,46.55,0.5024,53.45,0.0,10.35
2020-05-07,1883.0,19489.05,0.07,3.27,0.07,0.02,0.0,19489.05,0.0,1883.0,0.0,0.0,0.0,0.0,0.0,0.0,0.0,0.0,0.0,0.0,0.0,0.0,0.0,0.0,0.0,0.0,0.0,0.0,0.0,0.0,0.0,0.0,0.0,46.79,0.5021,53.21,0.0,10.35
2020-05-08,1883.0,19677.35,0.07,3.22,0.07,0.02,0.0,19677.35,0.0,1883.0,0.0,0.0,0.0,0.0,0.0,0.0,0.0,0.0,0.0,0.0,0.0,0.0,0.0,0.0,0.0,0.0,0.0,0.0,0.0,0.0,0.0,0.0,0.0,47.03,0.5018,52.97,0.0,10.45
2020-05-11,1883.0,19677.35,0.07,3.4,0.07,0.02,0.0,19677.35,0.0,1883.0,0.0,0.0,0.0,0.0,0.0,0.0,0.0,0.0,0.0,0.0,0.0,0.0,0.0,0.0,0.0,0.0,0.0,0.0,0.0,0.0,0.0,0.0,0.0,46.79,0.5021,53.21,0.0,10.45
2020-05-12,1883.0,19677.35,0.07,3.31,0.07,0.02,0.0,19677.35,0.0,1883.0,0.0,0.0,0.0,0.0,0.0,0.0,0.0,0.0,0.0,0.0,0.0,0.0,0.0,0.0,0.0,0.0,0.0,0.0,0.0,0.0,0.0,0.0,0.0,46.79,0.5021,53.21,0.0,10.45
2020-05-13,1883.0,19677.35,0.07,3.36,0.07,0.02,0.0,19677.35,0.0,1883.0,0.0,0.0,0.0,0.0,0.0,0.0,0.0,0.0,0.0,0.0,0.0,0.0,0.0,0.0,0.0,0.0,0.0,0.0,0.0,0.0,0.0,0.0,0.0,46.79,0.5021,53.21,0.0,10.45
2020-05-14,1883.0,19677.35,0.07,3.5,0.07,0.02,0.0,19677.35,0.0,1883.0,0.0,0.0,0.0,0.0,0.0,0.0,0.0,0.0,0.0,0.0,0.0,0.0,0.0,0.0,0.0,0.0,0.0,0.0,0.0,0.0,0.0,0.0,0.0,46.79,0.5021,53.21,0.0,10.45
2020-05-15,1883.0,19583.2,0.07,3.47,0.07,0.02,0.0,19583.2,0.0,1883.0,0.0,0.0,0.0,0.0,0.0,0.0,0.0,0.0,0.0,0.0,0.0,0.0,0.0,0.0,0.0,0.0,0.0,0.0,0.0,0.0,0.0,0.0,0.0,46.67,0.5022,53.33,0.0,10.4
2020-05-18,1883.0,19583.2,0.07,3.56,0.07,0.02,0.0,19583.2,0.0,1883.0,0.0,0.0,0.0,0.0,0.0,0.0,0.0,0.0,0.0,0.0,0.0,0.0,0.0,0.0,0.0,0.0,0.0,0.0,0.0,0.0,0.0,0.0,0.0,46.79,0.5021,53.21,0.0,10.4
2020-05-19,1883.0,19677.35,0.07,3.55,0.07,0.02,0.0,19677.35,0.0,1883.0,0.0,0.0,0.0,0.0,0.0,0.0,0.0,0.0,0.0,0.0,0.0,0.0,0.0,0.0,0.0,0.0,0.0,0.0,0.0,0.0,0.0,0.0,0.0,46.91,0.5019,53.09,0.0,10.45
2020-05-20,1883.0,19677.35,0.07,3.73,0.07,0.02,0.0,19677.35,0.0,1883.0,0.0,0.0,0.0,0.0,0.0,0.0,0.0,0.0,0.0,0.0,0.0,0.0,0.0,0.0,0.0,0.0,0.0,0.0,0.0,0.0,0.0,0.0,0.0,46.79,0.5021,53.21,0.0,10.45
2020-05-21,1883.0,19677.35,0.07,3.73,0.07,0.02,0.0,19677.35,0.0,1883.0,0.0,0.0,0.0,0.0,0.0,0.0,0.0,0.0,0.0,0.0,0.0,0.0,0.0,0.0,0.0,0.0,0.0,0.0,0.0,0.0,0.0,0.0,0.0,46.79,0.5021,53.21,0.0,10.45
2020-05-22,1883.0,19677.35,0.07,3.8,0.07,0.02,0.0,19677.35,0.0,1883.0,0.0,0.0,0.0,0.0,0.0,0.0,0.0,0.0,0.0,0.0,0.0,0.0,0.0,0.0,0.0,0.0,0.0,0.0,0.0,0.0,0.0,0.0,0.0,46.79,0.5021,53.21,0.0,10.45
2020-05-25,1883.0,19583.2,0.07,3.92,0.07,0.02,0.0,19583.2,0.0,1883.0,0.0,0.0,0.0,0.0,0.0,0.0,0.0,0.0,0.0,0.0,0.0,0.0,0.0,0.0,0.0,0.0,0.0,0.0,0.0,0.0,0.0,0.0,0.0,46.67,0.5022,53.33,0.0,10.4
2020-05-26,1883.0,19583.2,0.07,3.86,0.07,0.02,0.0,19583.2,0.0,1883.0,0.0,0.0,0.0,0.0,0.0,0.0,0.0,0.0,0.0,0.0,0.0,0.0,0.0,0.0,0.0,0.0,0.0,0.0,0.0,0.0,0.0,0.0,0.0,46.79,0.5021,53.21,0.0,10.4
2020-05-27,1883.0,19677.35,0.07,4.13,0.07,0.02,0.0,19677.35,0.0,1883.0,0.0,0.0,0.0,0.0,0.0,0.0,0.0,0.0,0.0,0.0,0.0,0.0,0.0,0.0,0.0,0.0,0.0,0.0,0.0,0.0,0.0,0.0,0.0,46.91,0.5019,53.09,0.0,10.45
2020-05-28,1883.0,19583.2,0.07,4.09,0.07,0.02,0.0,19583.2,0.0,1883.0,0.0,0.0,0.0,0.0,0.0,0.0,0.0,0.0,0.0,0.0,0.0,0.0,0.0,0.0,0.0,0.0,0.0,0.0,0.0,0.0,0.0,0.0,0.0,46.67,0.5022,53.33,0.0,10.4
2020-05-29,1883.0,18641.7,0.07,3.68,0.07,0.02,0.0,18641.7,0.0,1883.0,0.0,0.0,0.0,0.0,0.0,0.0,0.0,0.0,0.0,0.0,0.0,0.0,0.0,0.0,0.0,0.0,0.0,0.0,0.0,0.0,0.0,0.0,0.0,45.56,0.5039,54.44,0.0,9.9
2020-06-01,1883.0,19394.9,0.07,3.49,0.07,0.02,0.0,19394.9,0.0,1883.0,0.0,0.0,0.0,0.0,0.0,0.0,0.0,0.0,0.0,0.0,0.0,0.0,0.0,0.0,0.0,0.0,0.0,0.0,0.0,0.0,0.0,0.0,0.0,47.77,0.501,52.23,0.0,10.3
2020-06-02,1883.0,19206.6,0.07,3.24,0.07,0.02,0.0,19206.6,0.0,1883.0,0.0,0.0,0.0,0.0,0.0,0.0,0.0,0.0,0.0,0.0,0.0,0.0,0.0,0.0,0.0,0.0,0.0,0.0,0.0,0.0,0.0,0.0,0.0,46.54,0.5024,53.46,0.0,10.2
2020-06-03,1883.0,19206.6,0.07,3.06,0.07,0.02,0.0,19206.6,0.0,1883.0,0.0,0.0,0.0,0.0,0.0,0.0,0.0,0.0,0.0,0.0,0.0,0.0,0.0,0.0,0.0,0.0,0.0,0.0,0.0,0.0,0.0,0.0,0.0,46.79,0.5021,53.21,0.0,10.2
2020-06-04,1883.0,19112.45,0.07,2.63,0.07,0.02,0.0,19112.45,0.0,1883.0,0.0,0.0,0.0,0.0,0.0,0.0,0.0,0.0,0.0,0.0,0.0,0.0,0.0,0.0,0.0,0.0,0.0,0.0,0.0,0.0,0.0,0.0,0.0,46.66,0.5022,53.34,0.0,10.15
2020-06-05,1883.0,18924.15,0.07,2.51,0.07,0.02,0.0,18924.15,0.0,1883.0,0.0,0.0,0.0,0.0,0.0,0.0,0.0,0.0,0.0,0.0,0.0,0.0,0.0,0.0,0.0,0.0,0.0,0.0,0.0,0.0,0.0,0.0,0.0,46.54,0.5024,53.46,0.0,10.05
2020-06-08,1883.0,19300.75,0.07,2.41,0.07,0.02,0.0,19300.75,0.0,1883.0,0.0,0.0,0.0,0.0,0.0,0.0,0.0,0.0,0.0,0.0,0.0,0.0,0.0,0.0,0.0,0.0,0.0,0.0,0.0,0.0,0.0,0.0,0.0,47.28,0.5015,52.72,0.0,10.25
2020-06-09,1883.0,19300.75,0.07,2.44,0.07,0.02,0.0,19300.75,0.0,1883.0,0.0,0.0,0.0,0.0,0.0,0.0,0.0,0.0,0.0,0.0,0.0,0.0,0.0,0.0,0.0,0.0,0.0,0.0,0.0,0.0,0.0,0.0,0.0,46.79,0.5021,53.21,0.0,10.25
2020-06-10,1883.0,19300.75,0.07,2.43,0.07,0.02,0.0,19300.75,0.0,1883.0,0.0,0.0,0.0,0.0,0.0,0.0,0.0,0.0,0.0,0.0,0.0,0.0,0.0,0.0,0.0,0.0,0.0,0.0,0.0,0.0,0.0,0.0,0.0,46.79,0.5021,53.21,0.0,10.25
2020-06-11,1883.0,19206.6,0.07,2.42,0.07,0.02,0.0,19206.6,0.0,1883.0,0.0,0.0,0.0,0.0,0.0,0.0,0.0,0.0,0.0,0.0,0.0,0.0,0.0,0.0,0.0,0.0,0.0,0.0,0.0,0.0,0.0,0.0,0.0,46.67,0.5022,53.33,0.0,10.2
2020-06-12,1883.0,19300.75,0.07,2.57,0.07,0.02,0.0,19300.75,0.0,1883.0,0.0,0.0,0.0,0.0,0.0,0.0,0.0,0.0,0.0,0.0,0.0,0.0,0.0,0.0,0.0,0.0,0.0,0.0,0.0,0.0,0.0,0.0,0.0,46.91,0.5019,53.09,0.0,10.25
2020-06-15,1883.0,18830.0,0.07,3.16,0.07,0.02,0.0,18830.0,0.0,1883.0,0.0,0.0,0.0,0.0,0.0,0.0,0.0,0.0,0.0,0.0,0.0,0.0,0.0,0.0,0.0,0.0,0.0,0.0,0.0,0.0,0.0,0.0,0.0,46.17,0.5029,53.83,0.0,10.0
2020-06-16,1883.0,19300.75,0.07,3.21,0.07,0.02,0.0,19300.75,0.0,1883.0,0.0,0.0,0.0,0.0,0.0,0.0,0.0,0.0,0.0,0.0,0.0,0.0,0.0,0.0,0.0,0.0,0.0,0.0,0.0,0.0,0.0,0.0,0.0,47.4,0.5013,52.6,0.0,10.25
2020-06-17,1883.0,19112.45,0.07,3.22,0.07,0.02,0.0,19112.45,0.0,1883.0,0.0,0.0,0.0,0.0,0.0,0.0,0.0,0.0,0.0,0.0,0.0,0.0,0.0,0.0,0.0,0.0,0.0,0.0,0.0,0.0,0.0,0.0,0.0,46.54,0.5024,53.46,0.0,10.15
2020-06-18,1883.0,18924.15,0.07,3.44,0.07,0.02,0.0,18924.15,0.0,1883.0,0.0,0.0,0.0,0.0,0.0,0.0,0.0,0.0,0.0,0.0,0.0,0.0,0.0,0.0,0.0,0.0,0.0,0.0,0.0,0.0,0.0,0.0,0.0,46.54,0.5024,53.46,0.0,10.05
2020-06-19,1883.0,19018.3,0.07,3.53,0.07,0.02,0.0,19018.3,0.0,1883.0,0.0,0.0,0.0,0.0,0.0,0.0,0.0,0.0,0.0,0.0,0.0,0.0,0.0,0.0,0.0,0.0,0.0,0.0,0.0,0.0,0.0,0.0,0.0,46.91,0.5019,53.09,0.0,10.1
2020-06-22,1883.0,19112.45,0.07,3.54,0.07,0.02,0.0,19112.45,0.0,1883.0,0.0,0.0,0.0,0.0,0.0,0.0,0.0,0.0,0.0,0.0,0.0,0.0,0.0,0.0,0.0,0.0,0.0,0.0,0.0,0.0,0.0,0.0,0.0,46.91,0.5019,53.09,0.0,10.15
2020-06-23,1883.0,18604.04,0.07,3.61,0.07,0.02,0.0,18604.04,0.0,1883.0,0.0,0.0,0.0,0.0,0.0,0.0,0.0,0.0,0.0,0.0,0.0,0.0,0.0,0.0,0.0,0.0,0.0,0.0,0.0,0.0,0.0,0.0,0.0,46.12,0.503,53.88,0.0,9.88
2020-06-24,1883.0,18792.34,0.07,3.55,0.07,0.02,0.0,18792.34,0.0,1883.0,0.0,0.0,0.0,0.0,0.0,0.0,0.0,0.0,0.0,0.0,0.0,0.0,0.0,0.0,0.0,0.0,0.0,0.0,0.0,0.0,0.0,0.0,0.0,47.04,0.5018,52.96,0.0,9.98
2020-06-25,1883.0,18754.68,0.07,3.59,0.07,0.02,0.0,18754.68,0.0,1883.0,0.0,0.0,0.0,0.0,0.0,0.0,0.0,0.0,0.0,0.0,0.0,0.0,0.0,0.0,0.0,0.0,0.0,0.0,0.0,0.0,0.0,0.0,0.0,46.74,0.5021,53.26,0.0,9.96
2020-06-26,1883.0,18754.68,0.07,3.6,0.07,0.02,0.0,18754.68,0.0,1883.0,0.0,0.0,0.0,0.0,0.0,0.0,0.0,0.0,0.0,0.0,0.0,0.0,0.0,0.0,0.0,0.0,0.0,0.0,0.0,0.0,0.0,0.0,0.0,46.79,0.5021,53.21,0.0,9.96
2020-06-29,1883.0,18754.68,0.07,3.62,0.07,0.02,0.0,18754.68,0.0,1883.0,0.0,0.0,0.0,0.0,0.0,0.0,0.0,0.0,0.0,0.0,0.0,0.0,0.0,0.0,0.0,0.0,0.0,0.0,0.0,0.0,0.0,0.0,0.0,46.79,0.5021,53.21,0.0,9.96
2020-06-30,1883.0,18830.0,0.07,3.6,0.07,0.02,0.0,18830.0,0.0,1883.0,0.0,0.0,0.0,0.0,0.0,0.0,0.0,0.0,0.0,0.0,0.0,0.0,0.0,0.0,0.0,0.0,0.0,0.0,0.0,0.0,0.0,0.0,0.0,46.89,0.5019,53.11,0.0,10.0
2020-07-01,1883.0,18491.06,0.07,3.58,0.07,0.02,0.0,18491.06,0.0,1883.0,0.0,0.0,0.0,0.0,0.0,0.0,0.0,0.0,0.0,0.0,0.0,0.0,0.0,0.0,0.0,0.0,0.0,0.0,0.0,0.0,0.0,0.0,0.0,46.34,0.5027,53.66,0.0,9.82
2020-07-02,1883.0,18491.06,0.07,3.57,0.07,0.02,0.0,18491.06,0.0,1883.0,0.0,0.0,0.0,0.0,0.0,0.0,0.0,0.0,0.0,0.0,0.0,0.0,0.0,0.0,0.0,0.0,0.0,0.0,0.0,0.0,0.0,0.0,0.0,46.79,0.5021,53.21,0.0,9.82
2020-07-03,1883.0,18453.4,0.07,3.57,0.07,0.02,0.0,18453.4,0.0,1883.0,0.0,0.0,0.0,0.0,0.0,0.0,0.0,0.0,0.0,0.0,0.0,0.0,0.0,0.0,0.0,0.0,0.0,0.0,0.0,0.0,0.0,0.0,0.0,46.74,0.5021,53.26,0.0,9.8
2020-07-06,1883.0,18415.74,0.07,3.53,0.07,0.02,0.0,18415.74,0.0,1883.0,0.0,0.0,0.0,0.0,0.0,0.0,0.0,0.0,0.0,0.0,0.0,0.0,0.0,0.0,0.0,0.0,0.0,0.0,0.0,0.0,0.0,0.0,0.0,46.74,0.5021,53.26,0.0,9.78
2020-07-07,1883.0,18415.74,0.07,3.47,0.07,0.02,0.0,18415.74,0.0,1883.0,0.0,0.0,0.0,0.0,0.0,0.0,0.0,0.0,0.0,0.0,0.0,0.0,0.0,0.0,0.0,0.0,0.0,0.0,0.0,0.0,0.0,0.0,0.0,46.79,0.5021,53.21,0.0,9.78
2020-07-08,1883.0,17888.5,0.07,3.51,0.07,0.02,0.0,17888.5,0.0,1883.0,0.0,0.0,0.0,0.0,0.0,0.0,0.0,0.0,0.0,0.0,0.0,0.0,0.0,0.0,0.0,0.0,0.0,0.0,0.0,0.0,0.0,0.0,0.0,46.06,0.5031,53.94,0.0,9.5
2020-07-09,1883.0,17888.5,0.07,2.8,0.07,0.02,0.0,17888.5,0.0,1883.0,0.0,0.0,0.0,0.0,0.0,0.0,0.0,0.0,0.0,0.0,0.0,0.0,0.0,0.0,0.0,0.0,0.0,0.0,0.0,0.0,0.0,0.0,0.0,46.79,0.5021,53.21,0.0,9.5
2020-07-10,1883.0,18340.42,0.07,3.09,0.07,0.02,0.0,18340.42,0.0,1883.0,0.0,0.0,0.0,0.0,0.0,0.0,0.0,0.0,0.0,0.0,0.0,0.0,0.0,0.0,0.0,0.0,0.0,0.0,0.0,0.0,0.0,0.0,0.0,47.41,0.5013,52.59,0.0,9.74
2020-07-13,1883.0,18340.42,0.07,2.84,0.07,0.02,0.0,18340.42,0.0,1883.0,0.0,0.0,0.0,0.0,0.0,0.0,0.0,0.0,0.0,0.0,0.0,0.0,0.0,0.0,0.0,0.0,0.0,0.0,0.0,0.0,0.0,0.0,0.0,46.79,0.5021,53.21,0.0,9.74
2020-07-14,1883.0,18340.42,0.07,3.05,0.07,0.02,0.0,18340.42,0.0,1883.0,0.0,0.0,0.0,0.0,0.0,0.0,0.0,0.0,0.0,0.0,0.0,0.0,0.0,0.0,0.0,0.0,0.0,0.0,0.0,0.0,0.0,0.0,0.0,46.79,0.5021,53.21,0.0,9.74
2020-07-15,1883.0,18302.76,0.07,3.23,0.07,0.02,0.0,18302.76,0.0,1883.0,0.0,0.0,0.0,0.0,0.0,0.0,0.0,0.0,0.0,0.0,0.0,0.0,0.0,0.0,0.0,0.0,0.0,0.0,0.0,0.0,0.0,0.0,0.0,46.74,0.5021,53.26,0.0,9.72
2020-07-16,1883.0,19112.45,0.07,3.95,0.07,0.02,0.0,19112.45,0.0,1883.0,0.0,0.0,0.0,0.0,0.0,0.0,0.0,0.0,0.0,0.0,0.0,0.0,0.0,0.0,0.0,0.0,0.0,0.0,0.0,0.0,0.0,0.0,0.0,47.87,0.5009,52.13,0.0,10.15
2020-07-17,1883.0,19112.45,0.07,3.3,0.07,0.02,0.0,19112.45,0.0,1883.0,0.0,0.0,0.0,0.0,0.0,0.0,0.0,0.0,0.0,0.0,0.0,0.0,0.0,0.0,0.0,0.0,0.0,0.0,0.0,0.0,0.0,0.0,0.0,46.79,0.5021,53.21,0.0,10.15
2020-07-20,1883.0,18830.0,0.07,3.46,0.07,0.02,0.0,18830.0,0.0,1883.0,0.0,0.0,0.0,0.0,0.0,0.0,0.0,0.0,0.0,0.0,0.0,0.0,0.0,0.0,0.0,0.0,0.0,0.0,0.0,0.0,0.0,0.0,0.0,46.42,0.5026,53.58,0.0,10.0
2020-07-21,1883.0,18830.0,0.07,3.87,0.07,0.02,0.0,18830.0,0.0,1883.0,0.0,0.0,0.0,0.0,0.0,0.0,0.0,0.0,0.0,0.0,0.0,0.0,0.0,0.0,0.0,0.0,0.0,0.0,0.0,0.0,0.0,0.0,0.0,46.75,0.5021,53.25,0.0,10.0
2020-07-22,1883.0,19206.6,0.07,4.1,0.07,0.02,0.0,19206.6,0.0,1883.0,0.0,0.0,0.0,0.0,0.0,0.0,0.0,0.0,0.0,0.0,0.0,0.0,0.0,0.0,0.0,0.0,0.0,0.0,0.0,0.0,0.0,0.0,0.0,47.28,0.5015,52.72,0.0,10.2
2020-07-23,1883.0,19583.2,0.07,3.82,0.07,0.02,0.0,19583.2,0.0,1883.0,0.0,0.0,0.0,0.0,0.0,0.0,0.0,0.0,0.0,0.0,0.0,0.0,0.0,0.0,0.0,0.0,0.0,0.0,0.0,0.0,0.0,0.0,0.0,47.27,0.5015,52.73,0.0,10.4
2020-07-24,1883.0,20524.7,0.07,3.8,0.07,0.02,0.0,20524.7,0.0,1883.0,0.0,0.0,0.0,0.0,0.0,0.0,0.0,0.0,0.0,0.0,0.0,0.0,0.0,0.0,0.0,0.0,0.0,0.0,0.0,0.0,0.0,0.0,0.0,47.96,0.5008,52.04,0.0,10.9
2020-07-27,1883.0,20618.85,0.07,3.36,0.07,0.02,0.0,20618.85,0.0,1883.0,0.0,0.0,0.0,0.0,0.0,0.0,0.0,0.0,0.0,0.0,0.0,0.0,0.0,0.0,0.0,0.0,0.0,0.0,0.0,0.0,0.0,0.0,0.0,46.9,0.5019,53.1,0.0,10.95
2020-07-28,1883.0,20618.85,0.07,3.36,0.07,0.02,0.0,20618.85,0.0,1883.0,0.0,0.0,0.0,0.0,0.0,0.0,0.0,0.0,0.0,0.0,0.0,0.0,0.0,0.0,0.0,0.0,0.0,0.0,0.0,0.0,0.0,0.0,0.0,46.79,0.5021,53.21,0.0,10.95
2020-07-29,1883.0,20618.85,0.07,3.36,0.07,0.02,0.0,20618.85,0.0,1883.0,0.0,0.0,0.0,0.0,0.0,0.0,0.0,0.0,0.0,0.0,0.0,0.0,0.0,0.0,0.0,0.0,0.0,0.0,0.0,0.0,0.0,0.0,0.0,46.79,0.5021,53.21,0.0,10.95
2020-07-30,1883.0,19771.5,0.07,3.39,0.07,0.02,0.0,19771.5,0.0,1883.0,0.0,0.0,0.0,0.0,0.0,0.0,0.0,0.0,0.0,0.0,0.0,0.0,0.0,0.0,0.0,0.0,0.0,0.0,0.0,0.0,0.0,0.0,0.0,45.74,0.5036,54.26,0.0,10.5
2020-07-31,1883.0,19300.75,0.07,2.9,0.07,0.02,0.0,19300.75,0.0,1883.0,0.0,0.0,0.0,0.0,0.0,0.0,0.0,0.0,0.0,0.0,0.0,0.0,0.0,0.0,0.0,0.0,0.0,0.0,0.0,0.0,0.0,0.0,0.0,46.19,0.5029,53.81,0.0,10.25
2020-08-03,1883.0,19394.9,0.07,2.86,0.07,0.02,0.0,19394.9,0.0,1883.0,0.0,0.0,0.0,0.0,0.0,0.0,0.0,0.0,0.0,0.0,0.0,0.0,0.0,0.0,0.0,0.0,0.0,0.0,0.0,0.0,0.0,0.0,0.0,46.91,0.5019,53.09,0.0,10.3
2020-08-04,1883.0,20524.7,0.07,2.77,0.07,0.02,0.0,20524.7,0.0,1883.0,0.0,0.0,0.0,0.0,0.0,0.0,0.0,0.0,0.0,0.0,0.0,0.0,0.0,0.0,0.0,0.0,0.0,0.0,0.0,0.0,0.0,0.0,0.0,48.2,0.5006,51.8,0.0,10.9
2020-08-05,1883.0,20148.1,0.07,2.7,0.07,0.02,0.0,20148.1,0.0,1883.0,0.0,0.0,0.0,0.0,0.0,0.0,0.0,0.0,0.0,0.0,0.0,0.0,0.0,0.0,0.0,0.0,0.0,0.0,0.0,0.0,0.0,0.0,0.0,46.33,0.5027,53.67,0.0,10.7
2020-08-06,1883.0,20148.1,0.07,2.69,0.07,0.02,0.0,20148.1,0.0,1883.0,0.0,0.0,0.0,0.0,0.0,0.0,0.0,0.0,0.0,0.0,0.0,0.0,0.0,0.0,0.0,0.0,0.0,0.0,0.0,0.0,0.0,0.0,0.0,46.79,0.5021,53.21,0.0,10.7
2020-08-07,1883.0,20148.1,0.07,2.69,0.07,0.02,0.0,20148.1,0.0,1883.0,0.0,0.0,0.0,0.0,0.0,0.0,0.0,0.0,0.0,0.0,0.0,0.0,0.0,0.0,0.0,0.0,0.0,0.0,0.0,0.0,0.0,0.0,0.0,46.79,0.5021,53.21,0.0,10.7
2020-08-10,1883.0,20148.1,0.07,2.69,0.07,0.02,0.0,20148.1,0.0,1883.0,0.0,0.0,0.0,0.0,0.0,0.0,0.0,0.0,0.0,0.0,0.0,0.0,0.0,0.0,0.0,0.0,0.0,0.0,0.0,0.0,0.0,0.0,0.0,46.79,0.5021,53.21,0.0,10.7
2020-08-11,1883.0,20148.1,0.07,2.72,0.07,0.02,0.0,20148.1,0.0,1883.0,0.0,0.0,0.0,0.0,0.0,0.0,0.0,0.0,0.0,0.0,0.0,0.0,0.0,0.0,0.0,0.0,0.0,0.0,0.0,0.0,0.0,0.0,0.0,46.79,0.5021,53.21,0.0,10.7
2020-08-12,1883.0,20148.1,0.07,2.73,0.07,0.02,0.0,20148.1,0.0,1883.0,0.0,0.0,0.0,0.0,0.0,0.0,0.0,0.0,0.0,0.0,0.0,0.0,0.0,0.0,0.0,0.0,0.0,0.0,0.0,0.0,0.0,0.0,0.0,46.79,0.5021,53.21,0.0,10.7
2020-08-13,1883.0,19959.8,0.07,2.73,0.07,0.02,0.0,19959.8,0.0,1883.0,0.0,0.0,0.0,0.0,0.0,0.0,0.0,0.0,0.0,0.0,0.0,0.0,0.0,0.0,0.0,0.0,0.0,0.0,0.0,0.0,0.0,0.0,0.0,46.55,0.5024,53.45,0.0,10.6
2020-08-14,1883.0,21466.2,0.07,2.7,0.07,0.02,0.0,21466.2,0.0,1883.0,0.0,0.0,0.0,0.0,0.0,0.0,0.0,0.0,0.0,0.0,0.0,0.0,0.0,0.0,0.0,0.0,0.0,0.0,0.0,0.0,0.0,0.0,0.0,48.6,0.5004,51.4,0.0,11.4
2020-08-17,1883.0,21372.05,0.07,2.36,0.07,0.02,0.0,21372.05,0.0,1883.0,0.0,0.0,0.0,0.0,0.0,0.0,0.0,0.0,0.0,0.0,0.0,0.0,0.0,0.0,0.0,0.0,0.0,0.0,0.0,0.0,0.0,0.0,0.0,46.68,0.5022,53.32,0.0,11.35
2020-08-18,1883.0,21183.75,0.07,2.2,0.07,0.02,0.0,21183.75,0.0,1883.0,0.0,0.0,0.0,0.0,0.0,0.0,0.0,0.0,0.0,0.0,0.0,0.0,0.0,0.0,0.0,0.0,0.0,0.0,0.0,0.0,0.0,0.0,0.0,46.57,0.5024,53.43,0.0,11.25
2020-08-19,1883.0,21466.2,0.07,2.03,0.07,0.02,0.0,21466.2,0.0,1883.0,0.0,0.0,0.0,0.0,0.0,0.0,0.0,0.0,0.0,0.0,0.0,0.0,0.0,0.0,0.0,0.0,0.0,0.0,0.0,0.0,0.0,0.0,0.0,47.12,0.5017,52.88,0.0,11.4
2020-08-20,1883.0,21466.2,0.07,2.39,0.07,0.02,0.0,21466.2,0.0,1883.0,0.0,0.0,0.0,0.0,0.0,0.0,0.0,0.0,0.0,0.0,0.0,0.0,0.0,0.0,0.0,0.0,0.0,0.0,0.0,0.0,0.0,0.0,0.0,46.79,0.5021,53.21,0.0,11.4
2020-08-21,1883.0,21372.05,0.07,2.4,0.07,0.02,0.0,21372.05,0.0,1883.0,0.0,0.0,0.0,0.0,0.0,0.0,0.0,0.0,0.0,0.0,0.0,0.0,0.0,0.0,0.0,0.0,0.0,0.0,0.0,0.0,0.0,0.0,0.0,46.68,0.5022,53.32,0.0,11.35
2020-08-24,1883.0,21466.2,0.07,2.68,0.07,0.02,0.0,21466.2,0.0,1883.0,0.0,0.0,0.0,0.0,0.0,0.0,0.0,0.0,0.0,0.0,0.0,0.0,0.0,0.0,0.0,0.0,0.0,0.0,0.0,0.0,0.0,0.0,0.0,46.9,0.5019,53.1,0.0,11.4
2020-08-25,1883.0,21183.75,0.07,2.68,0.07,0.02,0.0,21183.75,0.0,1883.0,0.0,0.0,0.0,0.0,0.0,0.0,0.0,0.0,0.0,0.0,0.0,0.0,0.0,0.0,0.0,0.0,0.0,0.0,0.0,0.0,0.0,0.0,0.0,46.46,0.5025,53.54,0.0,11.25
2020-08-26,1883.0,21183.75,0.07,2.61,0.07,0.02,0.0,21183.75,0.0,1883.0,0.0,0.0,0.0,0.0,0.0,0.0,0.0,0.0,0.0,0.0,0.0,0.0,0.0,0.0,0.0,0.0,0.0,0.0,0.0,0.0,0.0,0.0,0.0,46.79,0.5021,53.21,0.0,11.25
2020-08-27,1883.0,21654.5,0.07,2.61,0.07,0.02,0.0,21654.5,0.0,1883.0,0.0,0.0,0.0,0.0,0.0,0.0,0.0,0.0,0.0,0.0,0.0,0.0,0.0,0.0,0.0,0.0,0.0,0.0,0.0,0.0,0.0,0.0,0.0,47.33,0.5014,52.67,0.0,11.5
2020-08-28,1883.0,21842.8,0.07,2.9,0.07,0.02,0.0,21842.8,0.0,1883.0,0.0,0.0,0.0,0.0,0.0,0.0,0.0,0.0,0.0,0.0,0.0,0.0,0.0,0.0,0.0,0.0,0.0,0.0,0.0,0.0,0.0,0.0,0.0,47.0,0.5018,53.0,0.0,11.6
2020-08-31,1883.0,21842.8,0.07,2.92,0.07,0.02,0.0,21842.8,0.0,1883.0,0.0,0.0,0.0,0.0,0.0,0.0,0.0,0.0,0.0,0.0,0.0,0.0,0.0,0.0,0.0,0.0,0.0,0.0,0.0,0.0,0.0,0.0,0.0,47.0,0.5018,53.0,0.0,11.6
2020-09-01,1883.0,21842.8,0.07,2.84,0.07,0.02,0.0,21842.8,0.0,1883.0,0.0,0.0,0.0,0.0,0.0,0.0,0.0,0.0,0.0,0.0,0.0,0.0,0.0,0.0,0.0,0.0,0.0,0.0,0.0,0.0,0.0,0.0,0.0,46.79,0.5021,53.21,0.0,11.6
2020-09-02,1883.0,21842.8,0.07,2.61,0.07,0.02,0.0,21842.8,0.0,1883.0,0.0,0.0,0.0,0.0,0.0,0.0,0.0,0.0,0.0,0.0,0.0,0.0,0.0,0.0,0.0,0.0,0.0,0.0,0.0,0.0,0.0,0.0,0.0,46.79,0.5021,53.21,0.0,11.6
2020-09-03,1883.0,21842.8,0.07,2.74,0.07,0.02,0.0,21842.8,0.0,1883.0,0.0,0.0,0.0,0.0,0.0,0.0,0.0,0.0,0.0,0.0,0.0,0.0,0.0,0.0,0.0,0.0,0.0,0.0,0.0,0.0,0.0,0.0,0.0,46.79,0.5021,53.21,0.0,11.6
2020-09-04,1883.0,21842.8,0.07,2.76,0.07,0.02,0.0,21842.8,0.0,1883.0,0.0,0.0,0.0,0.0,0.0,0.0,0.0,0.0,0.0,0.0,0.0,0.0,0.0,0.0,0.0,0.0,0.0,0.0,0.0,0.0,0.0,0.0,0.0,46.79,0.5021,53.21,0.0,11.6
2020-09-07,1883.0,21654.5,0.07,3.02,0.07,0.02,0.0,21654.5,0.0,1883.0,0.0,0.0,0.0,0.0,0.0,0.0,0.0,0.0,0.0,0.0,0.0,0.0,0.0,0.0,0.0,0.0,0.0,0.0,0.0,0.0,0.0,0.0,0.0,46.57,0.5024,53.43,0.0,11.5
2020-09-08,1883.0,21654.5,0.07,3.02,0.07,0.02,0.0,21654.5,0.0,1883.0,0.0,0.0,0.0,0.0,0.0,0.0,0.0,0.0,0.0,0.0,0.0,0.0,0.0,0.0,0.0,0.0,0.0,0.0,0.0,0.0,0.0,0.0,0.0,46.79,0.5021,53.21,0.0,11.5
2020-09-09,1883.0,21560.35,0.07,2.99,0.07,0.02,0.0,21560.35,0.0,1883.0,0.0,0.0,0.0,0.0,0.0,0.0,0.0,0.0,0.0,0.0,0.0,0.0,0.0,0.0,0.0,0.0,0.0,0.0,0.0,0.0,0.0,0.0,0.0,46.68,0.5022,53.32,0.0,11.45
2020-09-10,1883.0,22313.55,0.07,2.97,0.07,0.02,0.0,22313.55,0.0,1883.0,0.0,0.0,0.0,0.0,0.0,0.0,0.0,0.0,0.0,0.0,0.0,0.0,0.0,0.0,0.0,0.0,0.0,0.0,0.0,0.0,0.0,0.0,0.0,47.64,0.5011,52.36,0.0,11.85
2020-09-11,1883.0,22313.55,0.07,3.12,0.07,0.02,0.0,22313.55,0.0,1883.0,0.0,0.0,0.0,0.0,0.0,0.0,0.0,0.0,0.0,0.0,0.0,0.0,0.0,0.0,0.0,0.0,0.0,0.0,0.0,0.0,0.0,0.0,0.0,46.79,0.5021,53.21,0.0,11.85
2020-09-14,1883.0,22407.7,0.07,3.14,0.07,0.02,0.0,22407.7,0.0,1883.0,0.0,0.0,0.0,0.0,0.0,0.0,0.0,0.0,0.0,0.0,0.0,0.0,0.0,0.0,0.0,0.0,0.0,0.0,0.0,0.0,0.0,0.0,0.0,46.89,0.5019,53.11,0.0,11.9
2020-09-15,1883.0,22407.7,0.07,3.0,0.07,0.02,0.0,22407.7,0.0,1883.0,0.0,0.0,0.0,0.0,0.0,0.0,0.0,0.0,0.0,0.0,0.0,0.0,0.0,0.0,0.0,0.0,0.0,0.0,0.0,0.0,0.0,0.0,0.0,46.79,0.5021,53.21,0.0,11.9
2020-09-16,1002.0,11923.8,0.04,1.66,0.04,0.01,0.0,11923.8,0.0,1002.0,0.0,0.0,0.0,0.0,0.0,0.0,0.0,0.0,0.0,0.0,0.0,0.0,0.0,0.0,881.0,0.0,0.01,0.0,0.0,0.0,0.0,0.0,0.0,0.0,1.0,100.0,0.0,11.9
2020-09-17,1002.0,11923.8,0.04,1.67,0.04,0.01,0.0,11923.8,0.0,1002.0,0.0,0.0,0.0,0.0,0.0,0.0,0.0,0.0,0.0,0.0,0.0,0.0,0.0,0.0,0.0,0.0,0.0,0.0,0.0,0.0,0.0,0.0,0.0,0.0,1.0,100.0,0.0,11.9
2020-09-18,1002.0,11923.8,0.04,1.68,0.04,0.01,0.0,11923.8,0.0,1002.0,0.0,0.0,0.0,0.0,0.0,0.0,0.0,0.0,0.0,0.0,0.0,0.0,0.0,0.0,0.0,0.0,0.0,0.0,0.0,0.0,0.0,0.0,0.0,0.0,1.0,100.0,0.0,11.9
2020-09-21,1002.0,11973.9,0.04,1.39,0.04,0.01,0.0,11973.9,0.0,1002.0,0.0,0.0,0.0,0.0,0.0,0.0,0.0,0.0,0.0,0.0,0.0,0.0,0.0,0.0,0.0,0.0,0.0,0.0,0.0,0.0,0.0,0.0,0.0,0.0,1.0,100.0,0.0,11.95
2020-09-22,1002.0,11973.9,0.04,1.35,0.04,0.01,0.0,11973.9,0.0,1002.0,0.0,0.0,0.0,0.0,0.0,0.0,0.0,0.0,0.0,0.0,0.0,0.0,0.0,0.0,0.0,0.0,0.0,0.0,0.0,0.0,0.0,0.0,0.0,0.0,1.0,100.0,0.0,11.95
2020-09-23,1002.0,11973.9,0.04,1.34,0.04,0.01,0.0,11973.9,0.0,1002.0,0.0,0.0,0.0,0.0,0.0,0.0,0.0,0.0,0.0,0.0,0.0,0.0,0.0,0.0,0.0,0.0,0.0,0.0,0.0,0.0,0.0,0.0,0.0,0.0,1.0,100.0,0.0,11.95
2020-09-24,1002.0,11973.9,0.04,1.34,0.04,0.01,0.0,11973.9,0.0,1002.0,0.0,0.0,0.0,0.0,0.0,0.0,0.0,0.0,0.0,0.0,0.0,0.0,0.0,0.0,0.0,0.0,0.0,0.0,0.0,0.0,0.0,0.0,0.0,0.0,1.0,100.0,0.0,11.95
2020-09-25,1002.0,11873.7,0.04,1.35,0.04,0.01,0.0,11873.7,0.0,1002.0,0.0,0.0,0.0,0.0,0.0,0.0,0.0,0.0,0.0,0.0,0.0,0.0,0.0,0.0,0.0,0.0,0.0,0.0,0.0,0.0,0.0,0.0,0.0,0.0,1.0,100.0,0.0,11.85
2020-09-28,1002.0,11873.7,0.04,1.58,0.04,0.01,0.0,11873.7,0.0,1002.0,0.0,0.0,0.0,0.0,0.0,0.0,0.0,0.0,0.0,0.0,0.0,0.0,0.0,0.0,0.0,0.0,0.0,0.0,0.0,0.0,0.0,0.0,0.0,0.0,1.0,100.0,0.0,11.85
2020-09-29,1002.0,11873.7,0.04,1.8,0.04,0.01,0.0,11873.7,0.0,1002.0,0.0,0.0,0.0,0.0,0.0,0.0,0.0,0.0,0.0,0.0,0.0,0.0,0.0,0.0,0.0,0.0,0.0,0.0,0.0,0.0,0.0,0.0,0.0,0.0,1.0,100.0,0.0,11.85
2020-09-30,1002.0,11873.7,0.04,2.06,0.04,0.01,0.0,11873.7,0.0,1002.0,0.0,0.0,0.0,0.0,0.0,0.0,0.0,0.0,0.0,0.0,0.0,0.0,0.0,0.0,0.0,0.0,0.0,0.0,0.0,0.0,0.0,0.0,0.0,0.0,1.0,100.0,0.0,11.85
2020-10-01,1002.0,11873.7,0.04,2.05,0.04,0.01,0.0,11873.7,0.0,1002.0,0.0,0.0,0.0,0.0,0.0,0.0,0.0,0.0,0.0,0.0,0.0,0.0,0.0,0.0,0.0,0.0,0.0,0.0,0.0,0.0,0.0,0.0,0.0,0.0,1.0,100.0,0.0,11.85
2020-10-02,1002.0,11873.7,0.04,2.1,0.04,0.01,0.0,11873.7,0.0,1002.0,0.0,0.0,0.0,0.0,0.0,0.0,0.0,0.0,0.0,0.0,0.0,0.0,0.0,0.0,0.0,0.0,0.0,0.0,0.0,0.0,0.0,0.0,0.0,0.0,1.0,100.0,0.0,11.85
2020-10-05,1002.0,11873.7,0.04,2.02,0.04,0.01,0.0,11873.7,0.0,1002.0,0.0,0.0,0.0,0.0,0.0,0.0,0.0,0.0,0.0,0.0,0.0,0.0,0.0,0.0,0.0,0.0,0.0,0.0,0.0,0.0,0.0,0.0,0.0,0.0,1.0,100.0,0.0,11.85
2020-10-06,1002.0,11823.6,0.04,2.02,0.04,0.01,0.0,11823.6,0.0,1002.0,0.0,0.0,0.0,0.0,0.0,0.0,0.0,0.0,0.0,0.0,0.0,0.0,0.0,0.0,0.0,0.0,0.0,0.0,0.0,0.0,0.0,0.0,0.0,0.0,1.0,100.0,0.0,11.8
2020-10-07,1002.0,11823.6,0.04,2.09,0.04,0.01,0.0,11823.6,0.0,1002.0,0.0,0.0,0.0,0.0,0.0,0.0,0.0,0.0,0.0,0.0,0.0,0.0,0.0,0.0,0.0,0.0,0.0,0.0,0.0,0.0,0.0,0.0,0.0,0.0,1.0,100.0,0.0,11.8
2020-10-08,1002.0,11873.7,0.04,2.09,0.04,0.01,0.0,11873.7,0.0,1002.0,0.0,0.0,0.0,0.0,0.0,0.0,0.0,0.0,0.0,0.0,0.0,0.0,0.0,0.0,0.0,0.0,0.0,0.0,0.0,0.0,0.0,0.0,0.0,0.0,1.0,100.0,0.0,11.85
2020-10-09,1002.0,11823.6,0.04,2.31,0.04,0.01,0.0,11823.6,0.0,1002.0,0.0,0.0,0.0,0.0,0.0,0.0,0.0,0.0,0.0,0.0,0.0,0.0,0.0,0.0,0.0,0.0,0.0,0.0,0.0,0.0,0.0,0.0,0.0,0.0,1.0,100.0,0.0,11.8
2020-10-12,1002.0,11873.7,0.04,2.21,0.04,0.01,0.0,11873.7,0.0,1002.0,0.0,0.0,0.0,0.0,0.0,0.0,0.0,0.0,0.0,0.0,0.0,0.0,0.0,0.0,0.0,0.0,0.0,0.0,0.0,0.0,0.0,0.0,0.0,0.0,1.0,100.0,0.0,11.85
2020-10-13,1002.0,11873.7,0.04,2.35,0.04,0.01,0.0,11873.7,0.0,1002.0,0.0,0.0,0.0,0.0,0.0,0.0,0.0,0.0,0.0,0.0,0.0,0.0,0.0,0.0,0.0,0.0,0.0,0.0,0.0,0.0,0.0,0.0,0.0,0.0,1.0,100.0,0.0,11.85
2020-10-14,1002.0,11773.5,0.04,2.72,0.04,0.01,0.0,11773.5,0.0,1002.0,0.0,0.0,0.0,0.0,0.0,0.0,0.0,0.0,0.0,0.0,0.0,0.0,0.0,0.0,0.0,0.0,0.0,0.0,0.0,0.0,0.0,0.0,0.0,0.0,1.0,100.0,0.0,11.75
2020-10-15,1002.0,11372.7,0.04,2.55,0.04,0.01,0.0,11372.7,0.0,1002.0,0.0,0.0,0.0,0.0,0.0,0.0,0.0,0.0,0.0,0.0,0.0,0.0,0.0,0.0,0.0,0.0,0.0,0.0,0.0,0.0,0.0,0.0,0.0,0.0,1.0,100.0,0.0,11.35
2020-10-16,1002.0,11873.7,0.04,2.48,0.04,0.01,0.0,11873.7,0.0,1002.0,0.0,0.0,0.0,0.0,0.0,0.0,0.0,0.0,0.0,0.0,0.0,0.0,0.0,0.0,0.0,0.0,0.0,0.0,0.0,0.0,0.0,0.0,0.0,0.0,1.0,100.0,0.0,11.85
2020-10-19,1002.0,11823.6,0.04,2.39,0.04,0.01,0.0,11823.6,0.0,1002.0,0.0,0.0,0.0,0.0,0.0,0.0,0.0,0.0,0.0,0.0,0.0,0.0,0.0,0.0,0.0,0.0,0.0,0.0,0.0,0.0,0.0,0.0,0.0,0.0,1.0,100.0,0.0,11.8
2020-10-20,1002.0,11873.7,0.04,2.39,0.04,0.01,0.0,11873.7,0.0,1002.0,0.0,0.0,0.0,0.0,0.0,0.0,0.0,0.0,0.0,0.0,0.0,0.0,0.0,0.0,0.0,0.0,0.0,0.0,0.0,0.0,0.0,0.0,0.0,0.0,1.0,100.0,0.0,11.85
2020-10-21,1002.0,11873.7,0.04,2.23,0.04,0.01,0.0,11873.7,0.0,1002.0,0.0,0.0,0.0,0.0,0.0,0.0,0.0,0.0,0.0,0.0,0.0,0.0,0.0,0.0,0.0,0.0,0.0,0.0,0.0,0.0,0.0,0.0,0.0,0.0,1.0,100.0,0.0,11.85
2020-10-22,1002.0,11873.7,0.04,2.25,0.04,0.01,0.0,11873.7,0.0,1002.0,0.0,0.0,0.0,0.0,0.0,0.0,0.0,0.0,0.0,0.0,0.0,0.0,0.0,0.0,0.0,0.0,0.0,0.0,0.0,0.0,0.0,0.0,0.0,0.0,1.0,100.0,0.0,11.85
2020-10-23,1002.0,13226.4,0.04,2.53,0.04,0.01,0.0,13226.4,0.0,1002.0,0.0,0.0,0.0,0.0,0.0,0.0,0.0,0.0,0.0,0.0,0.0,0.0,0.0,0.0,0.0,0.0,0.0,0.0,0.0,0.0,0.0,0.0,0.0,0.0,1.0,100.0,0.0,13.2
2020-10-26,1002.0,12525.0,0.04,1.61,0.04,0.01,0.0,12525.0,0.0,1002.0,0.0,0.0,0.0,0.0,0.0,0.0,0.0,0.0,0.0,0.0,0.0,0.0,0.0,0.0,0.0,0.0,0.0,0.0,0.0,0.0,0.0,0.0,0.0,0.0,1.0,100.0,0.0,12.5
2020-10-27,1002.0,12525.0,0.04,1.57,0.04,0.01,0.0,12525.0,0.0,1002.0,0.0,0.0,0.0,0.0,0.0,0.0,0.0,0.0,0.0,0.0,0.0,0.0,0.0,0.0,0.0,0.0,0.0,0.0,0.0,0.0,0.0,0.0,0.0,0.0,1.0,100.0,0.0,12.5
2020-10-28,1002.0,11523.0,0.04,1.49,0.04,0.01,0.0,11523.0,0.0,1002.0,0.0,0.0,0.0,0.0,0.0,0.0,0.0,0.0,0.0,0.0,0.0,0.0,0.0,0.0,0.0,0.0,0.0,0.0,0.0,0.0,0.0,0.0,0.0,0.0,1.0,100.0,0.0,11.5
2020-10-29,1002.0,9038.04,0.04,1.43,0.04,0.01,0.0,9038.04,0.0,1002.0,0.0,0.0,0.0,0.0,0.0,0.0,0.0,0.0,0.0,0.0,0.0,0.0,0.0,0.0,0.0,0.0,0.0,0.0,0.0,0.0,0.0,0.0,0.0,0.0,1.0,100.0,0.0,9.02
2020-10-30,1002.0,9559.08,0.04,1.02,0.04,0.01,0.0,9559.08,0.0,1002.0,0.0,0.0,0.0,0.0,0.0,0.0,0.0,0.0,0.0,0.0,0.0,0.0,0.0,0.0,0.0,0.0,0.0,0.0,0.0,0.0,0.0,0.0,0.0,0.0,1.0,100.0,0.0,9.54
2020-11-02,1002.0,9098.16,0.04,1.13,0.04,0.01,0.0,9098.16,0.0,1002.0,0.0,0.0,0.0,0.0,0.0,0.0,0.0,0.0,0.0,0.0,0.0,0.0,0.0,0.0,0.0,0.0,0.0,0.0,0.0,0.0,0.0,0.0,0.0,0.0,1.0,100.0,0.0,9.08
2020-11-03,1002.0,8857.68,0.04,1.12,0.04,0.01,0.0,8857.68,0.0,1002.0,0.0,0.0,0.0,0.0,0.0,0.0,0.0,0.0,0.0,0.0,0.0,0.0,0.0,0.0,0.0,0.0,0.0,0.0,0.0,0.0,0.0,0.0,0.0,0.0,1.0,100.0,0.0,8.84
2020-11-04,1002.0,9018.0,0.04,1.08,0.04,0.01,0.0,9018.0,0.0,1002.0,0.0,0.0,0.0,0.0,0.0,0.0,0.0,0.0,0.0,0.0,0.0,0.0,0.0,0.0,0.0,0.0,0.0,0.0,0.0,0.0,0.0,0.0,0.0,0.0,1.0,100.0,0.0,9.0
2020-11-05,1002.0,9018.0,0.04,1.08,0.04,0.01,0.0,9018.0,0.0,1002.0,0.0,0.0,0.0,0.0,0.0,0.0,0.0,0.0,0.0,0.0,0.0,0.0,0.0,0.0,0.0,0.0,0.0,0.0,0.0,0.0,0.0,0.0,0.0,0.0,1.0,100.0,0.0,9.0
2020-11-06,1002.0,8997.96,0.04,1.07,0.04,0.01,0.0,8997.96,0.0,1002.0,0.0,0.0,0.0,0.0,0.0,0.0,0.0,0.0,0.0,0.0,0.0,0.0,0.0,0.0,0.0,0.0,0.0,0.0,0.0,0.0,0.0,0.0,0.0,0.0,1.0,100.0,0.0,8.98
2020-11-09,1002.0,10320.6,0.04,1.05,0.04,0.01,0.0,10320.6,0.0,1002.0,0.0,0.0,0.0,0.0,0.0,0.0,0.0,0.0,0.0,0.0,0.0,0.0,0.0,0.0,0.0,0.0,0.0,0.0,0.0,0.0,0.0,0.0,0.0,0.0,1.0,100.0,0.0,10.3
2020-11-10,1002.0,9819.6,0.04,0.98,0.04,0.01,0.0,9819.6,0.0,1002.0,0.0,0.0,0.0,0.0,0.0,0.0,0.0,0.0,0.0,0.0,0.0,0.0,0.0,0.0,0.0,0.0,0.0,0.0,0.0,0.0,0.0,0.0,0.0,0.0,1.0,100.0,0.0,9.8
2020-11-11,1002.0,10220.4,0.04,0.98,0.04,0.01,0.0,10220.4,0.0,1002.0,0.0,0.0,0.0,0.0,0.0,0.0,0.0,0.0,0.0,0.0,0.0,0.0,0.0,0.0,0.0,0.0,0.0,0.0,0.0,0.0,0.0,0.0,0.0,0.0,1.0,100.0,0.0,10.2
2020-11-12,1002.0,10220.4,0.04,0.95,0.04,0.01,0.0,10220.4,0.0,1002.0,0.0,0.0,0.0,0.0,0.0,0.0,0.0,0.0,0.0,0.0,0.0,0.0,0.0,0.0,0.0,0.0,0.0,0.0,0.0,0.0,0.0,0.0,0.0,0.0,1.0,100.0,0.0,10.2
2020-11-13,1002.0,10671.3,0.04,0.94,0.04,0.01,0.0,10671.3,0.0,1002.0,0.0,0.0,0.0,0.0,0.0,0.0,0.0,0.0,0.0,0.0,0.0,0.0,0.0,0.0,0.0,0.0,0.0,0.0,0.0,0.0,0.0,0.0,0.0,0.0,1.0,100.0,0.0,10.65
2020-11-16,1002.0,10771.5,0.04,0.93,0.04,0.01,0.0,10771.5,0.0,1002.0,0.0,0.0,0.0,0.0,0.0,0.0,0.0,0.0,0.0,0.0,0.0,0.0,0.0,0.0,0.0,0.0,0.0,0.0,0.0,0.0,0.0,0.0,0.0,0.0,1.0,100.0,0.0,10.75
2020-11-17,1002.0,10721.4,0.04,0.92,0.04,0.01,0.0,10721.4,0.0,1002.0,0.0,0.0,0.0,0.0,0.0,0.0,0.0,0.0,0.0,0.0,0.0,0.0,0.0,0.0,0.0,0.0,0.0,0.0,0.0,0.0,0.0,0.0,0.0,0.0,1.0,100.0,0.0,10.7
2020-11-18,1002.0,10721.4,0.04,0.91,0.04,0.01,0.0,10721.4,0.0,1002.0,0.0,0.0,0.0,0.0,0.0,0.0,0.0,0.0,0.0,0.0,0.0,0.0,0.0,0.0,0.0,0.0,0.0,0.0,0.0,0.0,0.0,0.0,0.0,0.0,1.0,100.0,0.0,10.7
2020-11-19,1002.0,10721.4,0.04,0.91,0.04,0.01,0.0,10721.4,0.0,1002.0,0.0,0.0,0.0,0.0,0.0,0.0,0.0,0.0,0.0,0.0,0.0,0.0,0.0,0.0,0.0,0.0,0.0,0.0,0.0,0.0,0.0,0.0,0.0,0.0,1.0,100.0,0.0,10.7
2020-11-20,1002.0,10771.5,0.04,0.92,0.04,0.01,0.0,10771.5,0.0,1002.0,0.0,0.0,0.0,0.0,0.0,0.0,0.0,0.0,0.0,0.0,0.0,0.0,0.0,0.0,0.0,0.0,0.0,0.0,0.0,0.0,0.0,0.0,0.0,0.0,1.0,100.0,0.0,10.75
2020-11-23,1002.0,10721.4,0.04,0.92,0.04,0.01,0.0,10721.4,0.0,1002.0,0.0,0.0,0.0,0.0,0.0,0.0,0.0,0.0,0.0,0.0,0.0,0.0,0.0,0.0,0.0,0.0,0.0,0.0,0.0,0.0,0.0,0.0,0.0,0.0,1.0,100.0,0.0,10.7
2020-11-24,1002.0,10721.4,0.04,0.9,0.04,0.01,0.0,10721.4,0.0,1002.0,0.0,0.0,0.0,0.0,0.0,0.0,0.0,0.0,0.0,0.0,0.0,0.0,0.0,0.0,0.0,0.0,0.0,0.0,0.0,0.0,0.0,0.0,0.0,0.0,1.0,100.0,0.0,10.7
2020-11-25,1002.0,10721.4,0.04,0.89,0.04,0.01,0.0,10721.4,0.0,1002.0,0.0,0.0,0.0,0.0,0.0,0.0,0.0,0.0,0.0,0.0,0.0,0.0,0.0,0.0,0.0,0.0,0.0,0.0,0.0,0.0,0.0,0.0,0.0,0.0,1.0,100.0,0.0,10.7
2020-11-26,1002.0,10571.1,0.04,0.91,0.04,0.01,0.0,10571.1,0.0,1002.0,0.0,0.0,0.0,0.0,0.0,0.0,0.0,0.0,0.0,0.0,0.0,0.0,0.0,0.0,0.0,0.0,0.0,0.0,0.0,0.0,0.0,0.0,0.0,0.0,1.0,100.0,0.0,10.55
2020-11-27,1002.0,10721.4,0.04,0.91,0.04,0.01,0.0,10721.4,0.0,1002.0,0.0,0.0,0.0,0.0,0.0,0.0,0.0,0.0,0.0,0.0,0.0,0.0,0.0,0.0,0.0,0.0,0.0,0.0,0.0,0.0,0.0,0.0,0.0,0.0,1.0,100.0,0.0,10.7
2020-11-30,1002.0,10571.1,0.04,0.9,0.04,0.01,0.0,10571.1,0.0,1002.0,0.0,0.0,0.0,0.0,0.0,0.0,0.0,0.0,0.0,0.0,0.0,0.0,0.0,0.0,0.0,0.0,0.0,0.0,0.0,0.0,0.0,0.0,0.0,0.0,1.0,100.0,0.0,10.55
2020-12-01,1002.0,10721.4,0.04,0.9,0.04,0.01,0.0,10721.4,0.0,1002.0,0.0,0.0,0.0,0.0,0.0,0.0,0.0,0.0,0.0,0.0,0.0,0.0,0.0,0.0,0.0,0.0,0.0,0.0,0.0,0.0,0.0,0.0,0.0,0.0,1.0,100.0,0.0,10.7
2020-12-02,1002.0,10721.4,0.04,0.93,0.04,0.01,0.0,10721.4,0.0,1002.0,0.0,0.0,0.0,0.0,0.0,0.0,0.0,0.0,0.0,0.0,0.0,0.0,0.0,0.0,0.0,0.0,0.0,0.0,0.0,0.0,0.0,0.0,0.0,0.0,1.0,100.0,0.0,10.7
2020-12-03,1002.0,10521.0,0.04,0.9,0.04,0.01,0.0,10521.0,0.0,1002.0,0.0,0.0,0.0,0.0,0.0,0.0,0.0,0.0,0.0,0.0,0.0,0.0,0.0,0.0,0.0,0.0,0.0,0.0,0.0,0.0,0.0,0.0,0.0,0.0,1.0,100.0,0.0,10.5
2020-12-04,1002.0,10420.8,0.04,0.9,0.04,0.01,0.0,10420.8,0.0,1002.0,0.0,0.0,0.0,0.0,0.0,0.0,0.0,0.0,0.0,0.0,0.0,0.0,0.0,0.0,0.0,0.0,0.0,0.0,0.0,0.0,0.0,0.0,0.0,0.0,1.0,100.0,0.0,10.4
2020-12-07,1002.0,10120.2,0.04,1.12,0.04,0.01,0.0,10120.2,0.0,1002.0,0.0,0.0,0.0,0.0,0.0,0.0,0.0,0.0,0.0,0.0,0.0,0.0,0.0,0.0,0.0,0.0,0.0,0.0,0.0,0.0,0.0,0.0,0.0,0.0,1.0,100.0,0.0,10.1
2020-12-08,1002.0,10120.2,0.04,1.15,0.04,0.01,0.0,10120.2,0.0,1002.0,0.0,0.0,0.0,0.0,0.0,0.0,0.0,0.0,0.0,0.0,0.0,0.0,0.0,0.0,0.0,0.0,0.0,0.0,0.0,0.0,0.0,0.0,0.0,0.0,1.0,100.0,0.0,10.1
2020-12-09,1002.0,9999.96,0.04,1.16,0.04,0.01,0.0,9999.96,0.0,1002.0,0.0,0.0,0.0,0.0,0.0,0.0,0.0,0.0,0.0,0.0,0.0,0.0,0.0,0.0,0.0,0.0,0.0,0.0,0.0,0.0,0.0,0.0,0.0,0.0,1.0,100.0,0.0,9.98
2020-12-10,1002.0,9919.8,0.04,1.14,0.04,0.01,0.0,9919.8,0.0,1002.0,0.0,0.0,0.0,0.0,0.0,0.0,0.0,0.0,0.0,0.0,0.0,0.0,0.0,0.0,0.0,0.0,0.0,0.0,0.0,0.0,0.0,0.0,0.0,0.0,1.0,100.0,0.0,9.9
2020-12-11,1002.0,10320.6,0.04,1.65,0.04,0.01,0.0,10320.6,0.0,1002.0,0.0,0.0,0.0,0.0,0.0,0.0,0.0,0.0,0.0,0.0,0.0,0.0,0.0,0.0,0.0,0.0,0.0,0.0,0.0,0.0,0.0,0.0,0.0,0.0,1.0,100.0,0.0,10.3
2020-12-14,1002.0,10320.6,0.04,1.53,0.04,0.01,0.0,10320.6,0.0,1002.0,0.0,0.0,0.0,0.0,0.0,0.0,0.0,0.0,0.0,0.0,0.0,0.0,0.0,0.0,0.0,0.0,0.0,0.0,0.0,0.0,0.0,0.0,0.0,0.0,1.0,100.0,0.0,10.3
2020-12-15,1002.0,10320.6,0.04,1.4,0.04,0.01,0.0,10320.6,0.0,1002.0,0.0,0.0,0.0,0.0,0.0,0.0,0.0,0.0,0.0,0.0,0.0,0.0,0.0,0.0,0.0,0.0,0.0,0.0,0.0,0.0,0.0,0.0,0.0,0.0,1.0,100.0,0.0,10.3
2020-12-16,1002.0,10170.3,0.04,1.45,0.04,0.01,0.0,10170.3,0.0,1002.0,0.0,0.0,0.0,0.0,0.0,0.0,0.0,0.0,0.0,0.0,0.0,0.0,0.0,0.0,0.0,0.0,0.0,0.0,0.0,0.0,0.0,0.0,0.0,0.0,1.0,100.0,0.0,10.15
2020-12-17,1002.0,10020.0,0.04,1.45,0.04,0.01,0.0,10020.0,0.0,1002.0,0.0,0.0,0.0,0.0,0.0,0.0,0.0,0.0,0.0,0.0,0.0,0.0,0.0,0.0,0.0,0.0,0.0,0.0,0.0,0.0,0.0,0.0,0.0,0.0,1.0,100.0,0.0,10.0
2020-12-18,1002.0,10220.4,0.04,1.46,0.04,0.01,0.0,10220.4,0.0,1002.0,0.0,0.0,0.0,0.0,0.0,0.0,0.0,0.0,0.0,0.0,0.0,0.0,0.0,0.0,0.0,0.0,0.0,0.0,0.0,0.0,0.0,0.0,0.0,0.0,1.0,100.0,0.0,10.2
2020-12-21,1002.0,10220.4,0.04,1.44,0.04,0.01,0.0,10220.4,0.0,1002.0,0.0,0.0,0.0,0.0,0.0,0.0,0.0,0.0,0.0,0.0,0.0,0.0,0.0,0.0,0.0,0.0,0.0,0.0,0.0,0.0,0.0,0.0,0.0,0.0,1.0,100.0,0.0,10.2
2020-12-22,1002.0,10220.4,0.04,1.59,0.04,0.01,0.0,10220.4,0.0,1002.0,0.0,0.0,0.0,0.0,0.0,0.0,0.0,0.0,0.0,0.0,0.0,0.0,0.0,0.0,0.0,0.0,0.0,0.0,0.0,0.0,0.0,0.0,0.0,0.0,1.0,100.0,0.0,10.2
2020-12-23,1002.0,10320.6,0.04,1.52,0.04,0.01,0.0,10320.6,0.0,1002.0,0.0,0.0,0.0,0.0,0.0,0.0,0.0,0.0,0.0,0.0,0.0,0.0,0.0,0.0,0.0,0.0,0.0,0.0,0.0,0.0,0.0,0.0,0.0,0.0,1.0,100.0,0.0,10.3
2020-12-24,1002.0,10420.8,0.04,1.13,0.04,0.01,0.0,10420.8,0.0,1002.0,0.0,0.0,0.0,0.0,0.0,0.0,0.0,0.0,0.0,0.0,0.0,0.0,0.0,0.0,0.0,0.0,0.0,0.0,0.0,0.0,0.0,0.0,0.0,0.0,1.0,100.0,0.0,10.4
2020-12-25,1002.0,10420.8,0.04,1.14,0.04,0.01,0.0,10420.8,0.0,1002.0,0.0,0.0,0.0,0.0,0.0,0.0,0.0,0.0,0.0,0.0,0.0,0.0,0.0,0.0,0.0,0.0,0.0,0.0,0.0,0.0,0.0,0.0,0.0,0.0,1.0,100.0,0.0,0.0
2020-12-28,1002.0,10871.7,0.04,1.14,0.04,0.01,0.0,10871.7,0.0,1002.0,0.0,0.0,0.0,0.0,0.0,0.0,0.0,0.0,0.0,0.0,0.0,0.0,0.0,0.0,0.0,0.0,0.0,0.0,0.0,0.0,0.0,0.0,0.0,0.0,1.0,100.0,0.0,10.85
2020-12-29,1002.0,10721.4,0.04,1.17,0.04,0.01,0.0,10721.4,0.0,1002.0,0.0,0.0,0.0,0.0,0.0,0.0,0.0,0.0,0.0,0.0,0.0,0.0,0.0,0.0,0.0,0.0,0.0,0.0,0.0,0.0,0.0,0.0,0.0,0.0,1.0,100.0,0.0,10.7
2020-12-30,1002.0,10821.6,0.04,1.15,0.04,0.01,0.0,10821.6,0.0,1002.0,0.0,0.0,0.0,0.0,0.0,0.0,0.0,0.0,0.0,0.0,0.0,0.0,0.0,0.0,0.0,0.0,0.0,0.0,0.0,0.0,0.0,0.0,0.0,0.0,1.0,100.0,0.0,10.8
2020-12-31,1002.0,10871.7,0.04,1.15,0.04,0.01,0.0,10871.7,0.0,1002.0,0.0,0.0,0.0,0.0,0.0,0.0,0.0,0.0,0.0,0.0,0.0,0.0,0.0,0.0,0.0,0.0,0.0,0.0,0.0,0.0,0.0,0.0,0.0,0.0,1.0,100.0,0.0,10.85
2021-01-01,1002.0,10871.7,0.04,1.14,0.04,0.01,0.0,10871.7,0.0,1002.0,0.0,0.0,0.0,0.0,0.0,0.0,0.0,0.0,0.0,0.0,0.0,0.0,0.0,0.0,0.0,0.0,0.0,0.0,0.0,0.0,0.0,0.0,0.0,0.0,1.0,100.0,0.0,0.0
2021-01-04,1002.0,10821.6,0.04,1.14,0.04,0.01,0.0,10821.6,0.0,1002.0,0.0,0.0,0.0,0.0,0.0,0.0,0.0,0.0,0.0,0.0,0.0,0.0,0.0,0.0,0.0,0.0,0.0,0.0,0.0,0.0,0.0,0.0,0.0,0.0,1.0,100.0,0.0,10.8
2021-01-05,1002.0,10921.8,0.04,1.13,0.04,0.01,0.0,10921.8,0.0,1002.0,0.0,0.0,0.0,0.0,0.0,0.0,0.0,0.0,0.0,0.0,0.0,0.0,0.0,0.0,0.0,0.0,0.0,0.0,0.0,0.0,0.0,0.0,0.0,0.0,1.0,100.0,0.0,10.9
2021-01-06,1002.0,10921.8,0.04,1.16,0.04,0.01,0.0,10921.8,0.0,1002.0,0.0,0.0,0.0,0.0,0.0,0.0,0.0,0.0,0.0,0.0,0.0,0.0,0.0,0.0,0.0,0.0,0.0,0.0,0.0,0.0,0.0,0.0,0.0,0.0,1.0,100.0,0.0,10.9
2021-01-07,1002.0,11372.7,0.04,1.19,0.04,0.01,0.0,11372.7,0.0,1002.0,0.0,0.0,0.0,0.0,0.0,0.0,0.0,0.0,0.0,0.0,0.0,0.0,0.0,0.0,0.0,0.0,0.0,0.0,0.0,0.0,0.0,0.0,0.0,0.0,1.0,100.0,0.0,11.35
2021-01-08,1002.0,11172.3,0.04,1.15,0.04,0.01,0.0,11172.3,0.0,1002.0,0.0,0.0,0.0,0.0,0.0,0.0,0.0,0.0,0.0,0.0,0.0,0.0,0.0,0.0,0.0,0.0,0.0,0.0,0.0,0.0,0.0,0.0,0.0,0.0,1.0,100.0,0.0,11.15
2021-01-11,1002.0,10821.6,0.04,1.13,0.04,0.01,0.0,10821.6,0.0,1002.0,0.0,0.0,0.0,0.0,0.0,0.0,0.0,0.0,0.0,0.0,0.0,0.0,0.0,0.0,0.0,0.0,0.0,0.0,0.0,0.0,0.0,0.0,0.0,0.0,1.0,100.0,0.0,10.8
2021-01-12,1002.0,10771.5,0.04,1.14,0.04,0.01,0.0,10771.5,0.0,1002.0,0.0,0.0,0.0,0.0,0.0,0.0,0.0,0.0,0.0,0.0,0.0,0.0,0.0,0.0,0.0,0.0,0.0,0.0,0.0,0.0,0.0,0.0,0.0,0.0,1.0,100.0,0.0,10.75
2021-01-13,1002.0,10571.1,0.04,1.17,0.04,0.01,0.0,10571.1,0.0,1002.0,0.0,0.0,0.0,0.0,0.0,0.0,0.0,0.0,0.0,0.0,0.0,0.0,0.0,0.0,0.0,0.0,0.0,0.0,0.0,0.0,0.0,0.0,0.0,0.0,1.0,100.0,0.0,10.55
2021-01-14,1002.0,10721.4,0.04,1.17,0.04,0.01,0.0,10721.4,0.0,1002.0,0.0,0.0,0.0,0.0,0.0,0.0,0.0,0.0,0.0,0.0,0.0,0.0,0.0,0.0,0.0,0.0,0.0,0.0,0.0,0.0,0.0,0.0,0.0,0.0,1.0,100.0,0.0,10.7
2021-01-15,1002.0,10521.0,0.04,1.05,0.04,0.01,0.0,10521.0,0.0,1002.0,0.0,0.0,0.0,0.0,0.0,0.0,0.0,0.0,0.0,0.0,0.0,0.0,0.0,0.0,0.0,0.0,0.0,0.0,0.0,0.0,0.0,0.0,0.0,0.0,1.0,100.0,0.0,10.5
2021-01-18,1002.0,10370.7,0.04,1.09,0.04,0.01,0.0,10370.7,0.0,1002.0,0.0,0.0,0.0,0.0,0.0,0.0,0.0,0.0,0.0,0.0,0.0,0.0,0.0,0.0,0.0,0.0,0.0,0.0,0.0,0.0,0.0,0.0,0.0,0.0,1.0,100.0,0.0,10.35
2021-01-19,1002.0,10521.0,0.04,1.1,0.04,0.01,0.0,10521.0,0.0,1002.0,0.0,0.0,0.0,0.0,0.0,0.0,0.0,0.0,0.0,0.0,0.0,0.0,0.0,0.0,0.0,0.0,0.0,0.0,0.0,0.0,0.0,0.0,0.0,0.0,1.0,100.0,0.0,10.5
2021-01-20,1002.0,10771.5,0.04,1.09,0.04,0.01,0.0,10771.5,0.0,1002.0,0.0,0.0,0.0,0.0,0.0,0.0,0.0,0.0,0.0,0.0,0.0,0.0,0.0,0.0,0.0,0.0,0.0,0.0,0.0,0.0,0.0,0.0,0.0,0.0,1.0,100.0,0.0,10.75
2021-01-21,1002.0,10771.5,0.04,1.14,0.04,0.01,0.0,10771.5,0.0,1002.0,0.0,0.0,0.0,0.0,0.0,0.0,0.0,0.0,0.0,0.0,0.0,0.0,0.0,0.0,0.0,0.0,0.0,0.0,0.0,0.0,0.0,0.0,0.0,0.0,1.0,100.0,0.0,10.75
2021-01-22,1002.0,10821.6,0.04,1.14,0.04,0.01,0.0,10821.6,0.0,1002.0,0.0,0.0,0.0,0.0,0.0,0.0,0.0,0.0,0.0,0.0,0.0,0.0,0.0,0.0,0.0,0.0,0.0,0.0,0.0,0.0,0.0,0.0,0.0,0.0,1.0,100.0,0.0,10.8
2021-01-25,1002.0,10821.6,0.04,1.19,0.04,0.01,0.0,10821.6,0.0,1002.0,0.0,0.0,0.0,0.0,0.0,0.0,0.0,0.0,0.0,0.0,0.0,0.0,0.0,0.0,0.0,0.0,0.0,0.0,0.0,0.0,0.0,0.0,0.0,0.0,1.0,100.0,0.0,10.8
2021-01-26,1002.0,10070.1,0.04,1.17,0.04,0.01,0.0,10070.1,0.0,1002.0,0.0,0.0,0.0,0.0,0.0,0.0,0.0,0.0,0.0,0.0,0.0,0.0,0.0,0.0,0.0,0.0,0.0,0.0,0.0,0.0,0.0,0.0,0.0,0.0,1.0,100.0,0.0,10.05
2021-01-27,1002.0,10070.1,0.04,1.17,0.04,0.01,0.0,10070.1,0.0,1002.0,0.0,0.0,0.0,0.0,0.0,0.0,0.0,0.0,0.0,0.0,0.0,0.0,0.0,0.0,0.0,0.0,0.0,0.0,0.0,0.0,0.0,0.0,0.0,0.0,1.0,100.0,0.0,10.05
2021-01-28,1002.0,10020.0,0.04,1.33,0.04,0.01,0.0,10020.0,0.0,1002.0,0.0,0.0,0.0,0.0,0.0,0.0,0.0,0.0,0.0,0.0,0.0,0.0,0.0,0.0,0.0,0.0,0.0,0.0,0.0,0.0,0.0,0.0,0.0,0.0,1.0,100.0,0.0,10.0
2021-01-29,1002.0,9999.96,0.04,1.31,0.04,0.01,0.0,9999.96,0.0,1002.0,0.0,0.0,0.0,0.0,0.0,0.0,0.0,0.0,0.0,0.0,0.0,0.0,0.0,0.0,0.0,0.0,0.0,0.0,0.0,0.0,0.0,0.0,0.0,0.0,1.0,100.0,0.0,9.98
2021-02-01,1002.0,10020.0,0.04,1.3,0.04,0.01,0.0,10020.0,0.0,1002.0,0.0,0.0,0.0,0.0,0.0,0.0,0.0,0.0,0.0,0.0,0.0,0.0,0.0,0.0,0.0,0.0,0.0,0.0,0.0,0.0,0.0,0.0,0.0,0.0,1.0,100.0,0.0,10.0
2021-02-02,1002.0,9999.96,0.04,1.3,0.04,0.01,0.0,9999.96,0.0,1002.0,0.0,0.0,0.0,0.0,0.0,0.0,0.0,0.0,0.0,0.0,0.0,0.0,0.0,0.0,0.0,0.0,0.0,0.0,0.0,0.0,0.0,0.0,0.0,0.0,1.0,100.0,0.0,9.98
2021-02-03,1002.0,9999.96,0.04,1.35,0.04,0.01,0.0,9999.96,0.0,1002.0,0.0,0.0,0.0,0.0,0.0,0.0,0.0,0.0,0.0,0.0,0.0,0.0,0.0,0.0,0.0,0.0,0.0,0.0,0.0,0.0,0.0,0.0,0.0,0.0,1.0,100.0,0.0,9.98
2021-02-04,1002.0,9999.96,0.04,1.35,0.04,0.01,0.0,9999.96,0.0,1002.0,0.0,0.0,0.0,0.0,0.0,0.0,0.0,0.0,0.0,0.0,0.0,0.0,0.0,0.0,0.0,0.0,0.0,0.0,0.0,0.0,0.0,0.0,0.0,0.0,1.0,100.0,0.0,9.98
2021-02-05,1002.0,9999.96,0.04,1.41,0.04,0.01,0.0,9999.96,0.0,1002.0,0.0,0.0,0.0,0.0,0.0,0.0,0.0,0.0,0.0,0.0,0.0,0.0,0.0,0.0,0.0,0.0,0.0,0.0,0.0,0.0,0.0,0.0,0.0,0.0,1.0,100.0,0.0,9.98
2021-02-08,1002.0,9919.8,0.04,2.2,0.04,0.01,0.0,9919.8,0.0,1002.0,0.0,0.0,0.0,0.0,0.0,0.0,0.0,0.0,0.0,0.0,0.0,0.0,0.0,0.0,0.0,0.0,0.0,0.0,0.0,0.0,0.0,0.0,0.0,0.0,1.0,100.0,0.0,9.9
2021-02-09,1002.0,9859.68,0.04,2.22,0.04,0.01,0.0,9859.68,0.0,1002.0,0.0,0.0,0.0,0.0,0.0,0.0,0.0,0.0,0.0,0.0,0.0,0.0,0.0,0.0,0.0,0.0,0.0,0.0,0.0,0.0,0.0,0.0,0.0,0.0,1.0,100.0,0.0,9.84
2021-02-10,1002.0,9759.48,0.04,2.24,0.04,0.01,0.0,9759.48,0.0,1002.0,0.0,0.0,0.0,0.0,0.0,0.0,0.0,0.0,0.0,0.0,0.0,0.0,0.0,0.0,0.0,0.0,0.0,0.0,0.0,0.0,0.0,0.0,0.0,0.0,1.0,100.0,0.0,9.74
2021-02-11,1002.0,9979.92,0.04,2.38,0.04,0.01,0.0,9979.92,0.0,1002.0,0.0,0.0,0.0,0.0,0.0,0.0,0.0,0.0,0.0,0.0,0.0,0.0,0.0,0.0,0.0,0.0,0.0,0.0,0.0,0.0,0.0,0.0,0.0,0.0,1.0,100.0,0.0,9.96
2021-02-12,1002.0,9939.84,0.04,2.32,0.04,0.01,0.0,9939.84,0.0,1002.0,0.0,0.0,0.0,0.0,0.0,0.0,0.0,0.0,0.0,0.0,0.0,0.0,0.0,0.0,0.0,0.0,0.0,0.0,0.0,0.0,0.0,0.0,0.0,0.0,1.0,100.0,0.0,9.92
2021-02-15,1002.0,9979.92,0.04,2.18,0.04,0.01,0.0,9979.92,0.0,1002.0,0.0,0.0,0.0,0.0,0.0,0.0,0.0,0.0,0.0,0.0,0.0,0.0,0.0,0.0,0.0,0.0,0.0,0.0,0.0,0.0,0.0,0.0,0.0,0.0,1.0,100.0,0.0,9.96
2021-02-16,1002.0,9879.72,0.04,2.21,0.04,0.01,0.0,9879.72,0.0,1002.0,0.0,0.0,0.0,0.0,0.0,0.0,0.0,0.0,0.0,0.0,0.0,0.0,0.0,0.0,0.0,0.0,0.0,0.0,0.0,0.0,0.0,0.0,0.0,0.0,1.0,100.0,0.0,9.86
2021-02-17,1002.0,9879.72,0.04,2.0,0.04,0.01,0.0,9879.72,0.0,1002.0,0.0,0.0,0.0,0.0,0.0,0.0,0.0,0.0,0.0,0.0,0.0,0.0,0.0,0.0,0.0,0.0,0.0,0.0,0.0,0.0,0.0,0.0,0.0,0.0,1.0,100.0,0.0,9.86
2021-02-18,1002.0,9899.76,0.04,1.98,0.04,0.01,0.0,9899.76,0.0,1002.0,0.0,0.0,0.0,0.0,0.0,0.0,0.0,0.0,0.0,0.0,0.0,0.0,0.0,0.0,0.0,0.0,0.0,0.0,0.0,0.0,0.0,0.0,0.0,0.0,1.0,100.0,0.0,9.88
2021-02-19,1002.0,9899.76,0.04,2.13,0.04,0.01,0.0,9899.76,0.0,1002.0,0.0,0.0,0.0,0.0,0.0,0.0,0.0,0.0,0.0,0.0,0.0,0.0,0.0,0.0,0.0,0.0,0.0,0.0,0.0,0.0,0.0,0.0,0.0,0.0,1.0,100.0,0.0,9.88
2021-02-22,1002.0,9879.72,0.04,2.19,0.04,0.01,0.0,9879.72,0.0,1002.0,0.0,0.0,0.0,0.0,0.0,0.0,0.0,0.0,0.0,0.0,0.0,0.0,0.0,0.0,0.0,0.0,0.0,0.0,0.0,0.0,0.0,0.0,0.0,0.0,1.0,100.0,0.0,9.86
2021-02-23,1002.0,9719.4,0.04,2.2,0.04,0.01,0.0,9719.4,0.0,1002.0,0.0,0.0,0.0,0.0,0.0,0.0,0.0,0.0,0.0,0.0,0.0,0.0,0.0,0.0,0.0,0.0,0.0,0.0,0.0,0.0,0.0,0.0,0.0,0.0,1.0,100.0,0.0,9.7
2021-02-24,1002.0,9799.56,0.04,2.21,0.04,0.01,0.0,9799.56,0.0,1002.0,0.0,0.0,0.0,0.0,0.0,0.0,0.0,0.0,0.0,0.0,0.0,0.0,0.0,0.0,0.0,0.0,0.0,0.0,0.0,0.0,0.0,0.0,0.0,0.0,1.0,100.0,0.0,9.78
2021-02-25,1002.0,9799.56,0.04,2.24,0.04,0.01,0.0,9799.56,0.0,1002.0,0.0,0.0,0.0,0.0,0.0,0.0,0.0,0.0,0.0,0.0,0.0,0.0,0.0,0.0,0.0,0.0,0.0,0.0,0.0,0.0,0.0,0.0,0.0,0.0,1.0,100.0,0.0,9.78
2021-02-26,1002.0,9819.6,0.04,2.91,0.04,0.01,0.0,9819.6,0.0,1002.0,0.0,0.0,0.0,0.0,0.0,0.0,0.0,0.0,0.0,0.0,0.0,0.0,0.0,0.0,0.0,0.0,0.0,0.0,0.0,0.0,0.0,0.0,0.0,0.0,1.0,100.0,0.0,9.8
2021-03-01,1002.0,9799.56,0.04,2.87,0.04,0.01,0.0,9799.56,0.0,1002.0,0.0,0.0,0.0,0.0,0.0,0.0,0.0,0.0,0.0,0.0,0.0,0.0,0.0,0.0,0.0,0.0,0.0,0.0,0.0,0.0,0.0,0.0,0.0,0.0,1.0,100.0,0.0,9.78
2021-03-02,1002.0,9819.6,0.04,2.57,0.04,0.01,0.0,9819.6,0.0,1002.0,0.0,0.0,0.0,0.0,0.0,0.0,0.0,0.0,0.0,0.0,0.0,0.0,0.0,0.0,0.0,0.0,0.0,0.0,0.0,0.0,0.0,0.0,0.0,0.0,1.0,100.0,0.0,9.8
2021-03-03,1002.0,9799.56,0.04,2.74,0.04,0.01,0.0,9799.56,0.0,1002.0,0.0,0.0,0.0,0.0,0.0,0.0,0.0,0.0,0.0,0.0,0.0,0.0,0.0,0.0,0.0,0.0,0.0,0.0,0.0,0.0,0.0,0.0,0.0,0.0,1.0,100.0,0.0,9.78
2021-03-04,1002.0,9819.6,0.04,2.83,0.04,0.01,0.0,9819.6,0.0,1002.0,0.0,0.0,0.0,0.0,0.0,0.0,0.0,0.0,0.0,0.0,0.0,0.0,0.0,0.0,0.0,0.0,0.0,0.0,0.0,0.0,0.0,0.0,0.0,0.0,1.0,100.0,0.0,9.8
2021-03-05,1002.0,9819.6,0.04,3.1,0.04,0.01,0.0,9819.6,0.0,1002.0,0.0,0.0,0.0,0.0,0.0,0.0,0.0,0.0,0.0,0.0,0.0,0.0,0.0,0.0,0.0,0.0,0.0,0.0,0.0,0.0,0.0,0.0,0.0,0.0,1.0,100.0,0.0,9.8
2021-03-08,1002.0,9819.6,0.04,3.11,0.04,0.01,0.0,9819.6,0.0,1002.0,0.0,0.0,0.0,0.0,0.0,0.0,0.0,0.0,0.0,0.0,0.0,0.0,0.0,0.0,0.0,0.0,0.0,0.0,0.0,0.0,0.0,0.0,0.0,0.0,1.0,100.0,0.0,9.8
2021-03-09,1002.0,10220.4,0.04,3.19,0.04,0.01,0.0,10220.4,0.0,1002.0,0.0,0.0,0.0,0.0,0.0,0.0,0.0,0.0,0.0,0.0,0.0,0.0,0.0,0.0,0.0,0.0,0.0,0.0,0.0,0.0,0.0,0.0,0.0,0.0,1.0,100.0,0.0,10.2
2021-03-10,1002.0,10521.0,0.04,3.34,0.04,0.01,0.0,10521.0,0.0,1002.0,0.0,0.0,0.0,0.0,0.0,0.0,0.0,0.0,0.0,0.0,0.0,0.0,0.0,0.0,0.0,0.0,0.0,0.0,0.0,0.0,0.0,0.0,0.0,0.0,1.0,100.0,0.0,10.5
2021-03-11,1002.0,10521.0,0.04,3.17,0.04,0.01,0.0,10521.0,0.0,1002.0,0.0,0.0,0.0,0.0,0.0,0.0,0.0,0.0,0.0,0.0,0.0,0.0,0.0,0.0,0.0,0.0,0.0,0.0,0.0,0.0,0.0,0.0,0.0,0.0,1.0,100.0,0.0,10.5
2021-03-12,1002.0,10521.0,0.04,3.38,0.04,0.01,0.0,10521.0,0.0,1002.0,0.0,0.0,0.0,0.0,0.0,0.0,0.0,0.0,0.0,0.0,0.0,0.0,0.0,0.0,0.0,0.0,0.0,0.0,0.0,0.0,0.0,0.0,0.0,0.0,1.0,100.0,0.0,10.5
2021-03-15,1002.0,10521.0,0.04,3.44,0.04,0.01,0.0,10521.0,0.0,1002.0,0.0,0.0,0.0,0.0,0.0,0.0,0.0,0.0,0.0,0.0,0.0,0.0,0.0,0.0,0.0,0.0,0.0,0.0,0.0,0.0,0.0,0.0,0.0,0.0,1.0,100.0,0.0,10.5
2021-03-16,1002.0,10120.2,0.04,3.36,0.04,0.01,0.0,10120.2,0.0,1002.0,0.0,0.0,0.0,0.0,0.0,0.0,0.0,0.0,0.0,0.0,0.0,0.0,0.0,0.0,0.0,0.0,0.0,0.0,0.0,0.0,0.0,0.0,0.0,0.0,1.0,100.0,0.0,10.1
2021-03-17,1002.0,10270.5,0.04,3.31,0.04,0.01,0.0,10270.5,0.0,1002.0,0.0,0.0,0.0,0.0,0.0,0.0,0.0,0.0,0.0,0.0,0.0,0.0,0.0,0.0,0.0,0.0,0.0,0.0,0.0,0.0,0.0,0.0,0.0,0.0,1.0,100.0,0.0,10.25
2021-03-18,1002.0,10120.2,0.04,3.21,0.04,0.01,0.0,10120.2,0.0,1002.0,0.0,0.0,0.0,0.0,0.0,0.0,0.0,0.0,0.0,0.0,0.0,0.0,0.0,0.0,0.0,0.0,0.0,0.0,0.0,0.0,0.0,0.0,0.0,0.0,1.0,100.0,0.0,10.1
2021-03-19,1002.0,10320.6,0.04,3.01,0.04,0.01,0.0,10320.6,0.0,1002.0,0.0,0.0,0.0,0.0,0.0,0.0,0.0,0.0,0.0,0.0,0.0,0.0,0.0,0.0,0.0,0.0,0.0,0.0,0.0,0.0,0.0,0.0,0.0,0.0,1.0,100.0,0.0,10.3
2021-03-22,1002.0,11623.2,0.04,2.94,0.04,0.01,0.0,11623.2,0.0,1002.0,0.0,0.0,0.0,0.0,0.0,0.0,0.0,0.0,0.0,0.0,0.0,0.0,0.0,0.0,0.0,0.0,0.0,0.0,0.0,0.0,0.0,0.0,0.0,0.0,1.0,100.0,0.0,11.6
2021-03-23,1002.0,11422.8,0.04,1.17,0.04,0.01,0.0,11422.8,0.0,1002.0,0.0,0.0,0.0,0.0,0.0,0.0,0.0,0.0,0.0,0.0,0.0,0.0,0.0,0.0,0.0,0.0,0.0,0.0,0.0,0.0,0.0,0.0,0.0,0.0,1.0,100.0,0.0,11.4
2021-03-24,1002.0,11072.1,0.04,1.15,0.04,0.01,0.0,11072.1,0.0,1002.0,0.0,0.0,0.0,0.0,0.0,0.0,0.0,0.0,0.0,0.0,0.0,0.0,0.0,0.0,0.0,0.0,0.0,0.0,0.0,0.0,0.0,0.0,0.0,0.0,1.0,100.0,0.0,11.05
2021-03-25,1002.0,11172.3,0.04,1.08,0.04,0.01,0.0,11172.3,0.0,1002.0,0.0,0.0,0.0,0.0,0.0,0.0,0.0,0.0,0.0,0.0,0.0,0.0,0.0,0.0,0.0,0.0,0.0,0.0,0.0,0.0,0.0,0.0,0.0,0.0,1.0,100.0,0.0,11.15
2021-03-26,1002.0,11422.8,0.04,1.02,0.04,0.01,0.0,11422.8,0.0,1002.0,0.0,0.0,0.0,0.0,0.0,0.0,0.0,0.0,0.0,0.0,0.0,0.0,0.0,0.0,0.0,0.0,0.0,0.0,0.0,0.0,0.0,0.0,0.0,0.0,1.0,100.0,0.0,11.4
2021-03-29,1002.0,11372.7,0.04,1.05,0.04,0.01,0.0,11372.7,0.0,1002.0,0.0,0.0,0.0,0.0,0.0,0.0,0.0,0.0,0.0,0.0,0.0,0.0,0.0,0.0,0.0,0.0,0.0,0.0,0.0,0.0,0.0,0.0,0.0,0.0,1.0,100.0,0.0,11.35
2021-03-30,2102.0,23542.4,0.08,2.16,0.08,0.02,0.0,23542.4,1100.0,2102.0,12320.0,0.0,0.0,0.01,0.0,0.0,0.0,1100.0,0.0,0.0,0.01,0.0,0.0,1100.0,0.0,0.01,0.0,100.0,50.0,0.0,0.0,0.0,100.0,0.0,1.0,100.0,0.9555,11.2
2021-03-31,2102.0,22596.5,0.08,2.28,0.08,0.02,0.0,22596.5,1100.0,2102.0,11825.0,0.0,0.0,0.0,0.0,0.0,0.0,0.0,0.0,0.0,0.0,0.0,0.0,0.0,0.0,0.01,0.0,100.0,50.0,0.0,0.0,0.0,100.0,0.0,1.0,100.0,0.9555,10.75
2021-04-01,2102.0,22806.7,0.08,2.23,0.08,0.02,0.0,22806.7,1100.0,2102.0,11935.0,0.0,0.0,0.0,0.0,0.0,0.0,0.0,0.0,0.0,0.0,0.0,0.0,0.0,0.0,0.01,0.0,100.0,50.0,0.0,0.0,0.0,100.0,0.0,1.0,100.0,0.9555,10.85
2021-04-02,2102.0,22806.7,0.08,2.02,0.08,0.02,0.0,22806.7,1100.0,2102.0,11935.0,0.0,0.0,0.0,0.0,0.0,0.0,0.0,0.0,0.0,0.0,0.0,0.0,0.0,0.0,0.01,0.0,100.0,50.0,0.0,0.0,0.0,100.0,0.0,1.0,100.0,0.9555,0.0
2021-04-05,2102.0,22806.7,0.08,2.02,0.08,0.02,0.0,22806.7,1100.0,2102.0,11935.0,0.0,0.0,0.0,0.0,0.0,0.0,0.0,0.0,0.0,0.0,0.0,0.0,0.0,0.0,0.01,0.0,100.0,50.0,0.0,0.0,0.0,100.0,0.0,1.0,100.0,0.9555,0.0
2021-04-06,2102.0,22806.7,0.08,2.02,0.08,0.02,0.0,22806.7,1100.0,2102.0,11935.0,0.0,0.0,0.0,0.0,0.0,0.0,0.0,0.0,0.0,0.0,0.0,0.0,0.0,0.0,0.01,0.0,100.0,50.0,0.0,0.0,0.0,100.0,0.0,1.0,100.0,0.9555,10.85
2021-04-07,2102.0,22491.4,0.08,1.96,0.08,0.02,0.0,22491.4,1100.0,2102.0,11770.0,0.0,0.0,0.0,0.0,0.0,0.0,0.0,0.0,0.0,0.0,0.0,0.0,0.0,0.0,0.01,0.0,100.0,50.0,0.0,0.0,0.0,100.0,0.0,1.0,100.0,0.9555,10.7
2021-04-08,2102.0,22491.4,0.08,1.93,0.08,0.02,0.0,22491.4,1100.0,2102.0,11770.0,0.0,0.0,0.0,0.0,0.0,0.0,0.0,0.0,0.0,0.0,0.0,0.0,0.0,0.0,0.01,0.0,100.0,50.0,0.0,0.0,0.0,100.0,0.0,1.0,100.0,0.9555,10.7
2021-04-09,2102.0,22491.4,0.08,1.79,0.08,0.02,0.0,22491.4,1100.0,2102.0,11770.0,0.0,0.0,0.0,0.0,0.0,0.0,0.0,0.0,0.0,0.0,0.0,0.0,0.0,0.0,0.01,0.0,100.0,50.0,0.0,0.0,0.0,100.0,0.0,1.0,100.0,0.9555,10.7
2021-04-12,2102.0,22071.0,0.08,1.74,0.08,0.02,0.0,22071.0,1100.0,2102.0,11550.0,0.0,0.0,0.0,0.0,0.0,0.0,0.0,0.0,0.0,0.0,0.0,0.0,0.0,0.0,0.01,0.0,100.0,50.0,0.0,0.0,0.0,100.0,0.0,1.0,100.0,0.9555,10.5
2021-04-13,2102.0,22176.1,0.08,1.73,0.08,0.02,0.0,22176.1,1100.0,2102.0,11605.0,0.0,0.0,0.0,0.0,0.0,0.0,0.0,0.0,0.0,0.0,0.0,0.0,0.0,0.0,0.01,0.0,100.0,50.0,0.0,0.0,0.0,100.0,0.0,1.0,100.0,0.9555,10.55
2021-04-14,2102.0,22701.6,0.08,1.73,0.08,0.02,0.0,22701.6,1100.0,2102.0,11880.0,0.0,0.0,0.0,0.0,0.0,0.0,0.0,0.0,0.0,0.0,0.0,0.0,0.0,0.0,0.01,0.0,100.0,50.0,0.0,0.0,0.0,100.0,0.0,1.0,100.0,0.9555,10.8
2021-04-15,2102.0,22596.5,0.08,1.68,0.08,0.02,0.0,22596.5,1100.0,2102.0,11825.0,0.0,0.0,0.0,0.0,0.0,0.0,0.0,0.0,0.0,0.0,0.0,0.0,0.0,0.0,0.01,0.0,100.0,50.0,0.0,0.0,0.0,100.0,0.0,1.0,100.0,0.9555,10.75
2021-04-16,2102.0,22491.4,0.08,1.67,0.08,0.02,0.0,22491.4,1100.0,2102.0,11770.0,0.0,0.0,0.0,0.0,0.0,0.0,0.0,0.0,0.0,0.0,0.0,0.0,0.0,0.0,0.01,0.0,100.0,50.0,0.0,0.0,0.0,100.0,0.0,1.0,100.0,0.9555,10.7
2021-04-19,2102.0,23437.3,0.08,1.65,0.08,0.02,0.0,23437.3,1100.0,2102.0,12265.0,0.0,0.0,0.0,0.0,0.0,0.0,0.0,0.0,0.0,0.0,0.0,0.0,0.0,0.0,0.01,0.0,100.0,50.0,0.0,0.0,0.0,100.0,0.0,1.0,100.0,0.9555,11.15
2021-04-20,2102.0,23016.9,0.08,1.55,0.08,0.02,0.0,23016.9,1100.0,2102.0,12045.0,0.0,0.0,0.0,0.0,0.0,0.0,0.0,0.0,0.0,0.0,0.0,0.0,0.0,0.0,0.01,0.0,100.0,50.0,0.0,0.0,0.0,100.0,0.0,1.0,100.0,0.9555,10.95
2021-04-21,2102.0,22071.0,0.08,1.51,0.08,0.02,0.0,22071.0,1100.0,2102.0,11550.0,0.0,0.0,0.0,0.0,0.0,0.0,0.0,0.0,0.0,0.0,0.0,0.0,0.0,0.0,0.01,0.0,100.0,50.0,0.0,0.0,0.0,100.0,0.0,1.0,100.0,0.9555,10.5
2021-04-22,2102.0,22596.5,0.08,1.36,0.08,0.02,0.0,22596.5,1100.0,2102.0,11825.0,0.0,0.0,0.0,0.0,0.0,0.0,0.0,0.0,0.0,0.0,0.0,0.0,0.0,0.0,0.01,0.0,100.0,50.0,0.0,0.0,0.0,100.0,0.0,1.0,100.0,0.9555,10.75
2021-04-23,2102.0,22386.3,0.08,1.4,0.08,0.02,0.0,22386.3,1100.0,2102.0,11715.0,0.0,0.0,0.0,0.0,0.0,0.0,0.0,0.0,0.0,0.0,0.0,0.0,0.0,0.0,0.01,0.0,100.0,50.0,0.0,0.0,0.0,100.0,0.0,1.0,100.0,0.9555,10.65
2021-04-26,2102.0,23122.0,0.08,1.4,0.08,0.02,0.0,23122.0,1100.0,2102.0,12100.0,0.0,0.0,0.0,0.0,0.0,0.0,0.0,0.0,0.0,0.0,0.0,0.0,0.0,0.0,0.01,0.0,100.0,50.0,0.0,0.0,0.0,100.0,0.0,1.0,100.0,0.9555,11.0
2021-04-27,2102.0,23227.1,0.08,1.34,0.08,0.02,0.0,23227.1,1100.0,2102.0,12155.0,0.0,0.0,0.0,0.0,0.0,0.0,0.0,0.0,0.0,0.0,0.0,0.0,0.0,0.0,0.01,0.0,100.0,50.0,0.0,0.0,0.0,100.0,0.0,1.0,100.0,0.9555,11.05
2021-04-28,2102.0,22911.8,0.08,1.33,0.08,0.02,0.0,22911.8,1100.0,2102.0,11990.0,0.0,0.0,0.0,0.0,0.0,0.0,0.0,0.0,0.0,0.0,0.0,0.0,0.0,0.0,0.01,0.0,100.0,50.0,0.0,0.0,0.0,100.0,0.0,1.0,100.0,0.9555,10.9
2021-04-29,2102.0,23227.1,0.08,1.24,0.08,0.02,0.0,23227.1,1100.0,2102.0,12155.0,0.0,0.0,0.0,0.0,0.0,0.0,0.0,0.0,0.0,0.0,0.0,0.0,0.0,0.0,0.01,0.0,100.0,50.0,0.0,0.0,0.0,100.0,0.0,1.0,100.0,0.9555,11.05
2021-04-30,2102.0,22596.5,0.08,1.24,0.08,0.02,0.0,22596.5,1100.0,2102.0,11825.0,0.0,0.0,0.0,0.0,0.0,0.0,0.0,0.0,0.0,0.0,0.0,0.0,0.0,0.0,0.01,0.0,100.0,50.0,0.0,0.0,0.0,100.0,0.0,1.0,100.0,0.9555,10.75
2021-05-03,2102.0,20347.36,0.08,1.24,0.08,0.02,0.0,20347.36,1100.0,2102.0,10648.0,0.0,0.0,0.0,0.0,0.0,0.0,0.0,0.0,0.0,0.0,0.0,0.0,0.0,0.0,0.01,0.0,100.0,50.0,0.0,0.0,0.0,100.0,0.0,1.0,100.0,0.9555,9.68
2021-05-04,2102.0,19422.48,0.08,1.09,0.08,0.02,0.0,19422.48,1100.0,2102.0,10164.0,0.0,0.0,0.0,0.0,0.0,0.0,0.0,0.0,0.0,0.0,0.0,0.0,0.0,0.0,0.01,0.0,100.0,50.0,0.0,0.0,0.0,100.0,0.0,1.0,100.0,0.9555,9.24
2021-05-05,2102.0,19969.0,0.08,1.04,0.08,0.02,0.0,19969.0,1100.0,2102.0,10450.0,0.0,0.0,0.0,0.0,0.0,0.0,0.0,0.0,0.0,0.0,0.0,0.0,0.0,0.0,0.01,0.0,100.0,50.0,0.0,0.0,0.0,100.0,0.0,1.0,100.0,0.9555,9.5
2021-05-06,2102.0,19842.88,0.08,1.38,0.08,0.02,0.0,19842.88,1100.0,2102.0,10384.0,0.0,0.0,0.0,0.0,0.0,0.0,0.0,0.0,0.0,0.0,0.0,0.0,0.0,0.0,0.01,0.0,100.0,50.0,0.0,0.0,0.0,100.0,0.0,1.0,100.0,0.9555,9.44
2021-05-07,2102.0,19884.92,0.08,1.35,0.08,0.02,0.0,19884.92,1100.0,2102.0,10406.0,0.0,0.0,0.0,0.0,0.0,0.0,0.0,0.0,0.0,0.0,0.0,0.0,0.0,0.0,0.01,0.0,100.0,50.0,0.0,0.0,0.0,100.0,0.0,1.0,100.0,0.9555,9.46
2021-05-10,2102.0,19548.6,0.08,1.28,0.08,0.02,0.0,19548.6,1100.0,2102.0,10230.0,0.0,0.0,0.0,0.0,0.0,0.0,0.0,0.0,0.0,0.0,0.0,0.0,0.0,0.0,0.01,0.0,100.0,50.0,0.0,0.0,0.0,100.0,0.0,1.0,100.0,0.9555,9.3
2021-05-11,2102.0,19548.6,0.08,1.32,0.08,0.02,0.0,19548.6,1100.0,2102.0,10230.0,0.0,0.0,0.0,0.0,0.0,0.0,0.0,0.0,0.0,0.0,0.0,0.0,0.0,0.0,0.01,0.0,100.0,50.0,0.0,0.0,0.0,100.0,0.0,1.0,100.0,0.9555,9.3
2021-05-12,2102.0,19969.0,0.08,1.32,0.08,0.02,0.0,19969.0,1100.0,2102.0,10450.0,0.0,0.0,0.0,0.0,0.0,0.0,0.0,0.0,0.0,0.0,0.0,0.0,0.0,0.0,0.01,0.0,100.0,50.0,0.0,0.0,0.0,100.0,0.0,1.0,100.0,0.9555,9.5
2021-05-13,2102.0,19926.96,0.08,1.32,0.08,0.02,0.0,19926.96,1100.0,2102.0,10428.0,0.0,0.0,0.0,0.0,0.0,0.0,0.0,0.0,0.0,0.0,0.0,0.0,0.0,0.0,0.01,0.0,100.0,50.0,0.0,0.0,0.0,100.0,0.0,1.0,100.0,0.9555,9.48
2021-05-14,2102.0,19926.96,0.08,1.3,0.08,0.02,0.0,19926.96,1100.0,2102.0,10428.0,0.0,0.0,0.0,0.0,0.0,0.0,0.0,0.0,0.0,0.0,0.0,0.0,0.0,0.0,0.01,0.0,100.0,50.0,0.0,0.0,0.0,100.0,0.0,1.0,100.0,0.9555,9.48
2021-05-17,2102.0,19884.92,0.08,1.32,0.08,0.02,0.0,19884.92,1100.0,2102.0,10406.0,0.0,0.0,0.0,0.0,0.0,0.0,0.0,0.0,0.0,0.0,0.0,0.0,0.0,0.0,0.01,0.0,100.0,50.0,0.0,0.0,0.0,100.0,0.0,1.0,100.0,0.9555,9.46
2021-05-18,2102.0,19926.96,0.08,1.39,0.08,0.02,0.0,19926.96,1100.0,2102.0,10428.0,0.0,0.0,0.0,0.0,0.0,0.0,0.0,0.0,0.0,0.0,0.0,0.0,0.0,0.0,0.01,0.0,100.0,50.0,0.0,0.0,0.0,100.0,0.0,1.0,100.0,0.9555,9.48
2021-05-19,2102.0,19884.92,0.08,1.41,0.08,0.02,0.0,19884.92,1100.0,2102.0,10406.0,0.0,0.0,0.0,0.0,0.0,0.0,0.0,0.0,0.0,0.0,0.0,0.0,0.0,0.0,0.01,0.0,100.0,50.0,0.0,0.0,0.0,100.0,0.0,1.0,100.0,0.9555,9.46
2021-05-20,2102.0,19632.68,0.08,1.44,0.08,0.02,0.0,19632.68,1100.0,2102.0,10274.0,0.0,0.0,0.0,0.0,0.0,0.0,0.0,0.0,0.0,0.0,0.0,0.0,0.0,0.0,0.01,0.0,100.0,50.0,0.0,0.0,0.0,100.0,0.0,1.0,100.0,0.9555,9.34
2021-05-21,2102.0,19632.68,0.08,1.49,0.08,0.02,0.0,19632.68,1100.0,2102.0,10274.0,0.0,0.0,0.0,0.0,0.0,0.0,0.0,0.0,0.0,0.0,0.0,0.0,0.0,0.0,0.01,0.0,100.0,50.0,0.0,0.0,0.0,100.0,0.0,1.0,100.0,0.9555,9.34
2021-05-24,2102.0,19506.56,0.08,1.52,0.08,0.02,0.0,19506.56,1100.0,2102.0,10208.0,0.0,0.0,0.0,0.0,0.0,0.0,0.0,0.0,0.0,0.0,0.0,0.0,0.0,0.0,0.01,0.0,100.0,50.0,0.0,0.0,0.0,100.0,0.0,1.0,100.0,0.9555,9.28
2021-05-25,2102.0,19548.6,0.08,1.52,0.08,0.02,0.0,19548.6,1100.0,2102.0,10230.0,0.0,0.0,0.0,0.0,0.0,0.0,0.0,0.0,0.0,0.0,0.0,0.0,0.0,0.0,0.01,0.0,100.0,50.0,0.0,0.0,0.0,100.0,0.0,1.0,100.0,0.9555,9.3
2021-05-26,2102.0,19506.56,0.08,1.51,0.08,0.02,0.0,19506.56,1100.0,2102.0,10208.0,0.0,0.0,0.0,0.0,0.0,0.0,0.0,0.0,0.0,0.0,0.0,0.0,0.0,0.0,0.01,0.0,100.0,50.0,0.0,0.0,0.0,100.0,0.0,1.0,100.0,0.9555,9.28
2021-05-27,2102.0,19506.56,0.08,1.59,0.08,0.02,0.0,19506.56,1100.0,2102.0,10208.0,0.0,0.0,0.0,0.0,0.0,0.0,0.0,0.0,0.0,0.0,0.0,0.0,0.0,0.0,0.01,0.0,100.0,50.0,0.0,0.0,0.0,100.0,0.0,1.0,100.0,0.9555,9.28
2021-05-28,2102.0,19506.56,0.08,1.59,0.08,0.02,0.0,19506.56,1100.0,2102.0,10208.0,0.0,0.0,0.0,0.0,0.0,0.0,0.0,0.0,0.0,0.0,0.0,0.0,0.0,0.0,0.01,0.0,100.0,50.0,0.0,0.0,0.0,100.0,0.0,1.0,100.0,0.9555,9.28
2021-05-31,2102.0,19548.6,0.08,1.61,0.08,0.02,0.0,19548.6,1100.0,2102.0,10230.0,0.0,0.0,0.0,0.0,0.0,0.0,0.0,0.0,0.0,0.0,0.0,0.0,0.0,0.0,0.01,0.0,100.0,50.0,0.0,0.0,0.0,100.0,0.0,1.0,100.0,0.9555,9.3
2021-06-01,2102.0,19548.6,0.08,1.72,0.08,0.02,0.0,19548.6,1100.0,2102.0,10230.0,0.0,0.0,0.0,0.0,0.0,0.0,0.0,0.0,0.0,0.0,0.0,0.0,0.0,0.0,0.01,0.0,100.0,50.0,0.0,0.0,0.0,100.0,0.0,1.0,100.0,0.9555,9.3
2021-06-02,2102.0,19716.76,0.08,1.78,0.08,0.02,0.0,19716.76,1100.0,2102.0,10318.0,0.0,0.0,0.0,0.0,0.0,0.0,0.0,0.0,0.0,0.0,0.0,0.0,0.0,0.0,0.01,0.0,100.0,50.0,0.0,0.0,0.0,100.0,0.0,1.0,100.0,0.9555,9.38
2021-06-03,2102.0,19422.48,0.08,2.05,0.08,0.02,0.0,19422.48,1100.0,2102.0,10164.0,0.0,0.0,0.0,0.0,0.0,0.0,0.0,0.0,0.0,0.0,0.0,0.0,0.0,0.0,0.01,0.0,100.0,50.0,0.0,0.0,0.0,100.0,0.0,1.0,100.0,0.9555,9.24
2021-06-04,2102.0,19422.48,0.08,1.91,0.08,0.02,0.0,19422.48,1100.0,2102.0,10164.0,0.0,0.0,0.0,0.0,0.0,0.0,0.0,0.0,0.0,0.0,0.0,0.0,0.0,0.0,0.01,0.0,100.0,50.0,0.0,0.0,0.0,100.0,0.0,1.0,100.0,0.9555,9.24
2021-06-07,2102.0,19464.52,0.08,1.91,0.08,0.02,0.0,19464.52,1100.0,2102.0,10186.0,0.0,0.0,0.0,0.0,0.0,0.0,0.0,0.0,0.0,0.0,0.0,0.0,0.0,0.0,0.01,0.0,100.0,50.0,0.0,0.0,0.0,100.0,0.0,1.0,100.0,0.9555,9.26
2021-06-08,2102.0,19338.4,0.08,2.05,0.08,0.02,0.0,19338.4,1100.0,2102.0,10120.0,0.0,0.0,0.0,0.0,0.0,0.0,0.0,0.0,0.0,0.0,0.0,0.0,0.0,0.0,0.01,0.0,100.0,50.0,0.0,0.0,0.0,100.0,0.0,1.0,100.0,0.9555,9.2
2021-06-09,3906.0,34763.4,0.14,3.78,0.14,0.04,0.0,34763.4,1200.0,3906.0,10680.0,0.0,100.0,0.02,0.0,0.0,0.0,1804.0,0.0,0.0,0.02,100.0,0.0,0.0,0.0,0.01,0.0,100.0,50.0,0.0,0.0,0.0,100.0,0.0,1.0,100.0,1.6275,8.9
2021-06-10,3906.0,34919.64,0.14,4.19,0.14,0.03,0.0,34919.64,1200.0,3906.0,10728.0,0.0,0.0,0.0,0.0,0.0,0.0,0.0,0.0,0.0,0.0,0.0,0.0,0.0,0.0,0.01,0.0,100.0,50.0,0.0,0.0,0.0,100.0,0.0,1.0,100.0,1.6275,8.94
2021-06-11,3906.0,35154.0,0.14,4.15,0.14,0.03,0.0,35154.0,1200.0,3906.0,10800.0,0.0,0.0,0.0,0.0,0.0,0.0,0.0,0.0,0.0,0.0,0.0,0.0,0.0,0.0,0.01,0.0,100.0,50.0,0.0,0.0,0.0,100.0,0.0,1.0,100.0,1.6275,9.0
2021-06-14,3906.0,34060.32,0.14,4.17,0.14,0.04,0.0,34060.32,1200.0,3906.0,10464.0,0.0,0.0,0.0,0.0,0.0,0.0,0.0,0.0,0.0,0.0,0.0,0.0,0.0,0.0,0.01,0.0,100.0,50.0,0.0,0.0,0.0,100.0,0.0,1.0,100.0,1.6275,8.72
2021-06-15,3906.0,36169.56,0.14,5.1,0.14,0.03,0.0,36169.56,1200.0,3906.0,11112.0,0.0,0.0,0.0,0.0,0.0,0.0,0.0,0.0,0.0,0.0,0.0,0.0,0.0,0.0,0.01,0.0,100.0,50.0,0.0,0.0,0.0,100.0,0.0,1.0,100.0,1.6275,9.26
2021-06-16,3906.0,35622.72,0.14,5.48,0.14,0.04,0.0,35622.72,1200.0,3906.0,10944.0,0.0,0.0,0.0,0.0,0.0,0.0,0.0,0.0,0.0,0.0,0.0,0.0,0.0,0.0,0.01,0.0,100.0,50.0,0.0,0.0,0.0,100.0,0.0,1.0,100.0,1.6275,9.12
2021-06-17,3906.0,35622.72,0.14,5.66,0.14,0.04,0.0,35622.72,1200.0,3906.0,10944.0,0.0,0.0,0.0,0.0,0.0,0.0,0.0,0.0,0.0,0.0,0.0,0.0,0.0,0.0,0.01,0.0,100.0,50.0,0.0,0.0,0.0,100.0,0.0,1.0,100.0,1.6275,9.12
2021-06-18,3906.0,35544.6,0.14,6.06,0.14,0.04,0.0,35544.6,1200.0,3906.0,10920.0,0.0,0.0,0.0,0.0,0.0,0.0,0.0,0.0,0.0,0.0,0.0,0.0,0.0,0.0,0.01,0.0,100.0,50.0,0.0,0.0,0.0,100.0,0.0,1.0,100.0,1.6275,9.1
2021-06-21,3906.0,35466.48,0.14,7.64,0.14,0.04,0.0,35466.48,1200.0,3906.0,10896.0,0.0,0.0,0.0,0.0,0.0,0.0,0.0,0.0,0.0,0.0,0.0,0.0,0.0,0.0,0.01,0.0,100.0,50.0,0.0,0.0,0.0,100.0,0.0,1.0,100.0,1.6275,9.08
2021-06-22,3906.0,35544.6,0.14,7.76,0.14,0.04,0.0,35544.6,1200.0,3906.0,10920.0,0.0,0.0,0.0,0.0,0.0,0.0,0.0,0.0,0.0,0.0,0.0,0.0,0.0,0.0,0.01,0.0,100.0,50.0,0.0,0.0,0.0,100.0,0.0,1.0,100.0,1.6275,9.1
2021-06-23,3906.0,35466.48,0.14,7.76,0.14,0.04,0.0,35466.48,1200.0,3906.0,10896.0,0.0,0.0,0.0,0.0,0.0,0.0,0.0,0.0,0.0,0.0,0.0,0.0,0.0,0.0,0.01,0.0,100.0,50.0,0.0,0.0,0.0,100.0,0.0,1.0,100.0,1.6275,9.08
2021-06-24,3906.0,35388.36,0.14,8.12,0.14,0.04,0.0,35388.36,1200.0,3906.0,10872.0,0.0,0.0,0.0,0.0,0.0,0.0,0.0,0.0,0.0,0.0,0.0,0.0,0.0,0.0,0.01,0.0,100.0,50.0,0.0,0.0,0.0,100.0,0.0,1.0,100.0,1.6275,9.06
2021-06-25,3906.0,36638.28,0.14,8.62,0.14,0.04,0.0,36638.28,1200.0,3906.0,11256.0,0.0,0.0,0.0,0.0,0.0,0.0,0.0,0.0,0.0,0.0,0.0,0.0,0.0,0.0,0.01,0.0,100.0,50.0,0.0,0.0,0.0,100.0,0.0,1.0,100.0,1.6275,9.38
2021-06-28,3906.0,36169.56,0.14,8.1,0.14,0.04,0.0,36169.56,1200.0,3906.0,11112.0,0.0,0.0,0.0,0.0,0.0,0.0,0.0,0.0,0.0,0.0,0.0,0.0,0.0,0.0,0.01,0.0,100.0,50.0,0.0,0.0,0.0,100.0,0.0,1.0,100.0,1.6275,9.26
2021-06-29,3906.0,36169.56,0.14,8.42,0.14,0.04,0.0,36169.56,1200.0,3906.0,11112.0,0.0,0.0,0.0,0.0,0.0,0.0,0.0,0.0,0.0,0.0,0.0,0.0,0.0,0.0,0.01,0.0,100.0,50.0,0.0,0.0,0.0,100.0,0.0,1.0,100.0,1.6275,9.26
2021-06-30,3906.0,35778.96,0.14,8.5,0.14,0.04,0.0,35778.96,1200.0,3906.0,10992.0,0.0,0.0,0.0,0.0,0.0,0.0,0.0,0.0,0.0,0.0,0.0,0.0,0.0,0.0,0.01,0.0,100.0,50.0,0.0,0.0,0.0,100.0,0.0,1.0,100.0,1.6275,9.16
2021-07-01,3906.0,36013.32,0.14,7.94,0.14,0.04,0.0,36013.32,1200.0,3906.0,11064.0,0.0,0.0,0.0,0.0,0.0,0.0,0.0,0.0,0.0,0.0,0.0,0.0,0.0,0.0,0.01,0.0,100.0,50.0,0.0,0.0,0.0,100.0,0.0,1.0,100.0,1.6275,9.22
2021-07-02,3906.0,36091.44,0.14,8.34,0.14,0.04,0.0,36091.44,1200.0,3906.0,11088.0,0.0,0.0,0.0,0.0,0.0,0.0,0.0,0.0,0.0,0.0,0.0,0.0,0.0,0.0,0.01,0.0,100.0,50.0,0.0,0.0,0.0,100.0,0.0,1.0,100.0,1.6275,9.24
2021-07-05,3906.0,36325.8,0.14,8.23,0.14,0.04,0.0,36325.8,1200.0,3906.0,11160.0,0.0,0.0,0.0,0.0,0.0,0.0,0.0,0.0,0.0,0.0,0.0,0.0,0.0,0.0,0.01,0.0,100.0,50.0,0.0,0.0,0.0,100.0,0.0,1.0,100.0,1.6275,9.3
2021-07-06,3906.0,36325.8,0.14,8.19,0.14,0.04,0.0,36325.8,1200.0,3906.0,11160.0,0.0,0.0,0.0,0.0,0.0,0.0,0.0,0.0,0.0,0.0,0.0,0.0,0.0,0.0,0.01,0.0,100.0,50.0,0.0,0.0,0.0,100.0,0.0,1.0,100.0,1.6275,9.3
2021-07-07,3906.0,36325.8,0.14,8.29,0.14,0.04,0.0,36325.8,1200.0,3906.0,11160.0,0.0,0.0,0.0,0.0,0.0,0.0,0.0,0.0,0.0,0.0,0.0,0.0,0.0,0.0,0.01,0.0,100.0,50.0,0.0,0.0,0.0,100.0,0.0,1.0,100.0,1.6275,9.3
2021-07-08,3906.0,36716.4,0.14,8.41,0.14,0.04,0.0,36716.4,1200.0,3906.0,11280.0,0.0,0.0,0.0,0.0,0.0,0.0,0.0,0.0,0.0,0.0,0.0,0.0,0.0,0.0,0.01,0.0,100.0,50.0,0.0,0.0,0.0,100.0,0.0,1.0,100.0,1.6275,9.4
2021-07-09,3906.0,36716.4,0.14,7.98,0.14,0.04,0.0,36716.4,1200.0,3906.0,11280.0,0.0,0.0,0.0,0.0,0.0,0.0,0.0,0.0,0.0,0.0,0.0,0.0,0.0,0.0,0.01,0.0,100.0,50.0,0.0,0.0,0.0,100.0,0.0,1.0,100.0,1.6275,9.4
2021-07-12,3906.0,34997.76,0.14,7.98,0.14,0.04,0.0,34997.76,1200.0,3906.0,10752.0,0.0,0.0,0.0,0.0,0.0,0.0,0.0,0.0,0.0,0.0,0.0,0.0,0.0,0.0,0.01,0.0,100.0,50.0,0.0,0.0,0.0,100.0,0.0,1.0,100.0,1.6275,8.96
2021-07-13,3906.0,34919.64,0.14,7.28,0.14,0.04,0.0,34919.64,1200.0,3906.0,10728.0,0.0,0.0,0.0,0.0,0.0,0.0,0.0,0.0,0.0,0.0,0.0,0.0,0.0,0.0,0.01,0.0,100.0,50.0,0.0,0.0,0.0,100.0,0.0,1.0,100.0,1.6275,8.94
2021-07-14,3906.0,34919.64,0.14,7.07,0.14,0.03,0.0,34919.64,1200.0,3906.0,10728.0,0.0,0.0,0.0,0.0,0.0,0.0,0.0,0.0,0.0,0.0,0.0,0.0,0.0,0.0,0.01,0.0,100.0,50.0,0.0,0.0,0.0,100.0,0.0,1.0,100.0,1.6275,8.94
2021-07-15,3906.0,34294.68,0.14,7.2,0.14,0.03,0.0,34294.68,1200.0,3906.0,10536.0,0.0,0.0,0.0,0.0,0.0,0.0,0.0,0.0,0.0,0.0,0.0,0.0,0.0,0.0,0.01,0.0,100.0,50.0,0.0,0.0,0.0,100.0,0.0,1.0,100.0,1.6275,8.78
2021-07-16,3906.0,33982.2,0.14,8.11,0.14,0.03,0.0,33982.2,1200.0,3906.0,10440.0,0.0,0.0,0.0,0.0,0.0,0.0,0.0,0.0,0.0,0.0,0.0,0.0,0.0,0.0,0.01,0.0,100.0,50.0,0.0,0.0,0.0,100.0,0.0,1.0,100.0,1.6275,8.7
2021-07-19,3906.0,32810.4,0.14,8.02,0.14,0.03,0.0,32810.4,1200.0,3906.0,10080.0,0.0,0.0,0.0,0.0,0.0,0.0,0.0,0.0,0.0,0.0,0.0,0.0,0.0,0.0,0.01,0.0,100.0,50.0,0.0,0.0,0.0,100.0,0.0,1.0,100.0,1.6275,8.4
2021-07-20,3906.0,32576.04,0.14,7.36,0.14,0.03,0.0,32576.04,1200.0,3906.0,10008.0,0.0,0.0,0.0,0.0,0.0,0.0,0.0,0.0,0.0,0.0,0.0,0.0,0.0,0.0,0.01,0.0,100.0,50.0,0.0,0.0,0.0,100.0,0.0,1.0,100.0,1.6275,8.34
2021-07-21,3906.0,33201.0,0.14,6.49,0.14,0.03,0.0,33201.0,1200.0,3906.0,10200.0,0.0,0.0,0.0,0.0,0.0,0.0,0.0,0.0,0.0,0.0,0.0,0.0,0.0,0.0,0.01,0.0,100.0,50.0,0.0,0.0,0.0,100.0,0.0,1.0,100.0,1.6275,8.5
2021-07-22,3906.0,33357.24,0.14,6.46,0.14,0.03,0.0,33357.24,1200.0,3906.0,10248.0,0.0,0.0,0.0,0.0,0.0,0.0,0.0,0.0,0.0,0.0,0.0,0.0,0.0,0.0,0.01,0.0,100.0,50.0,0.0,0.0,0.0,100.0,0.0,1.0,100.0,1.6275,8.54
2021-07-23,3906.0,33591.6,0.14,6.56,0.14,0.03,0.0,33591.6,1200.0,3906.0,10320.0,0.0,0.0,0.0,0.0,0.0,0.0,0.0,0.0,0.0,0.0,0.0,0.0,0.0,0.0,0.01,0.0,100.0,50.0,0.0,0.0,0.0,100.0,0.0,1.0,100.0,1.6275,8.6
2021-07-26,3906.0,33747.84,0.14,6.54,0.14,0.03,0.0,33747.84,1200.0,3906.0,10368.0,0.0,0.0,0.0,0.0,0.0,0.0,0.0,0.0,0.0,0.0,0.0,0.0,0.0,0.0,0.01,0.0,100.0,50.0,0.0,0.0,0.0,100.0,0.0,1.0,100.0,1.6275,8.64
2021-07-27,3906.0,34216.56,0.14,7.47,0.14,0.03,0.0,34216.56,1200.0,3906.0,10512.0,0.0,0.0,0.0,0.0,0.0,0.0,0.0,0.0,0.0,0.0,0.0,0.0,0.0,0.0,0.01,0.0,100.0,50.0,0.0,0.0,0.0,100.0,0.0,1.0,100.0,1.6275,8.76
2021-07-28,3906.0,34294.68,0.14,7.82,0.14,0.03,0.0,34294.68,1200.0,3906.0,10536.0,0.0,0.0,0.0,0.0,0.0,0.0,0.0,0.0,0.0,0.0,0.0,0.0,0.0,0.0,0.01,0.0,100.0,50.0,0.0,0.0,0.0,100.0,0.0,1.0,100.0,1.6275,8.78
2021-07-29,3906.0,34294.68,0.14,7.84,0.14,0.03,0.0,34294.68,1200.0,3906.0,10536.0,0.0,0.0,0.0,0.0,0.0,0.0,0.0,0.0,0.0,0.0,0.0,0.0,0.0,0.0,0.01,0.0,100.0,50.0,0.0,0.0,0.0,100.0,0.0,1.0,100.0,1.6275,8.78
2021-07-30,3906.0,34294.68,0.14,7.59,0.14,0.03,0.0,34294.68,1200.0,3906.0,10536.0,0.0,0.0,0.0,0.0,0.0,0.0,0.0,0.0,0.0,0.0,0.0,0.0,0.0,0.0,0.01,0.0,100.0,50.0,0.0,0.0,0.0,100.0,0.0,1.0,100.0,1.6275,8.78
2021-08-02,3906.0,33904.08,0.14,7.78,0.14,0.03,0.0,33904.08,1200.0,3906.0,10416.0,0.0,0.0,0.0,0.0,0.0,0.0,0.0,0.0,0.0,0.0,0.0,0.0,0.0,0.0,0.01,0.0,100.0,50.0,0.0,0.0,0.0,100.0,0.0,1.0,100.0,1.6275,8.68
2021-08-03,3906.0,32810.4,0.14,7.87,0.14,0.03,0.0,32810.4,1200.0,3906.0,10080.0,0.0,0.0,0.0,0.0,0.0,0.0,0.0,0.0,0.0,0.0,0.0,0.0,0.0,0.0,0.01,0.0,100.0,50.0,0.0,0.0,0.0,100.0,0.0,1.0,100.0,1.6275,8.4
2021-08-04,3906.0,32732.28,0.14,7.32,0.14,0.03,0.0,32732.28,1200.0,3906.0,10056.0,0.0,0.0,0.0,0.0,0.0,0.0,0.0,0.0,0.0,0.0,0.0,0.0,0.0,0.0,0.01,0.0,100.0,50.0,0.0,0.0,0.0,100.0,0.0,1.0,100.0,1.6275,8.38
2021-08-05,3906.0,33044.76,0.14,7.2,0.14,0.03,0.0,33044.76,1200.0,3906.0,10152.0,0.0,0.0,0.0,0.0,0.0,0.0,0.0,0.0,0.0,0.0,0.0,0.0,0.0,0.0,0.01,0.0,100.0,50.0,0.0,0.0,0.0,100.0,0.0,1.0,100.0,1.6275,8.46
2021-08-06,3906.0,33044.76,0.14,7.21,0.14,0.03,0.0,33044.76,1200.0,3906.0,10152.0,0.0,0.0,0.0,0.0,0.0,0.0,0.0,0.0,0.0,0.0,0.0,0.0,0.0,0.0,0.01,0.0,100.0,50.0,0.0,0.0,0.0,100.0,0.0,1.0,100.0,1.6275,8.46
2021-08-09,3906.0,32263.56,0.14,7.59,0.14,0.03,0.0,32263.56,1200.0,3906.0,9912.0,0.0,0.0,0.0,0.0,0.0,0.0,0.0,0.0,0.0,0.0,0.0,0.0,0.0,0.0,0.01,0.0,100.0,50.0,0.0,0.0,0.0,100.0,0.0,1.0,100.0,1.6275,8.26
2021-08-10,3906.0,33044.76,0.14,7.61,0.14,0.03,0.0,33044.76,1200.0,3906.0,10152.0,0.0,0.0,0.0,0.0,0.0,0.0,0.0,0.0,0.0,0.0,0.0,0.0,0.0,0.0,0.01,0.0,100.0,50.0,0.0,0.0,0.0,100.0,0.0,1.0,100.0,1.6275,8.46
2021-08-11,3906.0,32966.64,0.14,7.44,0.14,0.03,0.0,32966.64,1200.0,3906.0,10128.0,0.0,0.0,0.0,0.0,0.0,0.0,0.0,0.0,0.0,0.0,0.0,0.0,0.0,0.0,0.01,0.0,100.0,50.0,0.0,0.0,0.0,100.0,0.0,1.0,100.0,1.6275,8.44
2021-08-12,3906.0,33201.0,0.14,7.96,0.14,0.03,0.0,33201.0,1200.0,3906.0,10200.0,0.0,0.0,0.0,0.0,0.0,0.0,0.0,0.0,0.0,0.0,0.0,0.0,0.0,0.0,0.01,0.0,100.0,50.0,0.0,0.0,0.0,100.0,0.0,1.0,100.0,1.6275,8.5
2021-08-13,3906.0,33122.88,0.14,7.94,0.14,0.03,0.0,33122.88,1200.0,3906.0,10176.0,0.0,0.0,0.0,0.0,0.0,0.0,0.0,0.0,0.0,0.0,0.0,0.0,0.0,0.0,0.01,0.0,100.0,50.0,0.0,0.0,0.0,100.0,0.0,1.0,100.0,1.6275,8.48
2021-08-16,3906.0,33044.76,0.14,8.11,0.14,0.03,0.0,33044.76,1200.0,3906.0,10152.0,0.0,0.0,0.0,0.0,0.0,0.0,0.0,0.0,0.0,0.0,0.0,0.0,0.0,0.0,0.01,0.0,100.0,50.0,0.0,0.0,0.0,100.0,0.0,1.0,100.0,1.6275,8.46
2021-08-17,3906.0,32966.64,0.14,8.05,0.14,0.03,0.0,32966.64,1200.0,3906.0,10128.0,0.0,0.0,0.0,0.0,0.0,0.0,0.0,0.0,0.0,0.0,0.0,0.0,0.0,0.0,0.01,0.0,100.0,50.0,0.0,0.0,0.0,100.0,0.0,1.0,100.0,1.6275,8.44
2021-08-18,3906.0,32966.64,0.14,8.08,0.14,0.03,0.0,32966.64,1200.0,3906.0,10128.0,0.0,0.0,0.0,0.0,0.0,0.0,0.0,0.0,0.0,0.0,0.0,0.0,0.0,0.0,0.01,0.0,100.0,50.0,0.0,0.0,0.0,100.0,0.0,1.0,100.0,1.6275,8.44
2021-08-19,3906.0,32966.64,0.14,7.99,0.14,0.03,0.0,32966.64,1200.0,3906.0,10128.0,0.0,0.0,0.0,0.0,0.0,0.0,0.0,0.0,0.0,0.0,0.0,0.0,0.0,0.0,0.01,0.0,100.0,50.0,0.0,0.0,0.0,100.0,0.0,1.0,100.0,1.6275,8.44
2021-08-20,3906.0,33201.0,0.14,8.16,0.14,0.03,0.0,33201.0,1200.0,3906.0,10200.0,0.0,0.0,0.0,0.0,0.0,0.0,0.0,0.0,0.0,0.0,0.0,0.0,0.0,0.0,0.01,0.0,100.0,50.0,0.0,0.0,0.0,100.0,0.0,1.0,100.0,1.6275,8.5
2021-08-23,3906.0,33513.48,0.14,7.95,0.14,0.03,0.0,33513.48,1200.0,3906.0,10296.0,0.0,0.0,0.0,0.0,0.0,0.0,0.0,0.0,0.0,0.0,0.0,0.0,0.0,0.0,0.01,0.0,100.0,50.0,0.0,0.0,0.0,100.0,0.0,1.0,100.0,1.6275,8.58
2021-08-24,3906.0,33825.96,0.14,8.14,0.14,0.03,0.0,33825.96,1200.0,3906.0,10392.0,0.0,0.0,0.0,0.0,0.0,0.0,0.0,0.0,0.0,0.0,0.0,0.0,0.0,0.0,0.01,0.0,100.0,50.0,0.0,0.0,0.0,100.0,0.0,1.0,100.0,1.6275,8.66
2021-08-25,3906.0,33825.96,0.14,8.38,0.14,0.03,0.0,33825.96,1200.0,3906.0,10392.0,0.0,0.0,0.0,0.0,0.0,0.0,0.0,0.0,0.0,0.0,0.0,0.0,0.0,0.0,0.01,0.0,100.0,50.0,0.0,0.0,0.0,100.0,0.0,1.0,100.0,1.6275,8.66
2021-08-26,3906.0,33904.08,0.14,8.23,0.14,0.03,0.0,33904.08,1200.0,3906.0,10416.0,0.0,0.0,0.0,0.0,0.0,0.0,0.0,0.0,0.0,0.0,0.0,0.0,0.0,0.0,0.01,0.0,100.0,50.0,0.0,0.0,0.0,100.0,0.0,1.0,100.0,1.6275,8.68
2021-08-27,3906.0,33591.6,0.14,8.79,0.14,0.03,0.0,33591.6,1200.0,3906.0,10320.0,0.0,0.0,0.0,0.0,0.0,0.0,0.0,0.0,0.0,0.0,0.0,0.0,0.0,0.0,0.01,0.0,100.0,50.0,0.0,0.0,0.0,100.0,0.0,1.0,100.0,1.6275,8.6
2021-08-30,3906.0,33591.6,0.14,8.85,0.14,0.03,0.0,33591.6,1200.0,3906.0,10320.0,0.0,0.0,0.0,0.0,0.0,0.0,0.0,0.0,0.0,0.0,0.0,0.0,0.0,0.0,0.01,0.0,100.0,50.0,0.0,0.0,0.0,100.0,0.0,1.0,100.0,1.6275,8.6
2021-08-31,3906.0,33435.36,0.14,9.82,0.14,0.03,0.0,33435.36,1200.0,3906.0,10272.0,0.0,0.0,0.0,0.0,0.0,0.0,0.0,0.0,0.0,0.0,0.0,0.0,0.0,0.0,0.01,0.0,100.0,50.0,0.0,0.0,0.0,100.0,0.0,1.0,100.0,1.6275,8.56
2021-09-01,3906.0,35778.96,0.14,12.03,0.14,0.03,0.0,35778.96,1200.0,3906.0,10992.0,0.0,0.0,0.0,0.0,0.0,0.0,0.0,0.0,0.0,0.0,0.0,0.0,0.0,0.0,0.01,0.0,100.0,50.0,0.0,0.0,0.0,100.0,0.0,1.0,100.0,1.6275,9.16
2021-09-02,4106.0,39335.48,0.15,11.67,0.15,0.04,0.0,39335.48,1400.0,4106.0,13412.0,0.0,200.0,0.0,0.0,0.0,0.0,200.0,0.0,0.0,0.0,200.0,0.0,0.0,0.0,0.01,0.0,100.0,50.0,0.0,0.0,0.0,100.0,0.0,1.0,100.0,1.4664,9.58
2021-09-03,2402.0,23011.16,0.09,5.25,0.09,0.02,0.0,23011.16,1400.0,2402.0,13412.0,0.0,0.0,0.0,0.0,0.0,0.0,0.0,0.0,0.0,0.0,0.0,0.0,0.0,1704.0,0.01,0.01,100.0,50.0,0.0,0.0,0.0,100.0,0.0,1.0,100.0,0.8579,9.58
2021-09-06,1400.0,13356.0,0.05,3.05,0.05,0.01,0.0,13356.0,1400.0,1400.0,13356.0,0.0,0.0,0.0,0.0,0.0,0.0,0.0,0.0,0.0,0.0,0.0,0.0,0.0,1002.0,0.01,0.01,100.0,50.0,0.0,0.0,0.0,100.0,0.0,1.0,100.0,0.5,9.54
2021-09-07,1400.0,13216.0,0.05,3.04,0.05,0.01,0.0,13216.0,1400.0,1400.0,13216.0,0.0,0.0,0.0,0.0,0.0,0.0,0.0,0.0,0.0,0.0,0.0,0.0,0.0,0.0,0.01,0.0,100.0,50.0,0.0,0.0,0.0,100.0,0.0,1.0,100.0,0.5,9.44
2021-09-08,1400.0,13020.0,0.05,3.11,0.05,0.01,0.0,13020.0,1400.0,1400.0,13020.0,0.0,0.0,0.0,0.0,0.0,0.0,0.0,0.0,0.0,0.0,0.0,0.0,0.0,0.0,0.01,0.0,100.0,50.0,0.0,0.0,0.0,100.0,0.0,1.0,100.0,0.5,9.3
2021-09-09,1400.0,13160.0,0.05,3.1,0.05,0.01,0.0,13160.0,1400.0,1400.0,13160.0,0.0,0.0,0.0,0.0,0.0,0.0,0.0,0.0,0.0,0.0,0.0,0.0,0.0,0.0,0.01,0.0,100.0,50.0,0.0,0.0,0.0,100.0,0.0,1.0,100.0,0.5,9.4
2021-09-10,1400.0,13160.0,0.05,3.23,0.05,0.01,0.0,13160.0,1400.0,1400.0,13160.0,0.0,0.0,0.0,0.0,0.0,0.0,0.0,0.0,0.0,0.0,0.0,0.0,0.0,0.0,0.01,0.0,100.0,50.0,0.0,0.0,0.0,100.0,0.0,1.0,100.0,0.5,9.4
2021-09-13,1400.0,13020.0,0.05,3.23,0.05,0.01,0.0,13020.0,1400.0,1400.0,13020.0,0.0,0.0,0.0,0.0,0.0,0.0,0.0,0.0,0.0,0.0,0.0,0.0,0.0,0.0,0.01,0.0,100.0,50.0,0.0,0.0,0.0,100.0,0.0,1.0,100.0,0.5,9.3
2021-09-14,1400.0,12628.0,0.05,3.26,0.05,0.01,0.0,12628.0,1400.0,1400.0,12628.0,0.0,0.0,0.0,0.0,0.0,0.0,0.0,0.0,0.0,0.0,0.0,0.0,0.0,0.0,0.01,0.0,100.0,50.0,0.0,0.0,0.0,100.0,0.0,1.0,100.0,0.5,9.02
2021-09-15,1400.0,12460.0,0.05,2.68,0.05,0.01,0.0,12460.0,1400.0,1400.0,12460.0,0.0,0.0,0.0,0.0,0.0,0.0,0.0,0.0,0.0,0.0,0.0,0.0,0.0,0.0,0.01,0.0,100.0,50.0,0.0,0.0,0.0,100.0,0.0,1.0,100.0,0.5,8.9
2021-09-16,1400.0,12096.0,0.05,2.67,0.05,0.01,0.0,12096.0,1400.0,1400.0,12096.0,0.0,0.0,0.0,0.0,0.0,0.0,0.0,0.0,0.0,0.0,0.0,0.0,0.0,0.0,0.01,0.0,100.0,50.0,0.0,0.0,0.0,100.0,0.0,1.0,100.0,0.5,8.64
2021-09-17,1400.0,12124.0,0.05,2.5,0.05,0.01,0.0,12124.0,1400.0,1400.0,12124.0,0.0,0.0,0.0,0.0,0.0,0.0,0.0,0.0,0.0,0.0,0.0,0.0,0.0,0.0,0.01,0.0,100.0,50.0,0.0,0.0,0.0,100.0,0.0,1.0,100.0,0.5,8.66
2021-09-20,1400.0,12152.0,0.05,2.5,0.05,0.01,0.0,12152.0,1400.0,1400.0,12152.0,0.0,0.0,0.0,0.0,0.0,0.0,0.0,0.0,0.0,0.0,0.0,0.0,0.0,0.0,0.01,0.0,100.0,50.0,0.0,0.0,0.0,100.0,0.0,1.0,100.0,0.5,8.68
2021-09-21,1400.0,12096.0,0.05,2.49,0.05,0.01,0.0,12096.0,1400.0,1400.0,12096.0,0.0,0.0,0.0,0.0,0.0,0.0,0.0,0.0,0.0,0.0,0.0,0.0,0.0,0.0,0.01,0.0,100.0,50.0,0.0,0.0,0.0,100.0,0.0,1.0,100.0,0.5,8.64
2021-09-22,1400.0,12208.0,0.05,2.52,0.05,0.01,0.0,12208.0,1400.0,1400.0,12208.0,0.0,0.0,0.0,0.0,0.0,0.0,0.0,0.0,0.0,0.0,0.0,0.0,0.0,0.0,0.01,0.0,100.0,50.0,0.0,0.0,0.0,100.0,0.0,1.0,100.0,0.5,8.72
2021-09-23,1400.0,12600.0,0.05,2.52,0.05,0.01,0.0,12600.0,1400.0,1400.0,12600.0,0.0,0.0,0.0,0.0,0.0,0.0,0.0,0.0,0.0,0.0,0.0,0.0,0.0,0.0,0.01,0.0,100.0,50.0,0.0,0.0,0.0,100.0,0.0,1.0,100.0,0.5,9.0
2021-09-24,1400.0,12600.0,0.05,2.49,0.05,0.01,0.0,12600.0,1400.0,1400.0,12600.0,0.0,0.0,0.0,0.0,0.0,0.0,0.0,0.0,0.0,0.0,0.0,0.0,0.0,0.0,0.01,0.0,100.0,50.0,0.0,0.0,0.0,100.0,0.0,1.0,100.0,0.5,9.0
2021-09-27,1400.0,12600.0,0.05,2.45,0.05,0.01,0.0,12600.0,1400.0,1400.0,12600.0,0.0,0.0,0.0,0.0,0.0,0.0,0.0,0.0,0.0,0.0,0.0,0.0,0.0,0.0,0.01,0.0,100.0,50.0,0.0,0.0,0.0,100.0,0.0,1.0,100.0,0.5,9.0
2021-09-28,1400.0,12544.0,0.05,2.5,0.05,0.01,0.0,12544.0,1400.0,1400.0,12544.0,0.0,0.0,0.0,0.0,0.0,0.0,0.0,0.0,0.0,0.0,0.0,0.0,0.0,0.0,0.01,0.0,100.0,50.0,0.0,0.0,0.0,100.0,0.0,1.0,100.0,0.5,8.96
2021-09-29,1400.0,12600.0,0.05,2.53,0.05,0.01,0.0,12600.0,1400.0,1400.0,12600.0,0.0,0.0,0.0,0.0,0.0,0.0,0.0,0.0,0.0,0.0,0.0,0.0,0.0,0.0,0.01,0.0,100.0,50.0,0.0,0.0,0.0,100.0,0.0,1.0,100.0,0.5,9.0
2021-09-30,1400.0,12992.0,0.05,2.45,0.05,0.01,0.0,12992.0,1400.0,1400.0,12992.0,0.0,0.0,0.0,0.0,0.0,0.0,0.0,0.0,0.0,0.0,0.0,0.0,0.0,0.0,0.01,0.0,100.0,50.0,0.0,0.0,0.0,100.0,0.0,1.0,100.0,0.5,9.28
2021-10-01,1400.0,12600.0,0.05,2.46,0.05,0.01,0.0,12600.0,1400.0,1400.0,12600.0,0.0,0.0,0.0,0.0,0.0,0.0,0.0,0.0,0.0,0.0,0.0,0.0,0.0,0.0,0.01,0.0,100.0,50.0,0.0,0.0,0.0,100.0,0.0,1.0,100.0,0.5,9.0
2021-10-04,1400.0,12040.0,0.05,2.37,0.05,0.01,0.0,12040.0,1400.0,1400.0,12040.0,0.0,0.0,0.0,0.0,0.0,0.0,0.0,0.0,0.0,0.0,0.0,0.0,0.0,0.0,0.01,0.0,100.0,50.0,0.0,0.0,0.0,100.0,0.0,1.0,100.0,0.5,8.6
2021-10-05,1400.0,12236.0,0.05,2.48,0.05,0.01,0.0,12236.0,1400.0,1400.0,12236.0,0.0,0.0,0.0,0.0,0.0,0.0,0.0,0.0,0.0,0.0,0.0,0.0,0.0,0.0,0.01,0.0,100.0,50.0,0.0,0.0,0.0,100.0,0.0,1.0,100.0,0.5,8.74
2021-10-06,1400.0,12600.0,0.05,2.49,0.05,0.01,0.0,12600.0,1400.0,1400.0,12600.0,0.0,0.0,0.0,0.0,0.0,0.0,0.0,0.0,0.0,0.0,0.0,0.0,0.0,0.0,0.01,0.0,100.0,50.0,0.0,0.0,0.0,100.0,0.0,1.0,100.0,0.5,9.0
2021-10-07,1400.0,12600.0,0.05,2.36,0.05,0.01,0.0,12600.0,1400.0,1400.0,12600.0,0.0,0.0,0.0,0.0,0.0,0.0,0.0,0.0,0.0,0.0,0.0,0.0,0.0,0.0,0.01,0.0,100.0,50.0,0.0,0.0,0.0,100.0,0.0,1.0,100.0,0.5,9.0
2021-10-08,1400.0,12600.0,0.05,2.36,0.05,0.01,0.0,12600.0,1400.0,1400.0,12600.0,0.0,0.0,0.0,0.0,0.0,0.0,0.0,0.0,0.0,0.0,0.0,0.0,0.0,0.0,0.01,0.0,100.0,50.0,0.0,0.0,0.0,100.0,0.0,1.0,100.0,0.5,9.0
2021-10-11,1400.0,12628.0,0.05,2.4,0.05,0.01,0.0,12628.0,1400.0,1400.0,12628.0,0.0,0.0,0.0,0.0,0.0,0.0,0.0,0.0,0.0,0.0,0.0,0.0,0.0,0.0,0.01,0.0,100.0,50.0,0.0,0.0,0.0,100.0,0.0,1.0,100.0,0.5,9.02
2021-10-12,1400.0,12964.0,0.05,2.34,0.05,0.01,0.0,12964.0,1400.0,1400.0,12964.0,0.0,0.0,0.0,0.0,0.0,0.0,0.0,0.0,0.0,0.0,0.0,0.0,0.0,0.0,0.01,0.0,100.0,50.0,0.0,0.0,0.0,100.0,0.0,1.0,100.0,0.5,9.26
2021-10-13,1400.0,12852.0,0.05,2.34,0.05,0.01,0.0,12852.0,1400.0,1400.0,12852.0,0.0,0.0,0.0,0.0,0.0,0.0,0.0,0.0,0.0,0.0,0.0,0.0,0.0,0.0,0.01,0.0,100.0,50.0,0.0,0.0,0.0,100.0,0.0,1.0,100.0,0.5,9.18
2021-10-14,1400.0,12852.0,0.05,2.36,0.05,0.01,0.0,12852.0,1400.0,1400.0,12852.0,0.0,0.0,0.0,0.0,0.0,0.0,0.0,0.0,0.0,0.0,0.0,0.0,0.0,0.0,0.01,0.0,100.0,50.0,0.0,0.0,0.0,100.0,0.0,1.0,100.0,0.5,9.18
2021-10-15,1400.0,12936.0,0.05,2.92,0.05,0.01,0.0,12936.0,1400.0,1400.0,12936.0,0.0,0.0,0.0,0.0,0.0,0.0,0.0,0.0,0.0,0.0,0.0,0.0,0.0,0.0,0.01,0.0,100.0,50.0,0.0,0.0,0.0,100.0,0.0,1.0,100.0,0.5,9.24
2021-10-18,1400.0,12880.0,0.05,2.96,0.05,0.01,0.0,12880.0,1400.0,1400.0,12880.0,0.0,0.0,0.0,0.0,0.0,0.0,0.0,0.0,0.0,0.0,0.0,0.0,0.0,0.0,0.01,0.0,100.0,50.0,0.0,0.0,0.0,100.0,0.0,1.0,100.0,0.5,9.2
2021-10-19,1400.0,12880.0,0.05,2.96,0.05,0.01,0.0,12880.0,1400.0,1400.0,12880.0,0.0,0.0,0.0,0.0,0.0,0.0,0.0,0.0,0.0,0.0,0.0,0.0,0.0,0.0,0.01,0.0,100.0,50.0,0.0,0.0,0.0,100.0,0.0,1.0,100.0,0.5,9.2
2021-10-20,1400.0,12936.0,0.05,2.97,0.05,0.01,0.0,12936.0,1400.0,1400.0,12936.0,0.0,0.0,0.0,0.0,0.0,0.0,0.0,0.0,0.0,0.0,0.0,0.0,0.0,0.0,0.01,0.0,100.0,50.0,0.0,0.0,0.0,100.0,0.0,1.0,100.0,0.5,9.24
2021-10-21,1400.0,12992.0,0.05,2.99,0.05,0.01,0.0,12992.0,1400.0,1400.0,12992.0,0.0,0.0,0.0,0.0,0.0,0.0,0.0,0.0,0.0,0.0,0.0,0.0,0.0,0.0,0.01,0.0,100.0,50.0,0.0,0.0,0.0,100.0,0.0,1.0,100.0,0.5,9.28
2021-10-22,1400.0,12992.0,0.05,2.98,0.05,0.01,0.0,12992.0,1400.0,1400.0,12992.0,0.0,0.0,0.0,0.0,0.0,0.0,0.0,0.0,0.0,0.0,0.0,0.0,0.0,0.0,0.01,0.0,100.0,50.0,0.0,0.0,0.0,100.0,0.0,1.0,100.0,0.5,9.28
2021-10-25,1400.0,12404.0,0.05,2.78,0.05,0.01,0.0,12404.0,1400.0,1400.0,12404.0,0.0,0.0,0.0,0.0,0.0,0.0,0.0,0.0,0.0,0.0,0.0,0.0,0.0,0.0,0.01,0.0,100.0,50.0,0.0,0.0,0.0,100.0,0.0,1.0,100.0,0.5,8.86
2021-10-26,1400.0,12180.0,0.05,2.63,0.05,0.01,0.0,12180.0,1400.0,1400.0,12180.0,0.0,0.0,0.0,0.0,0.0,0.0,0.0,0.0,0.0,0.0,0.0,0.0,0.0,0.0,0.01,0.0,100.0,50.0,0.0,0.0,0.0,100.0,0.0,1.0,100.0,0.5,8.7
2021-10-27,1400.0,12488.0,0.05,3.48,0.05,0.01,0.0,12488.0,1400.0,1400.0,12488.0,0.0,0.0,0.0,0.0,0.0,0.0,0.0,0.0,0.0,0.0,0.0,0.0,0.0,0.0,0.01,0.0,100.0,50.0,0.0,0.0,0.0,100.0,0.0,1.0,100.0,0.5,8.92
2021-10-28,1400.0,12488.0,0.05,3.51,0.05,0.01,0.0,12488.0,1400.0,1400.0,12488.0,0.0,0.0,0.0,0.0,0.0,0.0,0.0,0.0,0.0,0.0,0.0,0.0,0.0,0.0,0.01,0.0,100.0,50.0,0.0,0.0,0.0,100.0,0.0,1.0,100.0,0.5,8.92
2021-10-29,1400.0,12460.0,0.05,3.85,0.05,0.01,0.0,12460.0,1400.0,1400.0,12460.0,0.0,0.0,0.0,0.0,0.0,0.0,0.0,0.0,0.0,0.0,0.0,0.0,0.0,0.0,0.01,0.0,100.0,50.0,0.0,0.0,0.0,100.0,0.0,1.0,100.0,0.5,8.9
2021-11-01,1400.0,13776.0,0.05,3.8,0.05,0.01,0.0,13776.0,1400.0,1400.0,13776.0,0.0,0.0,0.0,0.0,0.0,0.0,0.0,0.0,0.0,0.0,0.0,0.0,0.0,0.0,0.01,0.0,100.0,50.0,0.0,0.0,0.0,100.0,0.0,1.0,100.0,0.5,9.84
2021-11-02,1400.0,13664.0,0.05,2.38,0.05,0.01,0.0,13664.0,1400.0,1400.0,13664.0,0.0,0.0,0.0,0.0,0.0,0.0,0.0,0.0,0.0,0.0,0.0,0.0,0.0,0.0,0.01,0.0,100.0,50.0,0.0,0.0,0.0,100.0,0.0,1.0,100.0,0.5,9.76
2021-11-03,1400.0,13664.0,0.05,2.19,0.05,0.01,0.0,13664.0,1400.0,1400.0,13664.0,0.0,0.0,0.0,0.0,0.0,0.0,0.0,0.0,0.0,0.0,0.0,0.0,0.0,0.0,0.01,0.0,100.0,50.0,0.0,0.0,0.0,100.0,0.0,1.0,100.0,0.5,9.76
2021-11-04,1400.0,13440.0,0.05,2.14,0.05,0.01,0.0,13440.0,1400.0,1400.0,13440.0,0.0,0.0,0.0,0.0,0.0,0.0,0.0,0.0,0.0,0.0,0.0,0.0,0.0,0.0,0.01,0.0,100.0,50.0,0.0,0.0,0.0,100.0,0.0,1.0,100.0,0.5,9.6
2021-11-05,1400.0,13608.0,0.05,2.14,0.05,0.01,0.0,13608.0,1400.0,1400.0,13608.0,0.0,0.0,0.0,0.0,0.0,0.0,0.0,0.0,0.0,0.0,0.0,0.0,0.0,0.0,0.01,0.0,100.0,50.0,0.0,0.0,0.0,100.0,0.0,1.0,100.0,0.5,9.72
2021-11-08,1400.0,13580.0,0.05,2.18,0.05,0.01,0.0,13580.0,1400.0,1400.0,13580.0,0.0,0.0,0.0,0.0,0.0,0.0,0.0,0.0,0.0,0.0,0.0,0.0,0.0,0.0,0.01,0.0,100.0,50.0,0.0,0.0,0.0,100.0,0.0,1.0,100.0,0.5,9.7
2021-11-09,1400.0,13580.0,0.05,2.16,0.05,0.01,0.0,13580.0,1400.0,1400.0,13580.0,0.0,0.0,0.0,0.0,0.0,0.0,0.0,0.0,0.0,0.0,0.0,0.0,0.0,0.0,0.01,0.0,100.0,50.0,0.0,0.0,0.0,100.0,0.0,1.0,100.0,0.5,9.7
2021-11-10,1400.0,13356.0,0.05,2.15,0.05,0.01,0.0,13356.0,1400.0,1400.0,13356.0,0.0,0.0,0.0,0.0,0.0,0.0,0.0,0.0,0.0,0.0,0.0,0.0,0.0,0.0,0.01,0.0,100.0,50.0,0.0,0.0,0.0,100.0,0.0,1.0,100.0,0.5,9.54
2021-11-11,1400.0,13608.0,0.05,2.17,0.05,0.01,0.0,13608.0,1400.0,1400.0,13608.0,0.0,0.0,0.0,0.0,0.0,0.0,0.0,0.0,0.0,0.0,0.0,0.0,0.0,0.0,0.01,0.0,100.0,50.0,0.0,0.0,0.0,100.0,0.0,1.0,100.0,0.5,9.72
2021-11-12,1400.0,13580.0,0.05,2.2,0.05,0.01,0.0,13580.0,1400.0,1400.0,13580.0,0.0,0.0,0.0,0.0,0.0,0.0,0.0,0.0,0.0,0.0,0.0,0.0,0.0,0.0,0.01,0.0,100.0,50.0,0.0,0.0,0.0,100.0,0.0,1.0,100.0,0.5,9.7
2021-11-15,1400.0,13440.0,0.05,2.25,0.05,0.01,0.0,13440.0,1400.0,1400.0,13440.0,0.0,0.0,0.0,0.0,0.0,0.0,0.0,0.0,0.0,0.0,0.0,0.0,0.0,0.0,0.01,0.0,100.0,50.0,0.0,0.0,0.0,100.0,0.0,1.0,100.0,0.5,9.6
2021-11-16,1400.0,13440.0,0.05,2.26,0.05,0.01,0.0,13440.0,1400.0,1400.0,13440.0,0.0,0.0,0.0,0.0,0.0,0.0,0.0,0.0,0.0,0.0,0.0,0.0,0.0,0.0,0.01,0.0,100.0,50.0,0.0,0.0,0.0,100.0,0.0,1.0,100.0,0.5,9.6
2021-11-17,1400.0,13440.0,0.05,2.25,0.05,0.01,0.0,13440.0,1400.0,1400.0,13440.0,0.0,0.0,0.0,0.0,0.0,0.0,0.0,0.0,0.0,0.0,0.0,0.0,0.0,0.0,0.01,0.0,100.0,50.0,0.0,0.0,0.0,100.0,0.0,1.0,100.0,0.5,9.6
2021-11-18,1400.0,13440.0,0.05,2.41,0.05,0.01,0.0,13440.0,1400.0,1400.0,13440.0,0.0,0.0,0.0,0.0,0.0,0.0,0.0,0.0,0.0,0.0,0.0,0.0,0.0,0.0,0.01,0.0,100.0,50.0,0.0,0.0,0.0,100.0,0.0,1.0,100.0,0.5,9.6
2021-11-19,1400.0,13412.0,0.05,2.41,0.05,0.01,0.0,13412.0,1400.0,1400.0,13412.0,0.0,0.0,0.0,0.0,0.0,0.0,0.0,0.0,0.0,0.0,0.0,0.0,0.0,0.0,0.01,0.0,100.0,50.0,0.0,0.0,0.0,100.0,0.0,1.0,100.0,0.5,9.58
2021-11-22,1400.0,13440.0,0.05,2.32,0.05,0.01,0.0,13440.0,1400.0,1400.0,13440.0,0.0,0.0,0.0,0.0,0.0,0.0,0.0,0.0,0.0,0.0,0.0,0.0,0.0,0.0,0.01,0.0,100.0,50.0,0.0,0.0,0.0,100.0,0.0,1.0,100.0,0.5,9.6
2021-11-23,1400.0,13048.0,0.05,2.15,0.05,0.01,0.0,13048.0,1400.0,1400.0,13048.0,0.0,0.0,0.0,0.0,0.0,0.0,0.0,0.0,0.0,0.0,0.0,0.0,0.0,0.0,0.01,0.0,100.0,50.0,0.0,0.0,0.0,100.0,0.0,1.0,100.0,0.5,9.32
2021-11-24,1400.0,12880.0,0.05,2.09,0.05,0.01,0.0,12880.0,1400.0,1400.0,12880.0,0.0,0.0,0.0,0.0,0.0,0.0,0.0,0.0,0.0,0.0,0.0,0.0,0.0,0.0,0.01,0.0,100.0,50.0,0.0,0.0,0.0,100.0,0.0,1.0,100.0,0.5,9.2
2021-11-25,1400.0,12460.0,0.05,2.22,0.05,0.01,0.0,12460.0,1400.0,1400.0,12460.0,0.0,0.0,0.0,0.0,0.0,0.0,0.0,0.0,0.0,0.0,0.0,0.0,0.0,0.0,0.01,0.0,100.0,50.0,0.0,0.0,0.0,100.0,0.0,1.0,100.0,0.5,8.9
2021-11-26,1400.0,12432.0,0.05,2.02,0.05,0.01,0.0,12432.0,1400.0,1400.0,12432.0,0.0,0.0,0.0,0.0,0.0,0.0,0.0,0.0,0.0,0.0,0.0,0.0,0.0,0.0,0.01,0.0,100.0,50.0,0.0,0.0,0.0,100.0,0.0,1.0,100.0,0.5,8.88
2021-11-29,1400.0,12432.0,0.05,1.96,0.05,0.01,0.0,12432.0,1400.0,1400.0,12432.0,0.0,0.0,0.0,0.0,0.0,0.0,0.0,0.0,0.0,0.0,0.0,0.0,0.0,0.0,0.01,0.0,100.0,50.0,0.0,0.0,0.0,100.0,0.0,1.0,100.0,0.5,8.88
2021-11-30,1400.0,12460.0,0.05,1.97,0.05,0.01,0.0,12460.0,1400.0,1400.0,12460.0,0.0,0.0,0.0,0.0,0.0,0.0,0.0,0.0,0.0,0.0,0.0,0.0,0.0,0.0,0.01,0.0,100.0,50.0,0.0,0.0,0.0,100.0,0.0,1.0,100.0,0.5,8.9
2021-12-01,1400.0,12460.0,0.05,1.99,0.05,0.01,0.0,12460.0,1400.0,1400.0,12460.0,0.0,0.0,0.0,0.0,0.0,0.0,0.0,0.0,0.0,0.0,0.0,0.0,0.0,0.0,0.01,0.0,100.0,50.0,0.0,0.0,0.0,100.0,0.0,1.0,100.0,0.5,8.9
2021-12-02,1400.0,12460.0,0.05,1.92,0.05,0.01,0.0,12460.0,1400.0,1400.0,12460.0,0.0,0.0,0.0,0.0,0.0,0.0,0.0,0.0,0.0,0.0,0.0,0.0,0.0,0.0,0.01,0.0,100.0,50.0,0.0,0.0,0.0,100.0,0.0,1.0,100.0,0.5,8.9
2021-12-03,1400.0,12432.0,0.05,1.92,0.05,0.01,0.0,12432.0,1400.0,1400.0,12432.0,0.0,0.0,0.0,0.0,0.0,0.0,0.0,0.0,0.0,0.0,0.0,0.0,0.0,0.0,0.01,0.0,100.0,50.0,0.0,0.0,0.0,100.0,0.0,1.0,100.0,0.5,8.88
2021-12-06,1400.0,12432.0,0.05,1.97,0.05,0.01,0.0,12432.0,1400.0,1400.0,12432.0,0.0,0.0,0.0,0.0,0.0,0.0,0.0,0.0,0.0,0.0,0.0,0.0,0.0,0.0,0.01,0.0,100.0,50.0,0.0,0.0,0.0,100.0,0.0,1.0,100.0,0.5,8.88
2021-12-07,1400.0,12404.0,0.05,1.98,0.05,0.01,0.0,12404.0,1400.0,1400.0,12404.0,0.0,0.0,0.0,0.0,0.0,0.0,0.0,0.0,0.0,0.0,0.0,0.0,0.0,0.0,0.01,0.0,100.0,50.0,0.0,0.0,0.0,100.0,0.0,1.0,100.0,0.5,8.86
2021-12-08,1489.0,13043.64,0.05,2.1,0.05,0.01,0.0,13043.64,1489.0,1489.0,13043.64,0.0,89.0,0.0,0.0,0.0,0.0,89.0,0.0,0.0,0.0,89.0,0.0,0.0,0.0,0.01,0.0,100.0,50.0,0.0,0.0,0.0,100.0,0.0,1.0,100.0,0.5,8.76
2021-12-09,1400.0,12320.0,0.05,2.0,0.05,0.01,0.0,12320.0,1400.0,1400.0,12320.0,0.0,0.0,0.0,0.0,0.0,0.0,0.0,89.0,0.0,0.0,0.0,0.0,0.0,89.0,0.01,0.0,100.0,50.0,0.0,0.0,0.0,100.0,0.0,1.0,100.0,0.5,8.8
2021-12-10,1400.0,12432.0,0.05,1.91,0.05,0.01,0.0,12432.0,1400.0,1400.0,12432.0,0.0,0.0,0.0,0.0,0.0,0.0,0.0,0.0,0.0,0.0,0.0,0.0,0.0,0.0,0.01,0.0,100.0,50.0,0.0,0.0,0.0,100.0,0.0,1.0,100.0,0.5,8.88
2021-12-13,1400.0,12208.0,0.05,1.9,0.05,0.01,0.0,12208.0,1400.0,1400.0,12208.0,0.0,0.0,0.0,0.0,0.0,0.0,0.0,0.0,0.0,0.0,0.0,0.0,0.0,0.0,0.01,0.0,100.0,50.0,0.0,0.0,0.0,100.0,0.0,1.0,100.0,0.5,8.72
2021-12-14,1400.0,12012.0,0.05,2.61,0.05,0.01,0.0,12012.0,1400.0,1400.0,12012.0,0.0,0.0,0.0,0.0,0.0,0.0,0.0,0.0,0.0,0.0,0.0,0.0,0.0,0.0,0.01,0.0,100.0,50.0,0.0,0.0,0.0,100.0,0.0,1.0,100.0,0.5,8.58
2021-12-15,1400.0,12180.0,0.05,2.92,0.05,0.01,0.0,12180.0,1400.0,1400.0,12180.0,0.0,0.0,0.0,0.0,0.0,0.0,0.0,0.0,0.0,0.0,0.0,0.0,0.0,0.0,0.01,0.0,100.0,50.0,0.0,0.0,0.0,100.0,0.0,1.0,100.0,0.5,8.7
2021-12-16,1400.0,12320.0,0.05,2.56,0.05,0.01,0.0,12320.0,1400.0,1400.0,12320.0,0.0,0.0,0.0,0.0,0.0,0.0,0.0,0.0,0.0,0.0,0.0,0.0,0.0,0.0,0.01,0.0,100.0,50.0,0.0,0.0,0.0,100.0,0.0,1.0,100.0,0.5,8.8
2021-12-17,1400.0,12348.0,0.05,2.53,0.05,0.01,0.0,12348.0,1400.0,1400.0,12348.0,0.0,0.0,0.0,0.0,0.0,0.0,0.0,0.0,0.0,0.0,0.0,0.0,0.0,0.0,0.01,0.0,100.0,50.0,0.0,0.0,0.0,100.0,0.0,1.0,100.0,0.5,8.82
2021-12-20,1400.0,11620.0,0.05,1.53,0.05,0.01,0.0,11620.0,1400.0,1400.0,11620.0,0.0,0.0,0.0,0.0,0.0,0.0,0.0,0.0,0.0,0.0,0.0,0.0,0.0,0.0,0.01,0.0,100.0,50.0,0.0,0.0,0.0,100.0,0.0,1.0,100.0,0.5,8.3
2021-12-21,1400.0,11592.0,0.05,1.3,0.05,0.01,0.0,11592.0,1400.0,1400.0,11592.0,0.0,0.0,0.0,0.0,0.0,0.0,0.0,0.0,0.0,0.0,0.0,0.0,0.0,0.0,0.01,0.0,100.0,50.0,0.0,0.0,0.0,100.0,0.0,1.0,100.0,0.5,8.28
2021-12-22,1400.0,11592.0,0.05,1.16,0.05,0.01,0.0,11592.0,1400.0,1400.0,11592.0,0.0,0.0,0.0,0.0,0.0,0.0,0.0,0.0,0.0,0.0,0.0,0.0,0.0,0.0,0.01,0.0,100.0,50.0,0.0,0.0,0.0,100.0,0.0,1.0,100.0,0.5,8.28
2021-12-23,1400.0,11704.0,0.05,1.13,0.05,0.01,0.0,11704.0,1400.0,1400.0,11704.0,0.0,0.0,0.0,0.0,0.0,0.0,0.0,0.0,0.0,0.0,0.0,0.0,0.0,0.0,0.01,0.0,100.0,50.0,0.0,0.0,0.0,100.0,0.0,1.0,100.0,0.5,8.36
2021-12-24,1400.0,11816.0,0.05,1.12,0.05,0.01,0.0,11816.0,1400.0,1400.0,11816.0,0.0,0.0,0.0,0.0,0.0,0.0,0.0,0.0,0.0,0.0,0.0,0.0,0.0,0.0,0.01,0.0,100.0,50.0,0.0,0.0,0.0,100.0,0.0,1.0,100.0,0.5,8.44
2021-12-27,1400.0,11592.0,0.05,1.14,0.05,0.01,0.0,11592.0,1400.0,1400.0,11592.0,0.0,0.0,0.0,0.0,0.0,0.0,0.0,0.0,0.0,0.0,0.0,0.0,0.0,0.0,0.01,0.0,100.0,50.0,0.0,0.0,0.0,100.0,0.0,1.0,100.0,0.5,8.28
2021-12-28,1400.0,11788.0,0.05,0.82,0.05,0.01,0.0,11788.0,1400.0,1400.0,11788.0,0.0,0.0,0.0,0.0,0.0,0.0,0.0,0.0,0.0,0.0,0.0,0.0,0.0,0.0,0.01,0.0,100.0,50.0,0.0,0.0,0.0,100.0,0.0,1.0,100.0,0.5,8.42
2021-12-29,1400.0,11592.0,0.05,0.78,0.05,0.01,0.0,11592.0,1400.0,1400.0,11592.0,0.0,0.0,0.0,0.0,0.0,0.0,0.0,0.0,0.0,0.0,0.0,0.0,0.0,0.0,0.01,0.0,100.0,50.0,0.0,0.0,0.0,100.0,0.0,1.0,100.0,0.5,8.28
2021-12-30,1400.0,11340.0,0.05,0.78,0.05,0.01,0.0,11340.0,1400.0,1400.0,11340.0,0.0,0.0,0.0,0.0,0.0,0.0,0.0,0.0,0.0,0.0,0.0,0.0,0.0,0.0,0.01,0.0,100.0,50.0,0.0,0.0,0.0,100.0,0.0,1.0,100.0,0.5,8.1
2021-12-31,1400.0,11592.0,0.05,0.76,0.05,0.01,0.0,11592.0,1400.0,1400.0,11592.0,0.0,0.0,0.0,0.0,0.0,0.0,0.0,0.0,0.0,0.0,0.0,0.0,0.0,0.0,0.01,0.0,100.0,50.0,0.0,0.0,0.0,100.0,0.0,1.0,100.0,0.5,8.28
2022-01-03,1400.0,11872.0,0.05,0.76,0.05,0.01,0.0,11872.0,1400.0,1400.0,11872.0,0.0,0.0,0.0,0.0,0.0,0.0,0.0,0.0,0.0,0.0,0.0,0.0,0.0,0.0,0.01,0.0,100.0,50.0,0.0,0.0,0.0,100.0,0.0,1.0,100.0,0.5,8.48
2022-01-04,1400.0,12012.0,0.05,0.79,0.05,0.01,0.0,12012.0,1400.0,1400.0,12012.0,0.0,0.0,0.0,0.0,0.0,0.0,0.0,0.0,0.0,0.0,0.0,0.0,0.0,0.0,0.01,0.0,100.0,50.0,0.0,0.0,0.0,100.0,0.0,1.0,100.0,0.5,8.58
2022-01-05,1400.0,12012.0,0.05,0.79,0.05,0.01,0.0,12012.0,1400.0,1400.0,12012.0,0.0,0.0,0.0,0.0,0.0,0.0,0.0,0.0,0.0,0.0,0.0,0.0,0.0,0.0,0.01,0.0,100.0,50.0,0.0,0.0,0.0,100.0,0.0,1.0,100.0,0.5,8.58
2022-01-06,1400.0,11900.0,0.05,0.79,0.05,0.01,0.0,11900.0,1400.0,1400.0,11900.0,0.0,0.0,0.0,0.0,0.0,0.0,0.0,0.0,0.0,0.0,0.0,0.0,0.0,0.0,0.01,0.0,100.0,50.0,0.0,0.0,0.0,100.0,0.0,1.0,100.0,0.5,8.5
2022-01-07,1400.0,11900.0,0.05,0.82,0.05,0.01,0.0,11900.0,1400.0,1400.0,11900.0,0.0,0.0,0.0,0.0,0.0,0.0,0.0,0.0,0.0,0.0,0.0,0.0,0.0,0.0,0.01,0.0,100.0,50.0,0.0,0.0,0.0,100.0,0.0,1.0,100.0,0.5,8.5
2022-01-10,1400.0,11956.0,0.05,0.79,0.05,0.01,0.0,11956.0,1400.0,1400.0,11956.0,0.0,0.0,0.0,0.0,0.0,0.0,0.0,0.0,0.0,0.0,0.0,0.0,0.0,0.0,0.01,0.0,100.0,50.0,0.0,0.0,0.0,100.0,0.0,1.0,100.0,0.5,8.54
2022-01-11,1400.0,11872.0,0.05,0.78,0.05,0.01,0.0,11872.0,1400.0,1400.0,11872.0,0.0,0.0,0.0,0.0,0.0,0.0,0.0,0.0,0.0,0.0,0.0,0.0,0.0,0.0,0.01,0.0,100.0,50.0,0.0,0.0,0.0,100.0,0.0,1.0,100.0,0.5,8.48
2022-01-12,1400.0,11872.0,0.05,0.78,0.05,0.01,0.0,11872.0,1400.0,1400.0,11872.0,0.0,0.0,0.0,0.0,0.0,0.0,0.0,0.0,0.0,0.0,0.0,0.0,0.0,0.0,0.01,0.0,100.0,50.0,0.0,0.0,0.0,100.0,0.0,1.0,100.0,0.5,8.48
2022-01-13,1400.0,11872.0,0.05,0.79,0.05,0.01,0.0,11872.0,1400.0,1400.0,11872.0,0.0,0.0,0.0,0.0,0.0,0.0,0.0,0.0,0.0,0.0,0.0,0.0,0.0,0.0,0.01,0.0,100.0,50.0,0.0,0.0,0.0,100.0,0.0,1.0,100.0,0.5,8.48
2022-01-14,1400.0,11872.0,0.05,0.79,0.05,0.01,0.0,11872.0,1400.0,1400.0,11872.0,0.0,0.0,0.0,0.0,0.0,0.0,0.0,0.0,0.0,0.0,0.0,0.0,0.0,0.0,0.01,0.0,100.0,50.0,0.0,0.0,0.0,100.0,0.0,1.0,100.0,0.5,8.48
2022-01-17,1400.0,11732.0,0.05,0.8,0.05,0.01,0.0,11732.0,1400.0,1400.0,11732.0,0.0,0.0,0.0,0.0,0.0,0.0,0.0,0.0,0.0,0.0,0.0,0.0,0.0,0.0,0.01,0.0,100.0,50.0,0.0,0.0,0.0,100.0,0.0,1.0,100.0,0.5,8.38
2022-01-18,1400.0,11536.0,0.05,0.81,0.05,0.01,0.0,11536.0,1400.0,1400.0,11536.0,0.0,0.0,0.0,0.0,0.0,0.0,0.0,0.0,0.0,0.0,0.0,0.0,0.0,0.0,0.01,0.0,100.0,50.0,0.0,0.0,0.0,100.0,0.0,1.0,100.0,0.5,8.24
2022-01-19,1400.0,11564.0,0.05,0.81,0.05,0.01,0.0,11564.0,1400.0,1400.0,11564.0,0.0,0.0,0.0,0.0,0.0,0.0,0.0,0.0,0.0,0.0,0.0,0.0,0.0,0.0,0.01,0.0,100.0,50.0,0.0,0.0,0.0,100.0,0.0,1.0,100.0,0.5,8.26
2022-01-20,1400.0,11424.0,0.05,0.8,0.05,0.01,0.0,11424.0,1400.0,1400.0,11424.0,0.0,0.0,0.0,0.0,0.0,0.0,0.0,0.0,0.0,0.0,0.0,0.0,0.0,0.0,0.01,0.0,100.0,50.0,0.0,0.0,0.0,100.0,0.0,1.0,100.0,0.5,8.16
2022-01-21,1400.0,11592.0,0.05,0.82,0.05,0.01,0.0,11592.0,1400.0,1400.0,11592.0,0.0,0.0,0.0,0.0,0.0,0.0,0.0,0.0,0.0,0.0,0.0,0.0,0.0,0.0,0.01,0.0,100.0,50.0,0.0,0.0,0.0,100.0,0.0,1.0,100.0,0.5,8.28
2022-01-24,1400.0,11200.0,0.05,0.8,0.05,0.01,0.0,11200.0,1400.0,1400.0,11200.0,0.0,0.0,0.0,0.0,0.0,0.0,0.0,0.0,0.0,0.0,0.0,0.0,0.0,0.0,0.01,0.0,100.0,50.0,0.0,0.0,0.0,100.0,0.0,1.0,100.0,0.5,8.0
2022-01-25,1400.0,11172.0,0.05,0.8,0.05,0.01,0.0,11172.0,1400.0,1400.0,11172.0,0.0,0.0,0.0,0.0,0.0,0.0,0.0,0.0,0.0,0.0,0.0,0.0,0.0,0.0,0.01,0.0,100.0,50.0,0.0,0.0,0.0,100.0,0.0,1.0,100.0,0.5,7.98
2022-01-26,1400.0,11200.0,0.05,0.79,0.05,0.01,0.0,11200.0,1400.0,1400.0,11200.0,0.0,0.0,0.0,0.0,0.0,0.0,0.0,0.0,0.0,0.0,0.0,0.0,0.0,0.0,0.01,0.0,100.0,100.0,0.0,0.0,0.0,100.0,0.0,1.0,100.0,1.0,8.0
2022-01-27,1400.0,11200.0,0.05,0.82,0.05,0.01,0.0,11200.0,1400.0,1400.0,11200.0,0.0,0.0,0.0,0.0,0.0,0.0,0.0,0.0,0.0,0.0,0.0,0.0,0.0,0.0,0.01,0.0,100.0,100.0,0.0,0.0,0.0,100.0,0.0,1.0,100.0,1.0,8.0
2022-01-28,1400.0,11872.0,0.05,0.82,0.05,0.01,0.0,11872.0,1400.0,1400.0,11872.0,0.0,0.0,0.0,0.0,0.0,0.0,0.0,0.0,0.0,0.0,0.0,0.0,0.0,0.0,0.01,0.0,100.0,100.0,0.0,0.0,0.0,100.0,0.0,1.0,100.0,1.0,8.48
2022-01-31,1400.0,11676.0,0.05,0.97,0.05,0.01,0.0,11676.0,1400.0,1400.0,11676.0,0.0,0.0,0.0,0.0,0.0,0.0,0.0,0.0,0.0,0.0,0.0,0.0,0.0,0.0,0.01,0.0,100.0,100.0,0.0,0.0,0.0,100.0,0.0,1.0,100.0,1.0,8.34
2022-02-01,1400.0,12544.0,0.05,1.04,0.05,0.01,0.0,12544.0,1400.0,1400.0,12544.0,0.0,0.0,0.0,0.0,0.0,0.0,0.0,0.0,0.0,0.0,0.0,0.0,0.0,0.0,0.01,0.0,100.0,100.0,0.0,0.0,0.0,100.0,0.0,1.0,100.0,1.0,8.96
2022-02-02,1400.0,12600.0,0.05,1.08,0.05,0.01,0.0,12600.0,1400.0,1400.0,12600.0,0.0,0.0,0.0,0.0,0.0,0.0,0.0,0.0,0.0,0.0,0.0,0.0,0.0,0.0,0.01,0.0,100.0,100.0,0.0,0.0,0.0,100.0,0.0,1.0,100.0,1.0,9.0
2022-02-03,1400.0,12572.0,0.05,1.1,0.05,0.01,0.0,12572.0,1400.0,1400.0,12572.0,0.0,0.0,0.0,0.0,0.0,0.0,0.0,0.0,0.0,0.0,0.0,0.0,0.0,0.0,0.01,0.0,100.0,100.0,0.0,0.0,0.0,100.0,0.0,1.0,100.0,1.0,8.98
2022-02-04,1400.0,11900.0,0.05,1.06,0.05,0.01,0.0,11900.0,1400.0,1400.0,11900.0,0.0,0.0,0.0,0.0,0.0,0.0,0.0,0.0,0.0,0.0,0.0,0.0,0.0,0.0,0.01,0.0,100.0,100.0,0.0,0.0,0.0,100.0,0.0,1.0,100.0,1.0,8.5
2022-02-07,1400.0,12376.0,0.05,1.01,0.05,0.01,0.0,12376.0,1400.0,1400.0,12376.0,0.0,0.0,0.0,0.0,0.0,0.0,0.0,0.0,0.0,0.0,0.0,0.0,0.0,0.0,0.01,0.0,100.0,100.0,0.0,0.0,0.0,100.0,0.0,1.0,100.0,1.0,8.84
2022-02-08,1400.0,12320.0,0.05,1.53,0.05,0.01,0.0,12320.0,1400.0,1400.0,12320.0,0.0,0.0,0.0,0.0,0.0,0.0,0.0,0.0,0.0,0.0,0.0,0.0,0.0,0.0,0.01,0.0,100.0,100.0,0.0,0.0,0.0,100.0,0.0,1.0,100.0,1.0,8.8
2022-02-09,1400.0,12152.0,0.05,1.67,0.05,0.01,0.0,12152.0,1400.0,1400.0,12152.0,0.0,0.0,0.0,0.0,0.0,0.0,0.0,0.0,0.0,0.0,0.0,0.0,0.0,0.0,0.01,0.0,100.0,100.0,0.0,0.0,0.0,100.0,0.0,1.0,100.0,1.0,8.68
2022-02-10,1400.0,12068.0,0.05,1.61,0.05,0.01,0.0,12068.0,1400.0,1400.0,12068.0,0.0,0.0,0.0,0.0,0.0,0.0,0.0,0.0,0.0,0.0,0.0,0.0,0.0,0.0,0.01,0.0,100.0,100.0,0.0,0.0,0.0,100.0,0.0,1.0,100.0,1.0,8.62
2022-02-11,1400.0,12180.0,0.05,1.68,0.05,0.01,0.0,12180.0,1400.0,1400.0,12180.0,0.0,0.0,0.0,0.0,0.0,0.0,0.0,0.0,0.0,0.0,0.0,0.0,0.0,0.0,0.01,0.0,100.0,100.0,0.0,0.0,0.0,100.0,0.0,1.0,100.0,1.0,8.7
2022-02-14,1400.0,12152.0,0.05,1.66,0.05,0.01,0.0,12152.0,1400.0,1400.0,12152.0,0.0,0.0,0.0,0.0,0.0,0.0,0.0,0.0,0.0,0.0,0.0,0.0,0.0,0.0,0.01,0.0,100.0,100.0,0.0,0.0,0.0,100.0,0.0,1.0,100.0,1.0,8.68
2022-02-15,1400.0,12152.0,0.05,1.64,0.05,0.01,0.0,12152.0,1400.0,1400.0,12152.0,0.0,0.0,0.0,0.0,0.0,0.0,0.0,0.0,0.0,0.0,0.0,0.0,0.0,0.0,0.01,0.0,100.0,100.0,0.0,0.0,0.0,100.0,0.0,1.0,100.0,1.0,8.68
2022-02-16,1400.0,12236.0,0.05,1.62,0.05,0.01,0.0,12236.0,1400.0,1400.0,12236.0,0.0,0.0,0.0,0.0,0.0,0.0,0.0,0.0,0.0,0.0,0.0,0.0,0.0,0.0,0.01,0.0,100.0,100.0,0.0,0.0,0.0,100.0,0.0,1.0,100.0,1.0,8.74
2022-02-17,1400.0,12208.0,0.05,1.56,0.05,0.01,0.0,12208.0,1400.0,1400.0,12208.0,0.0,0.0,0.0,0.0,0.0,0.0,0.0,0.0,0.0,0.0,0.0,0.0,0.0,0.0,0.01,0.0,100.0,100.0,0.0,0.0,0.0,100.0,0.0,1.0,100.0,1.0,8.72
2022-02-18,1400.0,12404.0,0.05,1.53,0.05,0.01,0.0,12404.0,1400.0,1400.0,12404.0,0.0,0.0,0.0,0.0,0.0,0.0,0.0,0.0,0.0,0.0,0.0,0.0,0.0,0.0,0.01,0.0,100.0,100.0,0.0,0.0,0.0,100.0,0.0,1.0,100.0,1.0,8.86
2022-02-21,1400.0,12572.0,0.05,1.67,0.05,0.01,0.0,12572.0,1400.0,1400.0,12572.0,0.0,0.0,0.0,0.0,0.0,0.0,0.0,0.0,0.0,0.0,0.0,0.0,0.0,0.0,0.01,0.0,100.0,100.0,0.0,0.0,0.0,100.0,0.0,1.0,100.0,1.0,8.98
2022-02-22,1400.0,12516.0,0.05,1.59,0.05,0.01,0.0,12516.0,1400.0,1400.0,12516.0,0.0,0.0,0.0,0.0,0.0,0.0,0.0,0.0,0.0,0.0,0.0,0.0,0.0,0.0,0.01,0.0,100.0,100.0,0.0,0.0,0.0,100.0,0.0,1.0,100.0,1.0,8.94
2022-02-23,1400.0,12348.0,0.05,1.57,0.05,0.01,0.0,12348.0,1400.0,1400.0,12348.0,0.0,0.0,0.0,0.0,0.0,0.0,0.0,0.0,0.0,0.0,0.0,0.0,0.0,0.0,0.01,0.0,100.0,100.0,0.0,0.0,0.0,100.0,0.0,1.0,100.0,1.0,8.82
2022-02-24,1400.0,12404.0,0.05,1.57,0.05,0.01,0.0,12404.0,1400.0,1400.0,12404.0,0.0,0.0,0.0,0.0,0.0,0.0,0.0,0.0,0.0,0.0,0.0,0.0,0.0,0.0,0.01,0.0,100.0,100.0,0.0,0.0,0.0,100.0,0.0,1.0,100.0,1.0,8.86
2022-02-25,1400.0,11900.0,0.05,1.53,0.05,0.01,0.0,11900.0,1400.0,1400.0,11900.0,0.0,0.0,0.0,0.0,0.0,0.0,0.0,0.0,0.0,0.0,0.0,0.0,0.0,0.0,0.01,0.0,100.0,100.0,0.0,0.0,0.0,100.0,0.0,1.0,100.0,1.0,8.5
2022-02-28,1400.0,11592.0,0.05,1.43,0.05,0.01,0.0,11592.0,1400.0,1400.0,11592.0,0.0,0.0,0.0,0.0,0.0,0.0,0.0,0.0,0.0,0.0,0.0,0.0,0.0,0.0,0.01,0.0,100.0,100.0,0.0,0.0,0.0,100.0,0.0,1.0,100.0,1.0,8.28
2022-03-01,1400.0,11984.0,0.05,1.34,0.05,0.01,0.0,11984.0,1400.0,1400.0,11984.0,0.0,0.0,0.0,0.0,0.0,0.0,0.0,0.0,0.0,0.0,0.0,0.0,0.0,0.0,0.01,0.0,100.0,100.0,0.0,0.0,0.0,100.0,0.0,1.0,100.0,1.0,8.56
2022-03-02,1400.0,11816.0,0.05,1.35,0.05,0.01,0.0,11816.0,1400.0,1400.0,11816.0,0.0,0.0,0.0,0.0,0.0,0.0,0.0,0.0,0.0,0.0,0.0,0.0,0.0,0.0,0.01,0.0,100.0,100.0,0.0,0.0,0.0,100.0,0.0,1.0,100.0,1.0,8.44
2022-03-03,1400.0,11200.0,0.05,1.3,0.05,0.01,0.0,11200.0,1400.0,1400.0,11200.0,0.0,0.0,0.0,0.0,0.0,0.0,0.0,0.0,0.0,0.0,0.0,0.0,0.0,0.0,0.01,0.0,100.0,100.0,0.0,0.0,0.0,100.0,0.0,1.0,100.0,1.0,8.0
2022-03-04,1400.0,10892.0,0.05,1.24,0.05,0.01,0.0,10892.0,1400.0,1400.0,10892.0,0.0,0.0,0.0,0.0,0.0,0.0,0.0,0.0,0.0,0.0,0.0,0.0,0.0,0.0,0.01,0.0,100.0,100.0,0.0,0.0,0.0,100.0,0.0,1.0,100.0,1.0,7.78
2022-03-07,1400.0,10752.0,0.05,1.2,0.05,0.01,0.0,10752.0,1400.0,1400.0,10752.0,0.0,0.0,0.0,0.0,0.0,0.0,0.0,0.0,0.0,0.0,0.0,0.0,0.0,0.0,0.01,0.0,100.0,100.0,0.0,0.0,0.0,100.0,0.0,1.0,100.0,1.0,7.68
2022-03-08,1400.0,10752.0,0.05,1.22,0.05,0.01,0.0,10752.0,1400.0,1400.0,10752.0,0.0,0.0,0.0,0.0,0.0,0.0,0.0,0.0,0.0,0.0,0.0,0.0,0.0,0.0,0.01,0.0,100.0,100.0,0.0,0.0,0.0,100.0,0.0,1.0,100.0,1.0,7.68
2022-03-09,1400.0,11032.0,0.05,1.22,0.05,0.01,0.0,11032.0,1400.0,1400.0,11032.0,0.0,0.0,0.0,0.0,0.0,0.0,0.0,0.0,0.0,0.0,0.0,0.0,0.0,0.0,0.01,0.0,100.0,100.0,0.0,0.0,0.0,100.0,0.0,1.0,100.0,1.0,7.88
2022-03-10,1400.0,10948.0,0.05,1.21,0.05,0.01,0.0,10948.0,1400.0,1400.0,10948.0,0.0,0.0,0.0,0.0,0.0,0.0,0.0,0.0,0.0,0.0,0.0,0.0,0.0,0.0,0.01,0.0,100.0,100.0,0.0,0.0,0.0,100.0,0.0,1.0,100.0,1.0,7.82
2022-03-11,1400.0,10892.0,0.05,1.22,0.05,0.01,0.0,10892.0,1400.0,1400.0,10892.0,0.0,0.0,0.0,0.0,0.0,0.0,0.0,0.0,0.0,0.0,0.0,0.0,0.0,0.0,0.01,0.0,100.0,100.0,0.0,0.0,0.0,100.0,0.0,1.0,100.0,1.0,7.78
2022-03-14,1400.0,10388.0,0.05,1.28,0.05,0.01,0.0,10388.0,1400.0,1400.0,10388.0,0.0,0.0,0.0,0.0,0.0,0.0,0.0,0.0,0.0,0.0,0.0,0.0,0.0,0.0,0.01,0.0,100.0,100.0,0.0,0.0,0.0,100.0,0.0,1.0,100.0,1.0,7.42
2022-03-15,1400.0,10808.0,0.05,1.3,0.05,0.01,0.0,10808.0,1400.0,1400.0,10808.0,0.0,0.0,0.0,0.0,0.0,0.0,0.0,0.0,0.0,0.0,0.0,0.0,0.0,0.0,0.01,0.0,100.0,100.0,0.0,0.0,0.0,100.0,0.0,1.0,100.0,1.0,7.72
2022-03-16,1400.0,10976.0,0.05,1.39,0.05,0.01,0.0,10976.0,1400.0,1400.0,10976.0,0.0,0.0,0.0,0.0,0.0,0.0,0.0,0.0,0.0,0.0,0.0,0.0,0.0,0.0,0.01,0.0,100.0,100.0,0.0,0.0,0.0,100.0,0.0,1.0,100.0,1.0,7.84
2022-03-17,1400.0,11200.0,0.05,1.39,0.05,0.01,0.0,11200.0,1400.0,1400.0,11200.0,0.0,0.0,0.0,0.0,0.0,0.0,0.0,0.0,0.0,0.0,0.0,0.0,0.0,0.0,0.01,0.0,100.0,100.0,0.0,0.0,0.0,100.0,0.0,1.0,100.0,1.0,8.0
2022-03-18,1400.0,11200.0,0.05,1.45,0.05,0.01,0.0,11200.0,1400.0,1400.0,11200.0,0.0,0.0,0.0,0.0,0.0,0.0,0.0,0.0,0.0,0.0,0.0,0.0,0.0,0.0,0.01,0.0,100.0,100.0,0.0,0.0,0.0,100.0,0.0,1.0,100.0,1.0,8.0
2022-03-21,1400.0,11116.0,0.05,1.56,0.05,0.01,0.0,11116.0,1400.0,1400.0,11116.0,0.0,0.0,0.0,0.0,0.0,0.0,0.0,0.0,0.0,0.0,0.0,0.0,0.0,0.0,0.01,0.0,100.0,100.0,0.0,0.0,0.0,100.0,0.0,1.0,100.0,1.0,7.94
2022-03-22,1400.0,11116.0,0.05,1.5,0.05,0.01,0.0,11116.0,1400.0,1400.0,11116.0,0.0,0.0,0.0,0.0,0.0,0.0,0.0,0.0,0.0,0.0,0.0,0.0,0.0,0.0,0.01,0.0,100.0,100.0,0.0,0.0,0.0,100.0,0.0,1.0,100.0,1.0,7.94
2022-03-23,1400.0,10892.0,0.05,1.5,0.05,0.01,0.0,10892.0,1400.0,1400.0,10892.0,0.0,0.0,0.0,0.0,0.0,0.0,0.0,0.0,0.0,0.0,0.0,0.0,0.0,0.0,0.01,0.0,100.0,100.0,0.0,0.0,0.0,100.0,0.0,1.0,100.0,1.0,7.78
2022-03-24,1400.0,10836.0,0.05,1.53,0.05,0.01,0.0,10836.0,1400.0,1400.0,10836.0,0.0,0.0,0.0,0.0,0.0,0.0,0.0,0.0,0.0,0.0,0.0,0.0,0.0,0.0,0.01,0.0,100.0,100.0,0.0,0.0,0.0,100.0,0.0,1.0,100.0,1.0,7.74
2022-03-25,1400.0,10220.0,0.05,1.55,0.05,0.01,0.0,10220.0,1400.0,1400.0,10220.0,0.0,0.0,0.0,0.0,0.0,0.0,0.0,0.0,0.0,0.0,0.0,0.0,0.0,0.0,0.01,0.0,100.0,100.0,0.0,0.0,0.0,100.0,0.0,1.0,100.0,1.0,7.3
2022-03-28,1400.0,10136.0,0.05,1.32,0.05,0.01,0.0,10136.0,1400.0,1400.0,10136.0,0.0,0.0,0.0,0.0,0.0,0.0,0.0,0.0,0.0,0.0,0.0,0.0,0.0,0.0,0.01,0.0,100.0,100.0,0.0,0.0,0.0,100.0,0.0,1.0,100.0,1.0,7.24
2022-03-29,1400.0,10304.0,0.05,1.31,0.05,0.01,0.0,10304.0,1400.0,1400.0,10304.0,0.0,0.0,0.0,0.0,0.0,0.0,0.0,0.0,0.0,0.0,0.0,0.0,0.0,0.0,0.01,0.0,100.0,100.0,0.0,0.0,0.0,100.0,0.0,1.0,100.0,1.0,7.36
2022-03-30,1400.0,10360.0,0.05,1.19,0.05,0.01,0.0,10360.0,1400.0,1400.0,10360.0,0.0,0.0,0.0,0.0,0.0,0.0,0.0,0.0,0.0,0.0,0.0,0.0,0.0,0.0,0.01,0.0,100.0,100.0,0.0,0.0,0.0,100.0,0.0,1.0,100.0,1.0,7.4
2022-03-31,1400.0,10500.0,0.05,1.2,0.05,0.01,0.0,10500.0,1400.0,1400.0,10500.0,0.0,0.0,0.0,0.0,0.0,0.0,0.0,0.0,0.0,0.0,0.0,0.0,0.0,0.0,0.01,0.0,100.0,100.0,0.0,0.0,0.0,100.0,0.0,1.0,100.0,1.0,7.5
2022-04-01,1400.0,10332.0,0.05,1.22,0.05,0.01,0.0,10332.0,1400.0,1400.0,10332.0,0.0,0.0,0.0,0.0,0.0,0.0,0.0,0.0,0.0,0.0,0.0,0.0,0.0,0.0,0.01,0.0,100.0,100.0,0.0,0.0,0.0,100.0,0.0,1.0,100.0,1.0,7.38
2022-04-04,1400.0,10444.0,0.05,1.22,0.05,0.01,0.0,10444.0,1400.0,1400.0,10444.0,0.0,0.0,0.0,0.0,0.0,0.0,0.0,0.0,0.0,0.0,0.0,0.0,0.0,0.0,0.01,0.0,100.0,100.0,0.0,0.0,0.0,100.0,0.0,1.0,100.0,1.0,7.46
2022-04-05,1400.0,10472.0,0.05,1.28,0.05,0.01,0.0,10472.0,1400.0,1400.0,10472.0,0.0,0.0,0.0,0.0,0.0,0.0,0.0,0.0,0.0,0.0,0.0,0.0,0.0,0.0,0.01,0.0,100.0,100.0,0.0,0.0,0.0,100.0,0.0,1.0,100.0,1.0,7.48
2022-04-06,1400.0,10444.0,0.05,1.28,0.05,0.01,0.0,10444.0,1400.0,1400.0,10444.0,0.0,0.0,0.0,0.0,0.0,0.0,0.0,0.0,0.0,0.0,0.0,0.0,0.0,0.0,0.01,0.0,100.0,100.0,0.0,0.0,0.0,100.0,0.0,1.0,100.0,1.0,7.46
2022-04-07,1400.0,10388.0,0.05,1.27,0.05,0.01,0.0,10388.0,1400.0,1400.0,10388.0,0.0,0.0,0.0,0.0,0.0,0.0,0.0,0.0,0.0,0.0,0.0,0.0,0.0,0.0,0.01,0.0,100.0,100.0,0.0,0.0,0.0,100.0,0.0,1.0,100.0,1.0,7.42
2022-04-08,1400.0,10360.0,0.05,1.3,0.05,0.01,0.0,10360.0,1400.0,1400.0,10360.0,0.0,0.0,0.0,0.0,0.0,0.0,0.0,0.0,0.0,0.0,0.0,0.0,0.0,0.0,0.01,0.0,100.0,100.0,0.0,0.0,0.0,100.0,0.0,1.0,100.0,1.0,7.4
2022-04-11,1400.0,10304.0,0.05,1.37,0.05,0.01,0.0,10304.0,1400.0,1400.0,10304.0,0.0,0.0,0.0,0.0,0.0,0.0,0.0,0.0,0.0,0.0,0.0,0.0,0.0,0.0,0.01,0.0,100.0,100.0,0.0,0.0,0.0,100.0,0.0,1.0,100.0,1.0,7.36
2022-04-12,1400.0,10304.0,0.05,1.45,0.05,0.01,0.0,10304.0,1400.0,1400.0,10304.0,0.0,0.0,0.0,0.0,0.0,0.0,0.0,0.0,0.0,0.0,0.0,0.0,0.0,0.0,0.01,0.0,100.0,100.0,0.0,0.0,0.0,100.0,0.0,1.0,100.0,1.0,7.36
2022-04-13,1400.0,10388.0,0.05,1.45,0.05,0.01,0.0,10388.0,1400.0,1400.0,10388.0,0.0,0.0,0.0,0.0,0.0,0.0,0.0,0.0,0.0,0.0,0.0,0.0,0.0,0.0,0.01,0.0,100.0,100.0,0.0,0.0,0.0,100.0,0.0,1.0,100.0,1.0,7.42
2022-04-14,1400.0,10360.0,0.05,1.51,0.05,0.01,0.0,10360.0,1400.0,1400.0,10360.0,0.0,0.0,0.0,0.0,0.0,0.0,0.0,0.0,0.0,0.0,0.0,0.0,0.0,0.0,0.01,0.0,100.0,100.0,0.0,0.0,0.0,100.0,0.0,1.0,100.0,1.0,7.4
2022-04-15,1400.0,10360.0,0.05,1.62,0.05,0.01,0.0,10360.0,1400.0,1400.0,10360.0,0.0,0.0,0.0,0.0,0.0,0.0,0.0,0.0,0.0,0.0,0.0,0.0,0.0,0.0,0.01,0.0,100.0,100.0,0.0,0.0,0.0,100.0,0.0,1.0,100.0,1.0,0.0
2022-04-18,1400.0,10360.0,0.05,1.62,0.05,0.01,0.0,10360.0,1400.0,1400.0,10360.0,0.0,0.0,0.0,0.0,0.0,0.0,0.0,0.0,0.0,0.0,0.0,0.0,0.0,0.0,0.01,0.0,100.0,100.0,0.0,0.0,0.0,100.0,0.0,1.0,100.0,1.0,0.0
2022-04-19,1400.0,10360.0,0.05,1.62,0.05,0.01,0.0,10360.0,1400.0,1400.0,10360.0,0.0,0.0,0.0,0.0,0.0,0.0,0.0,0.0,0.0,0.0,0.0,0.0,0.0,0.0,0.01,0.0,100.0,100.0,0.0,0.0,0.0,100.0,0.0,1.0,100.0,1.0,7.4
2022-04-20,1400.0,10360.0,0.05,1.76,0.05,0.01,0.0,10360.0,1400.0,1400.0,10360.0,0.0,0.0,0.0,0.0,0.0,0.0,0.0,0.0,0.0,0.0,0.0,0.0,0.0,0.0,0.01,0.0,100.0,100.0,0.0,0.0,0.0,100.0,0.0,1.0,100.0,1.0,7.4
2022-04-21,1400.0,10920.0,0.05,1.8,0.05,0.01,0.0,10920.0,1400.0,1400.0,10920.0,0.0,0.0,0.0,0.0,0.0,0.0,0.0,0.0,0.0,0.0,0.0,0.0,0.0,0.0,0.01,0.0,100.0,100.0,0.0,0.0,0.0,100.0,0.0,1.0,100.0,1.0,7.8
2022-04-22,1400.0,10808.0,0.05,1.81,0.05,0.01,0.0,10808.0,1400.0,1400.0,10808.0,0.0,0.0,0.0,0.0,0.0,0.0,0.0,0.0,0.0,0.0,0.0,0.0,0.0,0.0,0.01,0.0,100.0,100.0,0.0,0.0,0.0,100.0,0.0,1.0,100.0,1.0,7.72
2022-04-25,1400.0,10780.0,0.05,1.81,0.05,0.01,0.0,10780.0,1400.0,1400.0,10780.0,0.0,0.0,0.0,0.0,0.0,0.0,0.0,0.0,0.0,0.0,0.0,0.0,0.0,0.0,0.01,0.0,100.0,100.0,0.0,0.0,0.0,100.0,0.0,1.0,100.0,1.0,7.7
2022-04-26,1400.0,10752.0,0.05,1.83,0.05,0.01,0.0,10752.0,1400.0,1400.0,10752.0,0.0,0.0,0.0,0.0,0.0,0.0,0.0,0.0,0.0,0.0,0.0,0.0,0.0,0.0,0.01,0.0,100.0,100.0,0.0,0.0,0.0,100.0,0.0,1.0,100.0,1.0,7.68
2022-04-27,1400.0,10724.0,0.05,1.91,0.05,0.01,0.0,10724.0,1400.0,1400.0,10724.0,0.0,0.0,0.0,0.0,0.0,0.0,0.0,0.0,0.0,0.0,0.0,0.0,0.0,0.0,0.01,0.0,100.0,100.0,0.0,0.0,0.0,100.0,0.0,1.0,100.0,1.0,7.66
2022-04-28,1400.0,10724.0,0.05,2.1,0.05,0.01,0.0,10724.0,1400.0,1400.0,10724.0,0.0,0.0,0.0,0.0,0.0,0.0,0.0,0.0,0.0,0.0,0.0,0.0,0.0,0.0,0.01,0.0,100.0,100.0,0.0,0.0,0.0,100.0,0.0,1.0,100.0,1.0,7.66
2022-04-29,1400.0,10668.0,0.05,2.11,0.05,0.01,0.0,10668.0,1400.0,1400.0,10668.0,0.0,0.0,0.0,0.0,0.0,0.0,0.0,0.0,0.0,0.0,0.0,0.0,0.0,0.0,0.01,0.0,100.0,100.0,0.0,0.0,0.0,100.0,0.0,1.0,100.0,1.0,7.62
2022-05-02,1400.0,11004.0,0.05,2.19,0.05,0.01,0.0,11004.0,1400.0,1400.0,11004.0,0.0,0.0,0.0,0.0,0.0,0.0,0.0,0.0,0.0,0.0,0.0,0.0,0.0,0.0,0.01,0.0,100.0,100.0,0.0,0.0,0.0,100.0,0.0,1.0,100.0,1.0,7.86
2022-05-03,1400.0,11060.0,0.05,1.99,0.05,0.01,0.0,11060.0,1400.0,1400.0,11060.0,0.0,0.0,0.0,0.0,0.0,0.0,0.0,0.0,0.0,0.0,0.0,0.0,0.0,0.0,0.01,0.0,100.0,100.0,0.0,0.0,0.0,100.0,0.0,1.0,100.0,1.0,7.9
2022-05-04,1400.0,11060.0,0.05,1.99,0.05,0.01,0.0,11060.0,1400.0,1400.0,11060.0,0.0,0.0,0.0,0.0,0.0,0.0,0.0,0.0,0.0,0.0,0.0,0.0,0.0,0.0,0.01,0.0,100.0,100.0,0.0,0.0,0.0,100.0,0.0,1.0,100.0,1.0,7.9
2022-05-05,1400.0,11228.0,0.05,2.15,0.05,0.01,0.0,11228.0,1400.0,1400.0,11228.0,0.0,0.0,0.0,0.0,0.0,0.0,0.0,0.0,0.0,0.0,0.0,0.0,0.0,0.0,0.01,0.0,100.0,100.0,0.0,0.0,0.0,100.0,0.0,1.0,100.0,1.0,8.02
2022-05-06,1400.0,11032.0,0.05,2.05,0.05,0.01,0.0,11032.0,1400.0,1400.0,11032.0,0.0,0.0,0.0,0.0,0.0,0.0,0.0,0.0,0.0,0.0,0.0,0.0,0.0,0.0,0.01,0.0,100.0,100.0,0.0,0.0,0.0,100.0,0.0,1.0,100.0,1.0,7.88
2022-05-09,1400.0,10836.0,0.05,2.08,0.05,0.01,0.0,10836.0,1400.0,1400.0,10836.0,0.0,0.0,0.0,0.0,0.0,0.0,0.0,0.0,0.0,0.0,0.0,0.0,0.0,0.0,0.01,0.0,100.0,100.0,0.0,0.0,0.0,100.0,0.0,1.0,100.0,1.0,7.74
2022-05-10,1400.0,10780.0,0.05,1.96,0.05,0.01,0.0,10780.0,1400.0,1400.0,10780.0,0.0,0.0,0.0,0.0,0.0,0.0,0.0,0.0,0.0,0.0,0.0,0.0,0.0,0.0,0.01,0.0,100.0,100.0,0.0,0.0,0.0,100.0,0.0,1.0,100.0,1.0,7.7
2022-05-11,1400.0,10780.0,0.05,2.58,0.05,0.01,0.0,10780.0,1400.0,1400.0,10780.0,0.0,0.0,0.0,0.0,0.0,0.0,0.0,0.0,0.0,0.0,0.0,0.0,0.0,0.0,0.01,0.0,100.0,100.0,0.0,0.0,0.0,100.0,0.0,1.0,100.0,1.0,7.7
2022-05-12,1400.0,10584.0,0.05,2.68,0.05,0.01,0.0,10584.0,1400.0,1400.0,10584.0,0.0,0.0,0.0,0.0,0.0,0.0,0.0,0.0,0.0,0.0,0.0,0.0,0.0,0.0,0.01,0.0,100.0,100.0,0.0,0.0,0.0,100.0,0.0,1.0,100.0,1.0,7.56
2022-05-13,1400.0,10584.0,0.05,3.44,0.05,0.01,0.0,10584.0,1400.0,1400.0,10584.0,0.0,0.0,0.0,0.0,0.0,0.0,0.0,0.0,0.0,0.0,0.0,0.0,0.0,0.0,0.01,0.0,100.0,100.0,0.0,0.0,0.0,100.0,0.0,1.0,100.0,1.0,7.56
2022-05-16,1400.0,10584.0,0.05,3.71,0.05,0.01,0.0,10584.0,1400.0,1400.0,10584.0,0.0,0.0,0.0,0.0,0.0,0.0,0.0,0.0,0.0,0.0,0.0,0.0,0.0,0.0,0.01,0.0,100.0,100.0,0.0,0.0,0.0,100.0,0.0,1.0,100.0,1.0,7.56
2022-05-17,1400.0,10584.0,0.05,3.68,0.05,0.01,0.0,10584.0,1400.0,1400.0,10584.0,0.0,0.0,0.0,0.0,0.0,0.0,0.0,0.0,0.0,0.0,0.0,0.0,0.0,0.0,0.01,0.0,100.0,100.0,0.0,0.0,0.0,100.0,0.0,1.0,100.0,1.0,7.56
2022-05-18,1400.0,10584.0,0.05,3.89,0.05,0.01,0.0,10584.0,1400.0,1400.0,10584.0,0.0,0.0,0.0,0.0,0.0,0.0,0.0,0.0,0.0,0.0,0.0,0.0,0.0,0.0,0.01,0.0,100.0,100.0,0.0,0.0,0.0,100.0,0.0,1.0,100.0,1.0,7.56
2022-05-19,1400.0,10584.0,0.05,3.99,0.05,0.01,0.0,10584.0,1400.0,1400.0,10584.0,0.0,0.0,0.0,0.0,0.0,0.0,0.0,0.0,0.0,0.0,0.0,0.0,0.0,0.0,0.01,0.0,100.0,100.0,0.0,0.0,0.0,100.0,0.0,1.0,100.0,1.0,7.56
2022-05-20,1400.0,10584.0,0.05,3.98,0.05,0.01,0.0,10584.0,1400.0,1400.0,10584.0,0.0,0.0,0.0,0.0,0.0,0.0,0.0,0.0,0.0,0.0,0.0,0.0,0.0,0.0,0.01,0.0,100.0,100.0,0.0,0.0,0.0,100.0,0.0,1.0,100.0,1.0,7.56
2022-05-23,1400.0,10416.0,0.05,4.07,0.05,0.01,0.0,10416.0,1400.0,1400.0,10416.0,0.0,0.0,0.0,0.0,0.0,0.0,0.0,0.0,0.0,0.0,0.0,0.0,0.0,0.0,0.01,0.0,100.0,100.0,0.0,0.0,0.0,100.0,0.0,1.0,100.0,1.0,7.44
2022-05-24,1400.0,10500.0,0.05,3.85,0.05,0.01,0.0,10500.0,1400.0,1400.0,10500.0,0.0,0.0,0.0,0.0,0.0,0.0,0.0,0.0,0.0,0.0,0.0,0.0,0.0,0.0,0.01,0.0,100.0,100.0,0.0,0.0,0.0,100.0,0.0,1.0,100.0,1.0,7.5
2022-05-25,1400.0,10584.0,0.05,3.72,0.05,0.01,0.0,10584.0,1400.0,1400.0,10584.0,0.0,0.0,0.0,0.0,0.0,0.0,0.0,0.0,0.0,0.0,0.0,0.0,0.0,0.0,0.01,0.0,100.0,100.0,0.0,0.0,0.0,100.0,0.0,1.0,100.0,1.0,7.56
2022-05-26,1400.0,10584.0,0.05,3.8,0.05,0.01,0.0,10584.0,1400.0,1400.0,10584.0,0.0,0.0,0.0,0.0,0.0,0.0,0.0,0.0,0.0,0.0,0.0,0.0,0.0,0.0,0.01,0.0,100.0,100.0,0.0,0.0,0.0,100.0,0.0,1.0,100.0,1.0,7.56
2022-05-27,1400.0,10584.0,0.05,3.72,0.05,0.01,0.0,10584.0,1400.0,1400.0,10584.0,0.0,0.0,0.0,0.0,0.0,0.0,0.0,0.0,0.0,0.0,0.0,0.0,0.0,0.0,0.01,0.0,100.0,100.0,0.0,0.0,0.0,100.0,0.0,1.0,100.0,1.0,7.56
2022-05-30,1400.0,10584.0,0.05,3.86,0.05,0.01,0.0,10584.0,1400.0,1400.0,10584.0,0.0,0.0,0.0,0.0,0.0,0.0,0.0,0.0,0.0,0.0,0.0,0.0,0.0,0.0,0.01,0.0,100.0,100.0,0.0,0.0,0.0,100.0,0.0,1.0,100.0,1.0,7.56
2022-05-31,1400.0,10584.0,0.05,3.77,0.05,0.01,0.0,10584.0,1400.0,1400.0,10584.0,0.0,0.0,0.0,0.0,0.0,0.0,0.0,0.0,0.0,0.0,0.0,0.0,0.0,0.0,0.01,0.0,100.0,100.0,0.0,0.0,0.0,100.0,0.0,1.0,100.0,1.0,7.56
2022-06-01,1400.0,10584.0,0.05,3.81,0.05,0.01,0.0,10584.0,1400.0,1400.0,10584.0,0.0,0.0,0.0,0.0,0.0,0.0,0.0,0.0,0.0,0.0,0.0,0.0,0.0,0.0,0.01,0.0,100.0,100.0,0.0,0.0,0.0,100.0,0.0,1.0,100.0,1.0,7.56
2022-06-02,1400.0,10584.0,0.05,3.81,0.05,0.01,0.0,10584.0,1400.0,1400.0,10584.0,0.0,0.0,0.0,0.0,0.0,0.0,0.0,0.0,0.0,0.0,0.0,0.0,0.0,0.0,0.01,0.0,100.0,100.0,0.0,0.0,0.0,100.0,0.0,1.0,100.0,1.0,7.56
2022-06-03,1400.0,10416.0,0.05,4.1,0.05,0.01,0.0,10416.0,1400.0,1400.0,10416.0,0.0,0.0,0.0,0.0,0.0,0.0,0.0,0.0,0.0,0.0,0.0,0.0,0.0,0.0,0.01,0.0,100.0,100.0,0.0,0.0,0.0,100.0,0.0,1.0,100.0,1.0,7.44
2022-06-06,1400.0,11004.0,0.05,3.7,0.05,0.01,0.0,11004.0,1400.0,1400.0,11004.0,0.0,0.0,0.0,0.0,0.0,0.0,0.0,0.0,0.0,0.0,0.0,0.0,0.0,0.0,0.01,0.0,100.0,100.0,0.0,0.0,0.0,100.0,0.0,1.0,100.0,1.0,7.86
2022-06-07,1400.0,10892.0,0.05,3.72,0.05,0.01,0.0,10892.0,1400.0,1400.0,10892.0,0.0,0.0,0.0,0.0,0.0,0.0,0.0,0.0,0.0,0.0,0.0,0.0,0.0,0.0,0.01,0.0,100.0,100.0,0.0,0.0,0.0,100.0,0.0,1.0,100.0,1.0,7.78
2022-06-08,1400.0,11172.0,0.05,3.79,0.05,0.01,0.0,11172.0,1400.0,1400.0,11172.0,0.0,0.0,0.0,0.0,0.0,0.0,0.0,0.0,0.0,0.0,0.0,0.0,0.0,0.0,0.01,0.0,100.0,100.0,0.0,0.0,0.0,100.0,0.0,1.0,100.0,1.0,7.98
2022-06-09,1400.0,11144.0,0.05,3.55,0.05,0.01,0.0,11144.0,1400.0,1400.0,11144.0,0.0,0.0,0.0,0.0,0.0,0.0,0.0,0.0,0.0,0.0,0.0,0.0,0.0,0.0,0.01,0.0,100.0,100.0,0.0,0.0,0.0,100.0,0.0,1.0,100.0,1.0,7.96
2022-06-10,1400.0,11172.0,0.05,3.52,0.05,0.01,0.0,11172.0,1400.0,1400.0,11172.0,0.0,0.0,0.0,0.0,0.0,0.0,0.0,0.0,0.0,0.0,0.0,0.0,0.0,0.0,0.01,0.0,100.0,100.0,0.0,0.0,0.0,100.0,0.0,1.0,100.0,1.0,7.98
2022-06-13,1400.0,10640.0,0.05,3.51,0.05,0.01,0.0,10640.0,1400.0,1400.0,10640.0,0.0,0.0,0.0,0.0,0.0,0.0,0.0,0.0,0.0,0.0,0.0,0.0,0.0,0.0,0.01,0.0,100.0,100.0,0.0,0.0,0.0,100.0,0.0,1.0,100.0,1.0,7.6
2022-06-14,1400.0,10780.0,0.05,4.45,0.05,0.01,0.0,10780.0,1400.0,1400.0,10780.0,0.0,0.0,0.0,0.0,0.0,0.0,0.0,0.0,0.0,0.0,0.0,0.0,0.0,0.0,0.01,0.0,100.0,100.0,0.0,0.0,0.0,100.0,0.0,1.0,100.0,1.0,7.7
2022-06-15,1400.0,10892.0,0.05,4.22,0.05,0.01,0.0,10892.0,1400.0,1400.0,10892.0,0.0,0.0,0.0,0.0,0.0,0.0,0.0,0.0,0.0,0.0,0.0,0.0,0.0,0.0,0.01,0.0,100.0,100.0,0.0,0.0,0.0,100.0,0.0,1.0,100.0,1.0,7.78
2022-06-16,1400.0,10304.0,0.05,4.28,0.05,0.01,0.0,10304.0,1400.0,1400.0,10304.0,0.0,0.0,0.0,0.0,0.0,0.0,0.0,0.0,0.0,0.0,0.0,0.0,0.0,0.0,0.01,0.0,100.0,100.0,0.0,0.0,0.0,100.0,0.0,1.0,100.0,1.0,7.36
2022-06-17,1400.0,10220.0,0.05,4.19,0.05,0.01,0.0,10220.0,1400.0,1400.0,10220.0,0.0,0.0,0.0,0.0,0.0,0.0,0.0,0.0,0.0,0.0,0.0,0.0,0.0,0.0,0.01,0.0,100.0,100.0,0.0,0.0,0.0,100.0,0.0,1.0,100.0,1.0,7.3
2022-06-20,1400.0,10220.0,0.05,4.21,0.05,0.01,0.0,10220.0,1400.0,1400.0,10220.0,0.0,0.0,0.0,0.0,0.0,0.0,0.0,0.0,0.0,0.0,0.0,0.0,0.0,0.0,0.01,0.0,100.0,100.0,0.0,0.0,0.0,100.0,0.0,1.0,100.0,1.0,7.3
2022-06-21,1400.0,10052.0,0.05,4.94,0.05,0.01,0.0,10052.0,1400.0,1400.0,10052.0,0.0,0.0,0.0,0.0,0.0,0.0,0.0,0.0,0.0,0.0,0.0,0.0,0.0,0.0,0.01,0.0,100.0,100.0,0.0,0.0,0.0,100.0,0.0,1.0,100.0,1.0,7.18
2022-06-22,1400.0,10220.0,0.05,4.51,0.05,0.01,0.0,10220.0,1400.0,1400.0,10220.0,0.0,0.0,0.0,0.0,0.0,0.0,0.0,0.0,0.0,0.0,0.0,0.0,0.0,0.0,0.01,0.0,100.0,100.0,0.0,0.0,0.0,100.0,0.0,1.0,100.0,1.0,7.3
2022-06-23,1400.0,10220.0,0.05,4.4,0.05,0.01,0.0,10220.0,1400.0,1400.0,10220.0,0.0,0.0,0.0,0.0,0.0,0.0,0.0,0.0,0.0,0.0,0.0,0.0,0.0,0.0,0.01,0.0,100.0,100.0,0.0,0.0,0.0,100.0,0.0,1.0,100.0,1.0,7.3
2022-06-24,1400.0,10220.0,0.05,4.58,0.05,0.01,0.0,10220.0,1400.0,1400.0,10220.0,0.0,0.0,0.0,0.0,0.0,0.0,0.0,0.0,0.0,0.0,0.0,0.0,0.0,0.0,0.01,0.0,100.0,100.0,0.0,0.0,0.0,100.0,0.0,1.0,100.0,1.0,7.3
2022-06-27,1400.0,10360.0,0.05,4.61,0.05,0.01,0.0,10360.0,1400.0,1400.0,10360.0,0.0,0.0,0.0,0.0,0.0,0.0,0.0,0.0,0.0,0.0,0.0,0.0,0.0,0.0,0.01,0.0,100.0,100.0,0.0,0.0,0.0,100.0,0.0,1.0,100.0,1.0,7.4
2022-06-28,1400.0,10416.0,0.05,4.36,0.05,0.01,0.0,10416.0,1400.0,1400.0,10416.0,0.0,0.0,0.0,0.0,0.0,0.0,0.0,0.0,0.0,0.0,0.0,0.0,0.0,0.0,0.01,0.0,100.0,100.0,0.0,0.0,0.0,100.0,0.0,1.0,100.0,1.0,7.44
2022-06-29,1400.0,10444.0,0.05,4.39,0.05,0.01,0.0,10444.0,1400.0,1400.0,10444.0,0.0,0.0,0.0,0.0,0.0,0.0,0.0,0.0,0.0,0.0,0.0,0.0,0.0,0.0,0.01,0.0,100.0,100.0,0.0,0.0,0.0,100.0,0.0,1.0,100.0,1.0,7.46
2022-06-30,1400.0,10444.0,0.05,4.41,0.05,0.01,0.0,10444.0,1400.0,1400.0,10444.0,0.0,0.0,0.0,0.0,0.0,0.0,0.0,0.0,0.0,0.0,0.0,0.0,0.0,0.0,0.01,0.0,100.0,100.0,0.0,0.0,0.0,100.0,0.0,1.0,100.0,1.0,7.46
2022-07-01,1400.0,11004.0,0.05,4.58,0.05,0.01,0.0,11004.0,1400.0,1400.0,11004.0,0.0,0.0,0.0,0.0,0.0,0.0,0.0,0.0,0.0,0.0,0.0,0.0,0.0,0.0,0.01,0.0,100.0,100.0,0.0,0.0,0.0,100.0,0.0,1.0,100.0,1.0,7.86
2022-07-04,1400.0,10864.0,0.05,4.52,0.05,0.01,0.0,10864.0,1400.0,1400.0,10864.0,0.0,0.0,0.0,0.0,0.0,0.0,0.0,0.0,0.0,0.0,0.0,0.0,0.0,0.0,0.01,0.0,100.0,100.0,0.0,0.0,0.0,100.0,0.0,1.0,100.0,1.0,7.76
2022-07-05,1400.0,10780.0,0.05,4.59,0.05,0.01,0.0,10780.0,1400.0,1400.0,10780.0,0.0,0.0,0.0,0.0,0.0,0.0,0.0,0.0,0.0,0.0,0.0,0.0,0.0,0.0,0.01,0.0,100.0,100.0,0.0,0.0,0.0,100.0,0.0,1.0,100.0,1.0,7.7
2022-07-06,1400.0,10780.0,0.05,4.73,0.05,0.01,0.0,10780.0,1400.0,1400.0,10780.0,0.0,0.0,0.0,0.0,0.0,0.0,0.0,0.0,0.0,0.0,0.0,0.0,0.0,0.0,0.01,0.0,100.0,100.0,0.0,0.0,0.0,100.0,0.0,1.0,100.0,1.0,7.7
2022-07-07,1400.0,10752.0,0.05,4.87,0.05,0.01,0.0,10752.0,1400.0,1400.0,10752.0,0.0,0.0,0.0,0.0,0.0,0.0,0.0,0.0,0.0,0.0,0.0,0.0,0.0,0.0,0.01,0.0,100.0,100.0,0.0,0.0,0.0,100.0,0.0,1.0,100.0,1.0,7.68
2022-07-08,1400.0,10724.0,0.05,4.92,0.05,0.01,0.0,10724.0,1400.0,1400.0,10724.0,0.0,0.0,0.0,0.0,0.0,0.0,0.0,0.0,0.0,0.0,0.0,0.0,0.0,0.0,0.01,0.0,100.0,100.0,0.0,0.0,0.0,100.0,0.0,1.0,100.0,1.0,7.66
2022-07-11,1400.0,10724.0,0.05,4.74,0.05,0.01,0.0,10724.0,1400.0,1400.0,10724.0,0.0,0.0,0.0,0.0,0.0,0.0,0.0,0.0,0.0,0.0,0.0,0.0,0.0,0.0,0.01,0.0,100.0,100.0,0.0,0.0,0.0,100.0,0.0,1.0,100.0,1.0,7.66
2022-07-12,1400.0,10752.0,0.05,3.81,0.05,0.01,0.0,10752.0,1400.0,1400.0,10752.0,0.0,0.0,0.0,0.0,0.0,0.0,0.0,0.0,0.0,0.0,0.0,0.0,0.0,0.0,0.01,0.0,100.0,100.0,0.0,0.0,0.0,100.0,0.0,1.0,100.0,1.0,7.68
2022-07-13,1400.0,10724.0,0.05,3.79,0.05,0.01,0.0,10724.0,1400.0,1400.0,10724.0,0.0,0.0,0.0,0.0,0.0,0.0,0.0,0.0,0.0,0.0,0.0,0.0,0.0,0.0,0.01,0.0,100.0,100.0,0.0,0.0,0.0,100.0,0.0,1.0,100.0,1.0,7.66
2022-07-14,1400.0,10724.0,0.05,3.79,0.05,0.01,0.0,10724.0,1400.0,1400.0,10724.0,0.0,0.0,0.0,0.0,0.0,0.0,0.0,0.0,0.0,0.0,0.0,0.0,0.0,0.0,0.01,0.0,100.0,100.0,0.0,0.0,0.0,100.0,0.0,1.0,100.0,1.0,7.66
2022-07-15,1400.0,10752.0,0.05,3.78,0.05,0.01,0.0,10752.0,1400.0,1400.0,10752.0,0.0,0.0,0.0,0.0,0.0,0.0,0.0,0.0,0.0,0.0,0.0,0.0,0.0,0.0,0.01,0.0,100.0,100.0,0.0,0.0,0.0,100.0,0.0,1.0,100.0,1.0,7.68
2022-07-18,1400.0,10724.0,0.05,4.37,0.05,0.01,0.0,10724.0,1400.0,1400.0,10724.0,0.0,0.0,0.0,0.0,0.0,0.0,0.0,0.0,0.0,0.0,0.0,0.0,0.0,0.0,0.01,0.0,100.0,100.0,0.0,0.0,0.0,100.0,0.0,1.0,100.0,1.0,7.66
2022-07-19,1400.0,10724.0,0.05,4.35,0.05,0.01,0.0,10724.0,1400.0,1400.0,10724.0,0.0,0.0,0.0,0.0,0.0,0.0,0.0,0.0,0.0,0.0,0.0,0.0,0.0,0.0,0.01,0.0,100.0,100.0,0.0,0.0,0.0,100.0,0.0,1.0,100.0,1.0,7.66
2022-07-20,1400.0,10696.0,0.05,4.37,0.05,0.01,0.0,10696.0,1400.0,1400.0,10696.0,0.0,0.0,0.0,0.0,0.0,0.0,0.0,0.0,0.0,0.0,0.0,0.0,0.0,0.0,0.01,0.0,100.0,100.0,0.0,0.0,0.0,100.0,0.0,1.0,100.0,1.0,7.64
2022-07-21,1400.0,10724.0,0.05,4.77,0.05,0.01,0.0,10724.0,1400.0,1400.0,10724.0,0.0,0.0,0.0,0.0,0.0,0.0,0.0,0.0,0.0,0.0,0.0,0.0,0.0,0.0,0.01,0.0,100.0,100.0,0.0,0.0,0.0,100.0,0.0,1.0,100.0,1.0,7.66
2022-07-22,1400.0,10696.0,0.05,4.62,0.05,0.01,0.0,10696.0,1400.0,1400.0,10696.0,0.0,0.0,0.0,0.0,0.0,0.0,0.0,0.0,0.0,0.0,0.0,0.0,0.0,0.0,0.01,0.0,100.0,100.0,0.0,0.0,0.0,100.0,0.0,1.0,100.0,1.0,7.64
2022-07-25,1400.0,10416.0,0.05,4.53,0.05,0.01,0.0,10416.0,1400.0,1400.0,10416.0,0.0,0.0,0.0,0.0,0.0,0.0,0.0,0.0,0.0,0.0,0.0,0.0,0.0,0.0,0.01,0.0,100.0,100.0,0.0,0.0,0.0,100.0,0.0,1.0,100.0,1.0,7.44
2022-07-26,1400.0,10668.0,0.05,4.53,0.05,0.01,0.0,10668.0,1400.0,1400.0,10668.0,0.0,0.0,0.0,0.0,0.0,0.0,0.0,0.0,0.0,0.0,0.0,0.0,0.0,0.0,0.01,0.0,100.0,100.0,0.0,0.0,0.0,100.0,0.0,1.0,100.0,1.0,7.62
2022-07-27,1400.0,10640.0,0.05,4.7,0.05,0.01,0.0,10640.0,1400.0,1400.0,10640.0,0.0,0.0,0.0,0.0,0.0,0.0,0.0,0.0,0.0,0.0,0.0,0.0,0.0,0.0,0.01,0.0,100.0,100.0,0.0,0.0,0.0,100.0,0.0,1.0,100.0,1.0,7.6
2022-07-28,1400.0,10780.0,0.05,4.66,0.05,0.01,0.0,10780.0,1400.0,1400.0,10780.0,0.0,0.0,0.0,0.0,0.0,0.0,0.0,0.0,0.0,0.0,0.0,0.0,0.0,0.0,0.01,0.0,100.0,100.0,0.0,0.0,0.0,100.0,0.0,1.0,100.0,1.0,7.7
2022-07-29,1400.0,11284.0,0.05,4.73,0.05,0.01,0.0,11284.0,1400.0,1400.0,11284.0,0.0,0.0,0.0,0.0,0.0,0.0,0.0,0.0,0.0,0.0,0.0,0.0,0.0,0.0,0.01,0.0,100.0,100.0,0.0,0.0,0.0,100.0,0.0,1.0,100.0,1.0,8.06
2022-08-01,1400.0,10808.0,0.05,4.03,0.05,0.01,0.0,10808.0,1400.0,1400.0,10808.0,0.0,0.0,0.0,0.0,0.0,0.0,0.0,0.0,0.0,0.0,0.0,0.0,0.0,0.0,0.01,0.0,100.0,100.0,0.0,0.0,0.0,100.0,0.0,1.0,100.0,1.0,7.72
2022-08-02,1400.0,11172.0,0.05,3.91,0.05,0.01,0.0,11172.0,1400.0,1400.0,11172.0,0.0,0.0,0.0,0.0,0.0,0.0,0.0,0.0,0.0,0.0,0.0,0.0,0.0,0.0,0.01,0.0,100.0,100.0,0.0,0.0,0.0,100.0,0.0,1.0,100.0,1.0,7.98
2022-08-03,1400.0,11172.0,0.05,4.27,0.05,0.01,0.0,11172.0,1400.0,1400.0,11172.0,0.0,0.0,0.0,0.0,0.0,0.0,0.0,0.0,0.0,0.0,0.0,0.0,0.0,0.0,0.01,0.0,100.0,100.0,0.0,0.0,0.0,100.0,0.0,1.0,100.0,1.0,7.98
2022-08-04,1400.0,11144.0,0.05,4.43,0.05,0.01,0.0,11144.0,1400.0,1400.0,11144.0,0.0,0.0,0.0,0.0,0.0,0.0,0.0,0.0,0.0,0.0,0.0,0.0,0.0,0.0,0.01,0.0,100.0,100.0,0.0,0.0,0.0,100.0,0.0,1.0,100.0,1.0,7.96
2022-08-05,1400.0,11144.0,0.05,4.42,0.05,0.01,0.0,11144.0,1400.0,1400.0,11144.0,0.0,0.0,0.0,0.0,0.0,0.0,0.0,0.0,0.0,0.0,0.0,0.0,0.0,0.0,0.01,0.0,100.0,100.0,0.0,0.0,0.0,100.0,0.0,1.0,100.0,1.0,7.96
2022-08-08,1400.0,11144.0,0.05,4.49,0.05,0.01,0.0,11144.0,1400.0,1400.0,11144.0,0.0,0.0,0.0,0.0,0.0,0.0,0.0,0.0,0.0,0.0,0.0,0.0,0.0,0.0,0.01,0.0,100.0,100.0,0.0,0.0,0.0,100.0,0.0,1.0,100.0,1.0,7.96
2022-08-09,1400.0,11088.0,0.05,4.81,0.05,0.01,0.0,11088.0,1400.0,1400.0,11088.0,0.0,0.0,0.0,0.0,0.0,0.0,0.0,0.0,0.0,0.0,0.0,0.0,0.0,0.0,0.01,0.0,100.0,100.0,0.0,0.0,0.0,100.0,0.0,1.0,100.0,1.0,7.92
2022-08-10,1400.0,11088.0,0.05,4.66,0.05,0.01,0.0,11088.0,1400.0,1400.0,11088.0,0.0,0.0,0.0,0.0,0.0,0.0,0.0,0.0,0.0,0.0,0.0,0.0,0.0,0.0,0.01,0.0,100.0,100.0,0.0,0.0,0.0,100.0,0.0,1.0,100.0,1.0,7.92
2022-08-11,1400.0,11088.0,0.05,4.65,0.05,0.01,0.0,11088.0,1400.0,1400.0,11088.0,0.0,0.0,0.0,0.0,0.0,0.0,0.0,0.0,0.0,0.0,0.0,0.0,0.0,0.0,0.01,0.0,100.0,100.0,0.0,0.0,0.0,100.0,0.0,1.0,100.0,1.0,7.92
2022-08-12,1400.0,11060.0,0.05,4.67,0.05,0.01,0.0,11060.0,1400.0,1400.0,11060.0,0.0,0.0,0.0,0.0,0.0,0.0,0.0,0.0,0.0,0.0,0.0,0.0,0.0,0.0,0.01,0.0,100.0,100.0,0.0,0.0,0.0,100.0,0.0,1.0,100.0,1.0,7.9
2022-08-15,1400.0,11172.0,0.05,4.78,0.05,0.01,0.0,11172.0,1400.0,1400.0,11172.0,0.0,0.0,0.0,0.0,0.0,0.0,0.0,0.0,0.0,0.0,0.0,0.0,0.0,0.0,0.01,0.0,100.0,100.0,0.0,0.0,0.0,100.0,0.0,1.0,100.0,1.0,7.98
2022-08-16,1400.0,11172.0,0.05,5.02,0.05,0.01,0.0,11172.0,1400.0,1400.0,11172.0,0.0,0.0,0.0,0.0,0.0,0.0,0.0,0.0,0.0,0.0,0.0,0.0,0.0,0.0,0.01,0.0,100.0,100.0,0.0,0.0,0.0,100.0,0.0,1.0,100.0,1.0,7.98
2022-08-17,1400.0,11144.0,0.05,5.1,0.05,0.01,0.0,11144.0,1400.0,1400.0,11144.0,0.0,0.0,0.0,0.0,0.0,0.0,0.0,0.0,0.0,0.0,0.0,0.0,0.0,0.0,0.01,0.0,100.0,100.0,0.0,0.0,0.0,100.0,0.0,1.0,100.0,1.0,7.96
2022-08-18,1400.0,10892.0,0.05,5.11,0.05,0.01,0.0,10892.0,1400.0,1400.0,10892.0,0.0,0.0,0.0,0.0,0.0,0.0,0.0,0.0,0.0,0.0,0.0,0.0,0.0,0.0,0.01,0.0,100.0,100.0,0.0,0.0,0.0,100.0,0.0,1.0,100.0,1.0,7.78
2022-08-19,1400.0,10696.0,0.05,4.51,0.05,0.01,0.0,10696.0,1400.0,1400.0,10696.0,0.0,0.0,0.0,0.0,0.0,0.0,0.0,0.0,0.0,0.0,0.0,0.0,0.0,0.0,0.01,0.0,100.0,100.0,0.0,0.0,0.0,100.0,0.0,1.0,100.0,1.0,7.64
2022-08-22,1400.0,10780.0,0.05,4.42,0.05,0.01,0.0,10780.0,1400.0,1400.0,10780.0,0.0,0.0,0.0,0.0,0.0,0.0,0.0,0.0,0.0,0.0,0.0,0.0,0.0,0.0,0.01,0.0,100.0,100.0,0.0,0.0,0.0,100.0,0.0,1.0,100.0,1.0,7.7
2022-08-23,1400.0,10752.0,0.05,5.93,0.05,0.01,0.0,10752.0,1400.0,1400.0,10752.0,0.0,0.0,0.0,0.0,0.0,0.0,0.0,0.0,0.0,0.0,0.0,0.0,0.0,0.0,0.01,0.0,100.0,100.0,0.0,0.0,0.0,100.0,0.0,1.0,100.0,1.0,7.68
2022-08-24,1400.0,10696.0,0.05,5.13,0.05,0.01,0.0,10696.0,1400.0,1400.0,10696.0,0.0,0.0,0.0,0.0,0.0,0.0,0.0,0.0,0.0,0.0,0.0,0.0,0.0,0.0,0.01,0.0,100.0,100.0,0.0,0.0,0.0,100.0,0.0,1.0,100.0,1.0,7.64
2022-08-25,1400.0,10612.0,0.05,4.7,0.05,0.01,0.0,10612.0,1400.0,1400.0,10612.0,0.0,0.0,0.0,0.0,0.0,0.0,0.0,0.0,0.0,0.0,0.0,0.0,0.0,0.0,0.01,0.0,100.0,100.0,0.0,0.0,0.0,100.0,0.0,1.0,100.0,1.0,7.58
2022-08-26,1400.0,10612.0,0.05,4.15,0.05,0.01,0.0,10612.0,1400.0,1400.0,10612.0,0.0,0.0,0.0,0.0,0.0,0.0,0.0,0.0,0.0,0.0,0.0,0.0,0.0,0.0,0.01,0.0,100.0,100.0,0.0,0.0,0.0,100.0,0.0,1.0,100.0,1.0,7.58
2022-08-29,1400.0,10584.0,0.05,4.03,0.05,0.01,0.0,10584.0,1400.0,1400.0,10584.0,0.0,0.0,0.0,0.0,0.0,0.0,0.0,0.0,0.0,0.0,0.0,0.0,0.0,0.0,0.01,0.0,100.0,100.0,0.0,0.0,0.0,100.0,0.0,1.0,100.0,1.0,7.56
2022-08-30,1400.0,14630.0,0.05,3.87,0.05,0.01,0.0,14630.0,1400.0,1400.0,14630.0,0.0,0.0,0.0,0.0,0.0,0.0,0.0,0.0,0.0,0.0,0.0,0.0,0.0,0.0,0.01,0.0,100.0,100.0,0.0,0.0,0.0,100.0,0.0,1.0,100.0,1.0,10.45
2022-08-31,1400.0,13496.0,0.05,0.59,0.05,0.01,0.0,13496.0,1400.0,1400.0,13496.0,0.0,0.0,0.0,0.0,0.0,0.0,0.0,0.0,0.0,0.0,0.0,0.0,0.0,0.0,0.01,0.0,100.0,100.0,0.0,0.0,0.0,100.0,0.0,1.0,100.0,1.0,9.64
2022-09-01,1400.0,13412.0,0.05,0.5,0.05,0.01,0.0,13412.0,1400.0,1400.0,13412.0,0.0,0.0,0.0,0.0,0.0,0.0,0.0,0.0,0.0,0.0,0.0,0.0,0.0,0.0,0.01,0.0,100.0,100.0,0.0,0.0,0.0,100.0,0.0,1.0,100.0,1.0,9.58
2022-09-02,1400.0,13216.0,0.05,0.45,0.05,0.01,0.0,13216.0,1400.0,1400.0,13216.0,0.0,0.0,0.0,0.0,0.0,0.0,0.0,0.0,0.0,0.0,0.0,0.0,0.0,0.0,0.01,0.0,100.0,100.0,0.0,0.0,0.0,100.0,0.0,1.0,100.0,1.0,9.44
2022-09-05,1400.0,12656.0,0.05,0.45,0.05,0.01,0.0,12656.0,1400.0,1400.0,12656.0,0.0,0.0,0.0,0.0,0.0,0.0,0.0,0.0,0.0,0.0,0.0,0.0,0.0,0.0,0.01,0.0,100.0,100.0,0.0,0.0,0.0,100.0,0.0,1.0,100.0,1.0,9.04
2022-09-06,1400.0,13104.0,0.05,0.44,0.05,0.01,0.0,13104.0,1400.0,1400.0,13104.0,0.0,0.0,0.0,0.0,0.0,0.0,0.0,0.0,0.0,0.0,0.0,0.0,0.0,0.0,0.01,0.0,100.0,100.0,0.0,0.0,0.0,100.0,0.0,1.0,100.0,1.0,9.36
2022-09-07,1400.0,12600.0,0.05,0.44,0.05,0.01,0.0,12600.0,1400.0,1400.0,12600.0,0.0,0.0,0.0,0.0,0.0,0.0,0.0,0.0,0.0,0.0,0.0,0.0,0.0,0.0,0.01,0.0,100.0,100.0,0.0,0.0,0.0,100.0,0.0,1.0,100.0,1.0,9.0
2022-09-08,1400.0,12908.0,0.05,0.43,0.05,0.01,0.0,12908.0,1400.0,1400.0,12908.0,0.0,0.0,0.0,0.0,0.0,0.0,0.0,0.0,0.0,0.0,0.0,0.0,0.0,0.0,0.01,0.0,100.0,100.0,0.0,0.0,0.0,100.0,0.0,1.0,100.0,1.0,9.22
2022-09-09,1400.0,12992.0,0.05,0.43,0.05,0.01,0.0,12992.0,1400.0,1400.0,12992.0,0.0,0.0,0.0,0.0,0.0,0.0,0.0,0.0,0.0,0.0,0.0,0.0,0.0,0.0,0.01,0.0,100.0,100.0,0.0,0.0,0.0,100.0,0.0,1.0,100.0,1.0,9.28
2022-09-12,1400.0,12992.0,0.05,0.43,0.05,0.01,0.0,12992.0,1400.0,1400.0,12992.0,0.0,0.0,0.0,0.0,0.0,0.0,0.0,0.0,0.0,0.0,0.0,0.0,0.0,0.0,0.01,0.0,100.0,100.0,0.0,0.0,0.0,100.0,0.0,1.0,100.0,1.0,9.28
2022-09-13,1400.0,12852.0,0.05,0.43,0.05,0.01,0.0,12852.0,1400.0,1400.0,12852.0,0.0,0.0,0.0,0.0,0.0,0.0,0.0,0.0,0.0,0.0,0.0,0.0,0.0,0.0,0.01,0.0,100.0,100.0,0.0,0.0,0.0,100.0,0.0,1.0,100.0,1.0,9.18
2022-09-14,1400.0,12880.0,0.05,0.42,0.05,0.01,0.0,12880.0,1400.0,1400.0,12880.0,0.0,0.0,0.0,0.0,0.0,0.0,0.0,0.0,0.0,0.0,0.0,0.0,0.0,0.0,0.01,0.0,100.0,100.0,0.0,0.0,0.0,100.0,0.0,1.0,100.0,1.0,9.2
2022-09-15,1400.0,12852.0,0.05,0.41,0.05,0.01,0.0,12852.0,1400.0,1400.0,12852.0,0.0,0.0,0.0,0.0,0.0,0.0,0.0,0.0,0.0,0.0,0.0,0.0,0.0,0.0,0.01,0.0,100.0,100.0,0.0,0.0,0.0,100.0,0.0,1.0,100.0,1.0,9.18
2022-09-16,1400.0,12600.0,0.05,0.4,0.05,0.01,0.0,12600.0,1400.0,1400.0,12600.0,0.0,0.0,0.0,0.0,0.0,0.0,0.0,0.0,0.0,0.0,0.0,0.0,0.0,0.0,0.01,0.0,100.0,100.0,0.0,0.0,0.0,100.0,0.0,1.0,100.0,1.0,9.0
2022-09-19,1400.0,12460.0,0.05,0.4,0.05,0.01,0.0,12460.0,1400.0,1400.0,12460.0,0.0,0.0,0.0,0.0,0.0,0.0,0.0,0.0,0.0,0.0,0.0,0.0,0.0,0.0,0.01,0.0,100.0,100.0,0.0,0.0,0.0,100.0,0.0,1.0,100.0,1.0,8.9
2022-09-20,1400.0,12572.0,0.05,0.4,0.05,0.01,0.0,12572.0,1400.0,1400.0,12572.0,0.0,0.0,0.0,0.0,0.0,0.0,0.0,0.0,0.0,0.0,0.0,0.0,0.0,0.0,0.01,0.0,100.0,100.0,0.0,0.0,0.0,100.0,0.0,1.0,100.0,1.0,8.98
2022-09-21,1400.0,12600.0,0.05,0.4,0.05,0.01,0.0,12600.0,1400.0,1400.0,12600.0,0.0,0.0,0.0,0.0,0.0,0.0,0.0,0.0,0.0,0.0,0.0,0.0,0.0,0.0,0.01,0.0,100.0,100.0,0.0,0.0,0.0,100.0,0.0,1.0,100.0,1.0,9.0
2022-09-22,1400.0,12572.0,0.05,0.39,0.05,0.01,0.0,12572.0,1400.0,1400.0,12572.0,0.0,0.0,0.0,0.0,0.0,0.0,0.0,0.0,0.0,0.0,0.0,0.0,0.0,0.0,0.01,0.0,100.0,100.0,0.0,0.0,0.0,100.0,0.0,1.0,100.0,1.0,8.98
2022-09-23,1400.0,12516.0,0.05,0.39,0.05,0.01,0.0,12516.0,1400.0,1400.0,12516.0,0.0,0.0,0.0,0.0,0.0,0.0,0.0,0.0,0.0,0.0,0.0,0.0,0.0,0.0,0.01,0.0,100.0,100.0,0.0,0.0,0.0,100.0,0.0,1.0,100.0,1.0,8.94
2022-09-26,1400.0,11181.08,0.05,0.38,0.05,0.01,0.0,11181.08,1400.0,1400.0,11181.08,0.0,0.0,0.0,0.0,0.0,0.0,0.0,0.0,0.0,0.0,0.0,0.0,0.0,0.0,0.01,0.0,100.0,100.0,0.0,0.0,0.0,100.0,0.0,1.0,100.0,1.0,9.0
2022-09-27,1400.0,11032.0,0.05,0.38,0.05,0.01,0.0,11032.0,1400.0,1400.0,11032.0,0.0,0.0,0.0,0.0,0.0,0.0,0.0,0.0,0.0,0.0,0.0,0.0,0.0,0.0,0.01,0.0,100.0,100.0,0.0,0.0,0.0,100.0,0.0,1.0,100.0,1.0,8.88
2022-09-28,1400.0,11368.0,0.05,0.36,0.05,0.01,0.0,11368.0,1400.0,1400.0,11368.0,0.0,0.0,0.0,0.0,0.0,0.0,0.0,0.0,0.0,0.0,0.0,0.0,0.0,0.0,0.01,0.0,100.0,100.0,0.0,0.0,0.0,100.0,0.0,1.0,100.0,1.0,8.12
2022-09-29,1400.0,10724.0,0.05,0.35,0.05,0.01,0.0,10724.0,1400.0,1400.0,10724.0,0.0,0.0,0.0,0.0,0.0,0.0,0.0,0.0,0.0,0.0,0.0,0.0,0.0,0.0,0.01,0.0,100.0,100.0,0.0,0.0,0.0,100.0,0.0,1.0,100.0,1.0,7.66
2022-09-30,1400.0,10836.0,0.05,0.36,0.05,0.01,0.0,10836.0,1400.0,1400.0,10836.0,0.0,0.0,0.0,0.0,0.0,0.0,0.0,0.0,0.0,0.0,0.0,0.0,0.0,0.0,0.01,0.0,100.0,100.0,0.0,0.0,0.0,100.0,0.0,1.0,100.0,1.0,7.74
2022-10-03,1400.0,11172.0,0.05,0.35,0.05,0.01,0.0,11172.0,1400.0,1400.0,11172.0,0.0,0.0,0.0,0.0,0.0,0.0,0.0,0.0,0.0,0.0,0.0,0.0,0.0,0.0,0.01,0.0,100.0,100.0,0.0,0.0,0.0,100.0,0.0,1.0,100.0,1.0,7.98
2022-10-04,1400.0,11116.0,0.05,0.35,0.05,0.01,0.0,11116.0,1400.0,1400.0,11116.0,0.0,0.0,0.0,0.0,0.0,0.0,0.0,0.0,0.0,0.0,0.0,0.0,0.0,0.0,0.01,0.0,100.0,100.0,0.0,0.0,0.0,100.0,0.0,1.0,100.0,1.0,7.94
2022-10-05,1400.0,11116.0,0.05,0.36,0.05,0.01,0.0,11116.0,1400.0,1400.0,11116.0,0.0,0.0,0.0,0.0,0.0,0.0,0.0,0.0,0.0,0.0,0.0,0.0,0.0,0.0,0.01,0.0,100.0,100.0,0.0,0.0,0.0,100.0,0.0,1.0,100.0,1.0,7.94
2022-10-06,1400.0,11172.0,0.05,0.36,0.05,0.01,0.0,11172.0,1400.0,1400.0,11172.0,0.0,0.0,0.0,0.0,0.0,0.0,0.0,0.0,0.0,0.0,0.0,0.0,0.0,0.0,0.01,0.0,100.0,100.0,0.0,0.0,0.0,100.0,0.0,1.0,100.0,1.0,7.98
2022-10-07,1400.0,10752.0,0.05,0.36,0.05,0.01,0.0,10752.0,1400.0,1400.0,10752.0,0.0,0.0,0.0,0.0,0.0,0.0,0.0,0.0,0.0,0.0,0.0,0.0,0.0,0.0,0.01,0.0,100.0,100.0,0.0,0.0,0.0,100.0,0.0,1.0,100.0,1.0,7.68
2022-10-10,1300.0,9334.0,0.05,0.33,0.05,0.01,0.0,9334.0,1300.0,1300.0,9334.0,0.0,0.0,0.0,0.0,0.0,0.0,0.0,100.0,0.0,0.0,0.0,0.0,0.0,100.0,0.01,0.0,100.0,100.0,0.0,0.0,0.0,100.0,0.0,1.0,100.0,1.0,7.18
2022-10-11,1300.0,9984.0,0.05,0.33,0.05,0.01,0.0,9984.0,1300.0,1300.0,9984.0,0.0,0.0,0.0,0.0,0.0,0.0,0.0,0.0,0.0,0.0,0.0,0.0,0.0,0.0,0.01,0.0,100.0,100.0,0.0,0.0,0.0,100.0,0.0,1.0,100.0,1.0,7.68
2022-10-12,1300.0,9256.0,0.05,0.69,0.05,0.01,0.0,9256.0,1300.0,1300.0,9256.0,0.0,0.0,0.0,0.0,0.0,0.0,0.0,0.0,0.0,0.0,0.0,0.0,0.0,0.0,0.01,0.0,100.0,100.0,0.0,0.0,0.0,100.0,0.0,1.0,100.0,1.0,7.12
2022-10-13,1300.0,9646.0,0.05,0.87,0.05,0.01,0.0,9646.0,1300.0,1300.0,9646.0,0.0,0.0,0.0,0.0,0.0,0.0,0.0,0.0,0.0,0.0,0.0,0.0,0.0,0.0,0.01,0.0,100.0,100.0,0.0,0.0,0.0,100.0,0.0,1.0,100.0,1.0,7.42
2022-10-14,1300.0,9594.0,0.05,1.05,0.05,0.01,0.0,9594.0,1300.0,1300.0,9594.0,0.0,0.0,0.0,0.0,0.0,0.0,0.0,0.0,0.0,0.0,0.0,0.0,0.0,0.0,0.01,0.0,100.0,100.0,0.0,0.0,0.0,100.0,0.0,1.0,100.0,1.0,7.38
2022-10-17,1300.0,8970.0,0.05,1.07,0.05,0.01,0.0,8970.0,1300.0,1300.0,8970.0,0.0,0.0,0.0,0.0,0.0,0.0,0.0,0.0,0.0,0.0,0.0,0.0,0.0,0.0,0.01,0.0,100.0,100.0,0.0,0.0,0.0,100.0,0.0,1.0,100.0,1.0,6.9
2022-10-18,1100.0,7920.0,0.04,0.86,0.04,0.01,0.0,7920.0,1100.0,1100.0,7920.0,0.0,0.0,0.0,0.0,0.0,0.0,0.0,200.0,0.0,0.0,0.0,0.0,0.0,200.0,0.01,0.0,100.0,100.0,0.0,0.0,0.0,100.0,0.0,1.0,100.0,1.0,7.2
2022-10-19,1100.0,8140.0,0.04,0.82,0.04,0.01,0.0,8140.0,1100.0,1100.0,8140.0,0.0,0.0,0.0,0.0,0.0,0.0,0.0,0.0,0.0,0.0,0.0,0.0,0.0,0.0,0.01,0.0,100.0,100.0,0.0,0.0,0.0,100.0,0.0,1.0,100.0,1.0,7.4
2022-10-20,1100.0,8184.0,0.04,0.86,0.04,0.01,0.0,8184.0,1100.0,1100.0,8184.0,0.0,0.0,0.0,0.0,0.0,0.0,0.0,0.0,0.0,0.0,0.0,0.0,0.0,0.0,0.01,0.0,100.0,100.0,0.0,0.0,0.0,100.0,0.0,1.0,100.0,1.0,7.44
2022-10-21,1100.0,7502.0,0.04,0.89,0.04,0.01,0.0,7502.0,1100.0,1100.0,7502.0,0.0,0.0,0.0,0.0,0.0,0.0,0.0,0.0,0.0,0.0,0.0,0.0,0.0,0.0,0.01,0.0,100.0,100.0,0.0,0.0,0.0,100.0,0.0,1.0,100.0,1.0,6.82
2022-10-24,1100.0,8096.0,0.04,0.89,0.04,0.01,0.0,8096.0,1100.0,1100.0,8096.0,0.0,0.0,0.0,0.0,0.0,0.0,0.0,0.0,0.0,0.0,0.0,0.0,0.0,0.0,0.01,0.0,100.0,100.0,0.0,0.0,0.0,100.0,0.0,1.0,100.0,1.0,7.36
2022-10-25,1100.0,8184.0,0.04,0.91,0.04,0.01,0.0,8184.0,1100.0,1100.0,8184.0,0.0,0.0,0.0,0.0,0.0,0.0,0.0,0.0,0.0,0.0,0.0,0.0,0.0,0.0,0.01,0.0,100.0,100.0,0.0,0.0,0.0,100.0,0.0,1.0,100.0,1.0,7.44
2022-10-26,1100.0,8206.0,0.04,0.92,0.04,0.01,0.0,8206.0,1100.0,1100.0,8206.0,0.0,0.0,0.0,0.0,0.0,0.0,0.0,0.0,0.0,0.0,0.0,0.0,0.0,0.0,0.01,0.0,100.0,100.0,0.0,0.0,0.0,100.0,0.0,1.0,100.0,1.0,7.46
2022-10-27,1100.0,8360.0,0.04,0.91,0.04,0.01,0.0,8360.0,1100.0,1100.0,8360.0,0.0,0.0,0.0,0.0,0.0,0.0,0.0,0.0,0.0,0.0,0.0,0.0,0.0,0.0,0.01,0.0,100.0,100.0,0.0,0.0,0.0,100.0,0.0,1.0,100.0,1.0,7.6
2022-10-28,1100.0,8470.0,0.04,0.97,0.04,0.01,0.0,8470.0,1100.0,1100.0,8470.0,0.0,0.0,0.0,0.0,0.0,0.0,0.0,0.0,0.0,0.0,0.0,0.0,0.0,0.0,0.01,0.0,100.0,100.0,0.0,0.0,0.0,100.0,0.0,1.0,100.0,1.0,7.7
2022-10-31,1100.0,8448.0,0.04,0.95,0.04,0.01,0.0,8448.0,1100.0,1100.0,8448.0,0.0,0.0,0.0,0.0,0.0,0.0,0.0,0.0,0.0,0.0,0.0,0.0,0.0,0.0,0.01,0.0,100.0,100.0,0.0,0.0,0.0,100.0,0.0,1.0,100.0,1.0,7.68
2022-11-01,1100.0,8470.0,0.04,0.93,0.04,0.01,0.0,8470.0,1100.0,1100.0,8470.0,0.0,0.0,0.0,0.0,0.0,0.0,0.0,0.0,0.0,0.0,0.0,0.0,0.0,0.0,0.01,0.0,100.0,100.0,0.0,0.0,0.0,100.0,0.0,1.0,100.0,1.0,7.7
2022-11-02,1100.0,8074.0,0.04,0.87,0.04,0.01,0.0,8074.0,1100.0,1100.0,8074.0,0.0,0.0,0.0,0.0,0.0,0.0,0.0,0.0,0.0,0.0,0.0,0.0,0.0,0.0,0.01,0.0,100.0,100.0,0.0,0.0,0.0,100.0,0.0,1.0,100.0,1.0,7.34
2022-11-03,1100.0,8140.0,0.04,0.88,0.04,0.01,0.0,8140.0,1100.0,1100.0,8140.0,0.0,0.0,0.0,0.0,0.0,0.0,0.0,0.0,0.0,0.0,0.0,0.0,0.0,0.0,0.01,0.0,100.0,100.0,0.0,0.0,0.0,100.0,0.0,1.0,100.0,1.0,7.4
2022-11-04,1100.0,8228.0,0.04,0.91,0.04,0.01,0.0,8228.0,1100.0,1100.0,8228.0,0.0,0.0,0.0,0.0,0.0,0.0,0.0,0.0,0.0,0.0,0.0,0.0,0.0,0.0,0.01,0.0,100.0,100.0,0.0,0.0,0.0,100.0,0.0,1.0,100.0,1.0,7.48
2022-11-07,1100.0,8492.0,0.04,0.92,0.04,0.01,0.0,8492.0,1100.0,1100.0,8492.0,0.0,0.0,0.0,0.0,0.0,0.0,0.0,0.0,0.0,0.0,0.0,0.0,0.0,0.0,0.01,0.0,100.0,100.0,0.0,0.0,0.0,100.0,0.0,1.0,100.0,1.0,7.72
2022-11-08,1100.0,8096.0,0.04,0.98,0.04,0.01,0.0,8096.0,1100.0,1100.0,8096.0,0.0,0.0,0.0,0.0,0.0,0.0,0.0,0.0,0.0,0.0,0.0,0.0,0.0,0.0,0.01,0.0,100.0,100.0,0.0,0.0,0.0,100.0,0.0,1.0,100.0,1.0,7.36
2022-11-09,1100.0,7942.0,0.04,1.1,0.04,0.01,0.0,7942.0,1100.0,1100.0,7942.0,0.0,0.0,0.0,0.0,0.0,0.0,0.0,0.0,0.0,0.0,0.0,0.0,0.0,0.0,0.01,0.0,100.0,100.0,0.0,0.0,0.0,100.0,0.0,1.0,100.0,1.0,7.22
2022-11-10,1100.0,7854.0,0.04,1.19,0.04,0.01,0.0,7854.0,1100.0,1100.0,7854.0,0.0,0.0,0.0,0.0,0.0,0.0,0.0,0.0,0.0,0.0,0.0,0.0,0.0,0.0,0.01,0.0,100.0,100.0,0.0,0.0,0.0,100.0,0.0,1.0,100.0,1.0,7.14
2022-11-11,1100.0,8118.0,0.04,1.23,0.04,0.01,0.0,8118.0,1100.0,1100.0,8118.0,0.0,0.0,0.0,0.0,0.0,0.0,0.0,0.0,0.0,0.0,0.0,0.0,0.0,0.0,0.01,0.0,100.0,100.0,0.0,0.0,0.0,100.0,0.0,1.0,100.0,1.0,7.38
2022-11-14,1100.0,8272.0,0.04,1.23,0.04,0.01,0.0,8272.0,1100.0,1100.0,8272.0,0.0,0.0,0.0,0.0,0.0,0.0,0.0,0.0,0.0,0.0,0.0,0.0,0.0,0.0,0.01,0.0,100.0,100.0,0.0,0.0,0.0,100.0,0.0,1.0,100.0,1.0,7.52
2022-11-15,1100.0,8426.0,0.04,0.8,0.04,0.01,0.0,8426.0,1100.0,1100.0,8426.0,0.0,0.0,0.0,0.0,0.0,0.0,0.0,0.0,0.0,0.0,0.0,0.0,0.0,0.0,0.01,0.0,100.0,100.0,0.0,0.0,0.0,100.0,0.0,1.0,100.0,1.0,7.66
2022-11-16,1100.0,8404.0,0.04,0.81,0.04,0.01,0.0,8404.0,1100.0,1100.0,8404.0,0.0,0.0,0.0,0.0,0.0,0.0,0.0,0.0,0.0,0.0,0.0,0.0,0.0,0.0,0.01,0.0,100.0,100.0,0.0,0.0,0.0,100.0,0.0,1.0,100.0,1.0,7.64
2022-11-17,1100.0,7810.0,0.04,0.81,0.04,0.01,0.0,7810.0,1100.0,1100.0,7810.0,0.0,0.0,0.0,0.0,0.0,0.0,0.0,0.0,0.0,0.0,0.0,0.0,0.0,0.0,0.01,0.0,100.0,100.0,0.0,0.0,0.0,100.0,0.0,1.0,100.0,1.0,7.1
2022-11-18,1100.0,8426.0,0.04,0.8,0.04,0.01,0.0,8426.0,1100.0,1100.0,8426.0,0.0,0.0,0.0,0.0,0.0,0.0,0.0,0.0,0.0,0.0,0.0,0.0,0.0,0.0,0.01,0.0,100.0,100.0,0.0,0.0,0.0,100.0,0.0,1.0,100.0,1.0,7.66
2022-11-21,1100.0,8602.0,0.04,0.79,0.04,0.01,0.0,8602.0,1100.0,1100.0,8602.0,0.0,0.0,0.0,0.0,0.0,0.0,0.0,0.0,0.0,0.0,0.0,0.0,0.0,0.0,0.01,0.0,100.0,100.0,0.0,0.0,0.0,100.0,0.0,1.0,100.0,1.0,7.82
2022-11-22,1200.0,9336.0,0.04,0.83,0.04,0.01,0.0,9336.0,1200.0,1200.0,9336.0,0.0,100.0,0.0,0.0,0.0,0.0,100.0,0.0,0.0,0.0,100.0,0.0,0.0,0.0,0.01,0.0,100.0,100.0,0.0,0.0,0.0,100.0,0.0,1.0,100.0,1.0,7.78
2022-11-23,1200.0,8712.0,0.04,0.84,0.04,0.01,0.0,8712.0,1200.0,1200.0,8712.0,0.0,0.0,0.0,0.0,0.0,0.0,0.0,0.0,0.0,0.0,0.0,0.0,0.0,0.0,0.01,0.0,100.0,100.0,0.0,0.0,0.0,100.0,0.0,1.0,100.0,1.0,7.26
2022-11-24,1200.0,9000.0,0.04,0.84,0.04,0.01,0.0,9000.0,1200.0,1200.0,9000.0,0.0,0.0,0.0,0.0,0.0,0.0,0.0,0.0,0.0,0.0,0.0,0.0,0.0,0.0,0.01,0.0,100.0,100.0,0.0,0.0,0.0,100.0,0.0,1.0,100.0,1.0,7.5
2022-11-25,1200.0,9000.0,0.04,0.84,0.04,0.01,0.0,9000.0,1200.0,1200.0,9000.0,0.0,0.0,0.0,0.0,0.0,0.0,0.0,0.0,0.0,0.0,0.0,0.0,0.0,0.0,0.01,0.0,100.0,100.0,0.0,0.0,0.0,100.0,0.0,1.0,100.0,1.0,7.5
2022-11-28,1200.0,9216.0,0.04,0.86,0.04,0.01,0.0,9216.0,1200.0,1200.0,9216.0,0.0,0.0,0.0,0.0,0.0,0.0,0.0,0.0,0.0,0.0,0.0,0.0,0.0,0.0,0.01,0.0,100.0,100.0,0.0,0.0,0.0,100.0,0.0,1.0,100.0,1.0,7.68
2022-11-29,1200.0,9264.0,0.04,0.95,0.04,0.01,0.0,9264.0,1200.0,1200.0,9264.0,0.0,0.0,0.0,0.0,0.0,0.0,0.0,0.0,0.0,0.0,0.0,0.0,0.0,0.0,0.01,0.0,100.0,100.0,0.0,0.0,0.0,100.0,0.0,1.0,100.0,1.0,7.72
2022-11-30,1200.0,9000.0,0.04,1.0,0.04,0.01,0.0,9000.0,1200.0,1200.0,9000.0,0.0,0.0,0.0,0.0,0.0,0.0,0.0,0.0,0.0,0.0,0.0,0.0,0.0,0.0,0.01,0.0,100.0,100.0,0.0,0.0,0.0,100.0,0.0,1.0,100.0,1.0,7.5
2022-12-01,1200.0,9240.0,0.04,1.02,0.04,0.01,0.0,9240.0,1200.0,1200.0,9240.0,0.0,0.0,0.0,0.0,0.0,0.0,0.0,0.0,0.0,0.0,0.0,0.0,0.0,0.0,0.01,0.0,100.0,100.0,0.0,0.0,0.0,100.0,0.0,1.0,100.0,1.0,7.7
2022-12-02,1200.0,9024.0,0.04,1.0,0.04,0.01,0.0,9024.0,1200.0,1200.0,9024.0,0.0,0.0,0.0,0.0,0.0,0.0,0.0,0.0,0.0,0.0,0.0,0.0,0.0,0.0,0.01,0.0,100.0,100.0,0.0,0.0,0.0,100.0,0.0,1.0,100.0,1.0,7.52
2022-12-05,1200.0,9168.0,0.04,0.99,0.04,0.01,0.0,9168.0,1200.0,1200.0,9168.0,0.0,0.0,0.0,0.0,0.0,0.0,0.0,0.0,0.0,0.0,0.0,0.0,0.0,0.0,0.01,0.0,100.0,100.0,0.0,0.0,0.0,100.0,0.0,1.0,100.0,1.0,7.64
2022-12-06,1200.0,9168.0,0.04,0.97,0.04,0.01,0.0,9168.0,1200.0,1200.0,9168.0,0.0,0.0,0.0,0.0,0.0,0.0,0.0,0.0,0.0,0.0,0.0,0.0,0.0,0.0,0.01,0.0,100.0,100.0,0.0,0.0,0.0,100.0,0.0,1.0,100.0,1.0,7.64
2022-12-07,1200.0,8472.0,0.04,0.97,0.04,0.01,0.0,8472.0,1200.0,1200.0,8472.0,0.0,0.0,0.0,0.0,0.0,0.0,0.0,0.0,0.0,0.0,0.0,0.0,0.0,0.0,0.01,0.0,100.0,100.0,0.0,0.0,0.0,100.0,0.0,1.0,100.0,1.0,7.06
2022-12-08,1200.0,8880.0,0.04,0.9,0.04,0.01,0.0,8880.0,1200.0,1200.0,8880.0,0.0,0.0,0.0,0.0,0.0,0.0,0.0,0.0,0.0,0.0,0.0,0.0,0.0,0.0,0.01,0.0,100.0,100.0,0.0,0.0,0.0,100.0,0.0,1.0,100.0,1.0,7.4
2022-12-09,1500.0,10950.0,0.05,1.12,0.05,0.01,0.0,10950.0,1500.0,1500.0,10950.0,0.0,300.0,0.0,0.0,0.0,0.0,300.0,0.0,0.0,0.0,300.0,0.0,0.0,0.0,0.01,0.0,100.0,100.0,0.0,0.0,0.0,100.0,0.0,1.0,100.0,1.0,7.3
2022-12-12,1500.0,10800.0,0.05,1.16,0.05,0.01,0.0,10800.0,1500.0,1500.0,10800.0,0.0,0.0,0.0,0.0,0.0,0.0,0.0,0.0,0.0,0.0,0.0,0.0,0.0,0.0,0.01,0.0,100.0,100.0,0.0,0.0,0.0,100.0,0.0,1.0,100.0,1.0,7.2
2022-12-13,1500.0,10830.0,0.05,1.19,0.05,0.01,0.0,10830.0,1500.0,1500.0,10830.0,0.0,0.0,0.0,0.0,0.0,0.0,0.0,0.0,0.0,0.0,0.0,0.0,0.0,0.0,0.01,0.0,100.0,100.0,0.0,0.0,0.0,100.0,0.0,1.0,100.0,1.0,7.22
2022-12-14,1500.0,10830.0,0.05,1.25,0.05,0.01,0.0,10830.0,1500.0,1500.0,10830.0,0.0,0.0,0.0,0.0,0.0,0.0,0.0,0.0,0.0,0.0,0.0,0.0,0.0,0.0,0.01,0.0,100.0,100.0,0.0,0.0,0.0,100.0,0.0,1.0,100.0,1.0,7.22
2022-12-15,1500.0,10800.0,0.05,1.28,0.05,0.01,0.0,10800.0,1500.0,1500.0,10800.0,0.0,0.0,0.0,0.0,0.0,0.0,0.0,0.0,0.0,0.0,0.0,0.0,0.0,0.0,0.01,0.0,100.0,100.0,0.0,0.0,0.0,100.0,0.0,1.0,100.0,1.0,7.2
2022-12-16,1500.0,10800.0,0.05,1.31,0.05,0.01,0.0,10800.0,1500.0,1500.0,10800.0,0.0,0.0,0.0,0.0,0.0,0.0,0.0,0.0,0.0,0.0,0.0,0.0,0.0,0.0,0.01,0.0,100.0,100.0,0.0,0.0,0.0,100.0,0.0,1.0,100.0,1.0,7.2
2022-12-19,1500.0,10770.0,0.05,1.32,0.05,0.01,0.0,10770.0,1500.0,1500.0,10770.0,0.0,0.0,0.0,0.0,0.0,0.0,0.0,0.0,0.0,0.0,0.0,0.0,0.0,0.0,0.01,0.0,100.0,100.0,0.0,0.0,0.0,100.0,0.0,1.0,100.0,1.0,7.18
2022-12-20,1500.0,10530.0,0.05,1.32,0.05,0.01,0.0,10530.0,1500.0,1500.0,10530.0,0.0,0.0,0.0,0.0,0.0,0.0,0.0,0.0,0.0,0.0,0.0,0.0,0.0,0.0,0.01,0.0,100.0,100.0,0.0,0.0,0.0,100.0,0.0,1.0,100.0,1.0,7.02
2022-12-21,1400.0,9940.0,0.05,1.23,0.05,0.01,0.0,9940.0,1400.0,1400.0,9940.0,0.0,0.0,0.0,0.0,0.0,0.0,0.0,100.0,0.0,0.0,0.0,0.0,0.0,100.0,0.01,0.0,100.0,100.0,0.0,0.0,0.0,100.0,0.0,1.0,100.0,1.0,7.1
2022-12-22,1400.0,10136.0,0.05,1.24,0.05,0.01,0.0,10136.0,1400.0,1400.0,10136.0,0.0,0.0,0.0,0.0,0.0,0.0,0.0,0.0,0.0,0.0,0.0,0.0,0.0,0.0,0.01,0.0,100.0,100.0,0.0,0.0,0.0,100.0,0.0,1.0,100.0,1.0,7.24
2022-12-23,1400.0,10164.0,0.05,1.24,0.05,0.01,0.0,10164.0,1400.0,1400.0,10164.0,0.0,0.0,0.0,0.0,0.0,0.0,0.0,0.0,0.0,0.0,0.0,0.0,0.0,0.0,0.01,0.0,100.0,100.0,0.0,0.0,0.0,100.0,0.0,1.0,100.0,1.0,7.26
2022-12-26,1400.0,10164.0,0.05,1.23,0.05,0.01,0.0,10164.0,1400.0,1400.0,10164.0,0.0,0.0,0.0,0.0,0.0,0.0,0.0,0.0,0.0,0.0,0.0,0.0,0.0,0.0,0.01,0.0,100.0,100.0,0.0,0.0,0.0,100.0,0.0,1.0,100.0,1.0,0.0
2022-12-27,1100.0,7744.0,0.04,0.97,0.04,0.01,0.0,7744.0,1100.0,1100.0,7744.0,0.0,0.0,0.0,0.0,0.0,0.0,0.0,300.0,0.0,0.0,0.0,0.0,0.0,300.0,0.01,0.0,100.0,100.0,0.0,0.0,0.0,100.0,0.0,1.0,100.0,1.0,7.04
2022-12-28,1100.0,7810.0,0.04,1.68,0.04,0.01,0.0,7810.0,1100.0,1100.0,7810.0,0.0,0.0,0.0,0.0,0.0,0.0,0.0,0.0,0.0,0.0,0.0,0.0,0.0,0.0,0.01,0.0,100.0,100.0,0.0,0.0,0.0,100.0,0.0,1.0,100.0,1.0,7.1
2022-12-29,1100.0,7700.0,0.04,1.68,0.04,0.01,0.0,7700.0,1100.0,1100.0,7700.0,0.0,0.0,0.0,0.0,0.0,0.0,0.0,0.0,0.0,0.0,0.0,0.0,0.0,0.0,0.01,0.0,100.0,100.0,0.0,0.0,0.0,100.0,0.0,1.0,100.0,1.0,7.0
2022-12-30,1100.0,7700.0,0.04,1.45,0.04,0.01,0.0,7700.0,1100.0,1100.0,7700.0,0.0,0.0,0.0,0.0,0.0,0.0,0.0,0.0,0.0,0.0,0.0,0.0,0.0,0.0,0.01,0.0,100.0,100.0,0.0,0.0,0.0,100.0,0.0,1.0,100.0,1.0,7.0
2023-01-02,1100.0,8250.0,0.04,1.51,0.04,0.01,0.0,8250.0,1100.0,1100.0,8250.0,0.0,0.0,0.0,0.0,0.0,0.0,0.0,0.0,0.0,0.0,0.0,0.0,0.0,0.0,0.01,0.0,100.0,100.0,0.0,0.0,0.0,100.0,0.0,1.0,100.0,1.0,7.5
2023-01-03,1100.0,8250.0,0.04,1.52,0.04,0.01,0.0,8250.0,1100.0,1100.0,8250.0,0.0,0.0,0.0,0.0,0.0,0.0,0.0,0.0,0.0,0.0,0.0,0.0,0.0,0.0,0.01,0.0,100.0,100.0,0.0,0.0,0.0,100.0,0.0,1.0,100.0,1.0,7.5
2023-01-04,1200.0,8736.0,0.04,1.82,0.04,0.01,0.0,8736.0,1200.0,1200.0,8736.0,0.0,100.0,0.0,0.0,0.0,0.0,100.0,0.0,0.0,0.0,100.0,0.0,0.0,0.0,0.01,0.0,100.0,100.0,0.0,0.0,0.0,100.0,0.0,1.0,100.0,1.0,7.28
2023-01-05,1200.0,8880.0,0.04,1.77,0.04,0.01,0.0,8880.0,1200.0,1200.0,8880.0,0.0,0.0,0.0,0.0,0.0,0.0,0.0,0.0,0.0,0.0,0.0,0.0,0.0,0.0,0.01,0.0,100.0,100.0,0.0,0.0,0.0,100.0,0.0,1.0,100.0,1.0,7.4
2023-01-06,1200.0,8832.0,0.04,1.79,0.04,0.01,0.0,8832.0,1200.0,1200.0,8832.0,0.0,0.0,0.0,0.0,0.0,0.0,0.0,0.0,0.0,0.0,0.0,0.0,0.0,0.0,0.01,0.0,100.0,100.0,0.0,0.0,0.0,100.0,0.0,1.0,100.0,1.0,7.36
2023-01-09,1200.0,8736.0,0.04,1.91,0.04,0.01,0.0,8736.0,1200.0,1200.0,8736.0,0.0,0.0,0.0,0.0,0.0,0.0,0.0,0.0,0.0,0.0,0.0,0.0,0.0,0.0,0.01,0.0,100.0,100.0,0.0,0.0,0.0,100.0,0.0,1.0,100.0,1.0,7.28
2023-01-10,1200.0,8736.0,0.04,1.91,0.04,0.01,0.0,8736.0,1200.0,1200.0,8736.0,0.0,0.0,0.0,0.0,0.0,0.0,0.0,0.0,0.0,0.0,0.0,0.0,0.0,0.0,0.01,0.0,100.0,100.0,0.0,0.0,0.0,100.0,0.0,1.0,100.0,1.0,7.28
2023-01-11,1200.0,8784.0,0.04,1.92,0.04,0.01,0.0,8784.0,1200.0,1200.0,8784.0,0.0,0.0,0.0,0.0,0.0,0.0,0.0,0.0,0.0,0.0,0.0,0.0,0.0,0.0,0.01,0.0,100.0,100.0,0.0,0.0,0.0,100.0,0.0,1.0,100.0,1.0,7.32
2023-01-12,1200.0,8616.0,0.04,1.92,0.04,0.01,0.0,8616.0,1200.0,1200.0,8616.0,0.0,0.0,0.0,0.0,0.0,0.0,0.0,0.0,0.0,0.0,0.0,0.0,0.0,0.0,0.01,0.0,100.0,100.0,0.0,0.0,0.0,100.0,0.0,1.0,100.0,1.0,7.18
2023-01-13,1200.0,8304.0,0.04,1.91,0.04,0.01,0.0,8304.0,1200.0,1200.0,8304.0,0.0,0.0,0.0,0.0,0.0,0.0,0.0,0.0,0.0,0.0,0.0,0.0,0.0,0.0,0.01,0.0,100.0,100.0,0.0,0.0,0.0,100.0,0.0,1.0,100.0,1.0,6.92
2023-01-16,1200.0,8208.0,0.04,1.84,0.04,0.01,0.0,8208.0,1200.0,1200.0,8208.0,0.0,0.0,0.0,0.0,0.0,0.0,0.0,0.0,0.0,0.0,0.0,0.0,0.0,0.0,0.01,0.0,100.0,100.0,0.0,0.0,0.0,100.0,0.0,1.0,100.0,1.0,6.84
2023-01-17,1200.0,8448.0,0.04,1.79,0.04,0.01,0.0,8448.0,1200.0,1200.0,8448.0,0.0,0.0,0.0,0.0,0.0,0.0,0.0,0.0,0.0,0.0,0.0,0.0,0.0,0.0,0.01,0.0,100.0,100.0,0.0,0.0,0.0,100.0,0.0,1.0,100.0,1.0,7.04
2023-01-18,1200.0,8760.0,0.04,1.84,0.04,0.01,0.0,8760.0,1200.0,1200.0,8760.0,0.0,0.0,0.0,0.0,0.0,0.0,0.0,0.0,0.0,0.0,0.0,0.0,0.0,0.0,0.01,0.0,100.0,100.0,0.0,0.0,0.0,100.0,0.0,1.0,100.0,1.0,7.3
2023-01-19,1200.0,8664.0,0.04,1.82,0.04,0.01,0.0,8664.0,1200.0,1200.0,8664.0,0.0,0.0,0.0,0.0,0.0,0.0,0.0,0.0,0.0,0.0,0.0,0.0,0.0,0.0,0.01,0.0,100.0,100.0,0.0,0.0,0.0,100.0,0.0,1.0,100.0,1.0,7.22
2023-01-20,1200.0,8640.0,0.04,2.35,0.04,0.01,0.0,8640.0,1200.0,1200.0,8640.0,0.0,0.0,0.0,0.0,0.0,0.0,0.0,0.0,0.0,0.0,0.0,0.0,0.0,0.0,0.01,0.0,100.0,100.0,0.0,0.0,0.0,100.0,0.0,1.0,100.0,1.0,7.2
2023-01-23,1200.0,8688.0,0.04,2.38,0.04,0.01,0.0,8688.0,1200.0,1200.0,8688.0,0.0,0.0,0.0,0.0,0.0,0.0,0.0,0.0,0.0,0.0,0.0,0.0,0.0,0.0,0.01,0.0,100.0,100.0,0.0,0.0,0.0,100.0,0.0,1.0,100.0,1.0,7.24
2023-01-24,1200.0,8712.0,0.04,2.41,0.04,0.01,0.0,8712.0,1200.0,1200.0,8712.0,0.0,0.0,0.0,0.0,0.0,0.0,0.0,0.0,0.0,0.0,0.0,0.0,0.0,0.0,0.01,0.0,100.0,100.0,0.0,0.0,0.0,100.0,0.0,1.0,100.0,1.0,7.26
2023-01-25,1200.0,8832.0,0.04,2.29,0.04,0.01,0.0,8832.0,1200.0,1200.0,8832.0,0.0,0.0,0.0,0.0,0.0,0.0,0.0,0.0,0.0,0.0,0.0,0.0,0.0,0.0,0.01,0.0,100.0,100.0,0.0,0.0,0.0,100.0,0.0,1.0,100.0,1.0,7.36
2023-01-26,1200.0,8880.0,0.04,2.45,0.04,0.01,0.0,8880.0,1200.0,1200.0,8880.0,0.0,0.0,0.0,0.0,0.0,0.0,0.0,0.0,0.0,0.0,0.0,0.0,0.0,0.0,0.01,0.0,100.0,100.0,0.0,0.0,0.0,100.0,0.0,1.0,100.0,1.0,7.4
2023-01-27,1200.0,8592.0,0.04,2.38,0.04,0.01,0.0,8592.0,1200.0,1200.0,8592.0,0.0,0.0,0.0,0.0,0.0,0.0,0.0,0.0,0.0,0.0,0.0,0.0,0.0,0.0,0.01,0.0,100.0,100.0,0.0,0.0,0.0,100.0,0.0,1.0,100.0,1.0,7.16
2023-01-30,1200.0,8184.0,0.04,2.15,0.04,0.01,0.0,8184.0,1200.0,1200.0,8184.0,0.0,0.0,0.0,0.0,0.0,0.0,0.0,0.0,0.0,0.0,0.0,0.0,0.0,0.0,0.01,0.0,100.0,100.0,0.0,0.0,0.0,100.0,0.0,1.0,100.0,1.0,6.82
2023-01-31,1200.0,8352.0,0.04,2.05,0.04,0.01,0.0,8352.0,1200.0,1200.0,8352.0,0.0,0.0,0.0,0.0,0.0,0.0,0.0,0.0,0.0,0.0,0.0,0.0,0.0,0.0,0.01,0.0,100.0,100.0,0.0,0.0,0.0,100.0,0.0,1.0,100.0,1.0,6.96
2023-02-01,1200.0,8064.0,0.04,1.99,0.04,0.01,0.0,8064.0,1200.0,1200.0,8064.0,0.0,0.0,0.0,0.0,0.0,0.0,0.0,0.0,0.0,0.0,0.0,0.0,0.0,0.0,0.01,0.0,100.0,100.0,0.0,0.0,0.0,100.0,0.0,1.0,100.0,1.0,6.72
2023-02-02,1200.0,8304.0,0.04,1.62,0.04,0.01,0.0,8304.0,1200.0,1200.0,8304.0,0.0,0.0,0.0,0.0,0.0,0.0,0.0,0.0,0.0,0.0,0.0,0.0,0.0,0.0,0.01,0.0,100.0,100.0,0.0,0.0,0.0,100.0,0.0,1.0,100.0,1.0,6.92
2023-02-03,1200.0,8280.0,0.04,1.55,0.04,0.01,0.0,8280.0,1200.0,1200.0,8280.0,0.0,0.0,0.0,0.0,0.0,0.0,0.0,0.0,0.0,0.0,0.0,0.0,0.0,0.0,0.01,0.0,100.0,100.0,0.0,0.0,0.0,100.0,0.0,1.0,100.0,1.0,6.9
2023-02-06,1200.0,8328.0,0.04,1.54,0.04,0.01,0.0,8328.0,1200.0,1200.0,8328.0,0.0,0.0,0.0,0.0,0.0,0.0,0.0,0.0,0.0,0.0,0.0,0.0,0.0,0.0,0.01,0.0,100.0,100.0,0.0,0.0,0.0,100.0,0.0,1.0,100.0,1.0,6.94
2023-02-07,1200.0,8304.0,0.04,1.54,0.04,0.01,0.0,8304.0,1200.0,1200.0,8304.0,0.0,0.0,0.0,0.0,0.0,0.0,0.0,0.0,0.0,0.0,0.0,0.0,0.0,0.0,0.01,0.0,100.0,100.0,0.0,0.0,0.0,100.0,0.0,1.0,100.0,1.0,6.92
2023-02-08,1200.0,8400.0,0.04,1.52,0.04,0.01,0.0,8400.0,1200.0,1200.0,8400.0,0.0,0.0,0.0,0.0,0.0,0.0,0.0,0.0,0.0,0.0,0.0,0.0,0.0,0.0,0.01,0.0,100.0,100.0,0.0,0.0,0.0,100.0,0.0,1.0,100.0,1.0,7.0
2023-02-09,1200.0,8592.0,0.04,1.46,0.04,0.01,0.0,8592.0,1200.0,1200.0,8592.0,0.0,0.0,0.0,0.0,0.0,0.0,0.0,0.0,0.0,0.0,0.0,0.0,0.0,0.0,0.01,0.0,100.0,100.0,0.0,0.0,0.0,100.0,0.0,1.0,100.0,1.0,7.16
2023-02-10,1200.0,8520.0,0.04,1.64,0.04,0.01,0.0,8520.0,1200.0,1200.0,8520.0,0.0,0.0,0.0,0.0,0.0,0.0,0.0,0.0,0.0,0.0,0.0,0.0,0.0,0.0,0.01,0.0,100.0,100.0,0.0,0.0,0.0,100.0,0.0,1.0,100.0,1.0,7.1
2023-02-13,1200.0,8208.0,0.04,1.65,0.04,0.01,0.0,8208.0,1200.0,1200.0,8208.0,0.0,0.0,0.0,0.0,0.0,0.0,0.0,0.0,0.0,0.0,0.0,0.0,0.0,0.0,0.01,0.0,100.0,100.0,0.0,0.0,0.0,100.0,0.0,1.0,100.0,1.0,6.84
2023-02-14,1200.0,8160.0,0.04,1.62,0.04,0.01,0.0,8160.0,1200.0,1200.0,8160.0,0.0,0.0,0.0,0.0,0.0,0.0,0.0,0.0,0.0,0.0,0.0,0.0,0.0,0.0,0.01,0.0,100.0,100.0,0.0,0.0,0.0,100.0,0.0,1.0,100.0,1.0,6.8
2023-02-15,1200.0,8328.0,0.04,1.59,0.04,0.01,0.0,8328.0,1200.0,1200.0,8328.0,0.0,0.0,0.0,0.0,0.0,0.0,0.0,0.0,0.0,0.0,0.0,0.0,0.0,0.0,0.01,0.0,100.0,100.0,0.0,0.0,0.0,100.0,0.0,1.0,100.0,1.0,6.94
2023-02-16,1200.0,8328.0,0.04,1.62,0.04,0.01,0.0,8328.0,1200.0,1200.0,8328.0,0.0,0.0,0.0,0.0,0.0,0.0,0.0,0.0,0.0,0.0,0.0,0.0,0.0,0.0,0.01,0.0,100.0,100.0,0.0,0.0,0.0,100.0,0.0,1.0,100.0,1.0,6.94
2023-02-17,1200.0,8304.0,0.04,1.59,0.04,0.01,0.0,8304.0,1200.0,1200.0,8304.0,0.0,0.0,0.0,0.0,0.0,0.0,0.0,0.0,0.0,0.0,0.0,0.0,0.0,0.0,0.01,0.0,100.0,100.0,0.0,0.0,0.0,100.0,0.0,1.0,100.0,1.0,6.92
2023-02-20,1200.0,8328.0,0.04,1.5,0.04,0.01,0.0,8328.0,1200.0,1200.0,8328.0,0.0,0.0,0.0,0.0,0.0,0.0,0.0,0.0,0.0,0.0,0.0,0.0,0.0,0.0,0.01,0.0,100.0,100.0,0.0,0.0,0.0,100.0,0.0,1.0,100.0,1.0,6.94
2023-02-21,1200.0,8088.0,0.04,1.49,0.04,0.01,0.0,8088.0,1200.0,1200.0,8088.0,0.0,0.0,0.0,0.0,0.0,0.0,0.0,0.0,0.0,0.0,0.0,0.0,0.0,0.0,0.01,0.0,100.0,100.0,0.0,0.0,0.0,100.0,0.0,1.0,100.0,1.0,6.74
2023-02-22,1200.0,7944.0,0.04,1.35,0.04,0.01,0.0,7944.0,1200.0,1200.0,7944.0,0.0,0.0,0.0,0.0,0.0,0.0,0.0,0.0,0.0,0.0,0.0,0.0,0.0,0.0,0.01,0.0,100.0,100.0,0.0,0.0,0.0,100.0,0.0,1.0,100.0,1.0,6.62
2023-02-23,1200.0,8040.0,0.04,1.11,0.04,0.01,0.0,8040.0,1200.0,1200.0,8040.0,0.0,0.0,0.0,0.0,0.0,0.0,0.0,0.0,0.0,0.0,0.0,0.0,0.0,0.0,0.01,0.0,100.0,100.0,0.0,0.0,0.0,100.0,0.0,1.0,100.0,1.0,6.7
2023-02-24,1200.0,8376.0,0.04,0.88,0.04,0.01,0.0,8376.0,1200.0,1200.0,8376.0,0.0,0.0,0.0,0.0,0.0,0.0,0.0,0.0,0.0,0.0,0.0,0.0,0.0,0.0,0.01,0.0,100.0,100.0,0.0,0.0,0.0,100.0,0.0,1.0,100.0,1.0,6.98
2023-02-27,1200.0,8208.0,0.04,0.79,0.04,0.01,0.0,8208.0,1200.0,1200.0,8208.0,0.0,0.0,0.0,0.0,0.0,0.0,0.0,0.0,0.0,0.0,0.0,0.0,0.0,0.0,0.01,0.0,100.0,100.0,0.0,0.0,0.0,100.0,0.0,1.0,100.0,1.0,6.84
2023-02-28,1200.0,8088.0,0.04,0.8,0.04,0.01,0.0,8088.0,1200.0,1200.0,8088.0,0.0,0.0,0.0,0.0,0.0,0.0,0.0,0.0,0.0,0.0,0.0,0.0,0.0,0.0,0.01,0.0,100.0,100.0,0.0,0.0,0.0,100.0,0.0,1.0,100.0,1.0,6.74
2023-03-01,1200.0,7944.0,0.04,0.8,0.04,0.01,0.0,7944.0,1200.0,1200.0,7944.0,0.0,0.0,0.0,0.0,0.0,0.0,0.0,0.0,0.0,0.0,0.0,0.0,0.0,0.0,0.01,0.0,100.0,100.0,0.0,0.0,0.0,100.0,0.0,1.0,100.0,1.0,6.62
2023-03-02,1200.0,7944.0,0.04,0.81,0.04,0.01,0.0,7944.0,1200.0,1200.0,7944.0,0.0,0.0,0.0,0.0,0.0,0.0,0.0,0.0,0.0,0.0,0.0,0.0,0.0,0.0,0.01,0.0,100.0,100.0,0.0,0.0,0.0,100.0,0.0,1.0,100.0,1.0,6.62
2023-03-03,1200.0,7968.0,0.04,0.81,0.04,0.01,0.0,7968.0,1200.0,1200.0,7968.0,0.0,0.0,0.0,0.0,0.0,0.0,0.0,0.0,0.0,0.0,0.0,0.0,0.0,0.0,0.01,0.0,100.0,100.0,0.0,0.0,0.0,100.0,0.0,1.0,100.0,1.0,6.64
2023-03-06,1200.0,8160.0,0.04,0.81,0.04,0.01,0.0,8160.0,1200.0,1200.0,8160.0,0.0,0.0,0.0,0.0,0.0,0.0,0.0,0.0,0.0,0.0,0.0,0.0,0.0,0.0,0.01,0.0,100.0,100.0,0.0,0.0,0.0,100.0,0.0,1.0,100.0,1.0,6.8
2023-03-07,1200.0,8160.0,0.04,0.76,0.04,0.01,0.0,8160.0,1200.0,1200.0,8160.0,0.0,0.0,0.0,0.0,0.0,0.0,0.0,0.0,0.0,0.0,0.0,0.0,0.0,0.0,0.01,0.0,100.0,100.0,0.0,0.0,0.0,100.0,0.0,1.0,100.0,1.0,6.8
2023-03-08,1200.0,8160.0,0.04,0.77,0.04,0.01,0.0,8160.0,1200.0,1200.0,8160.0,0.0,0.0,0.0,0.0,0.0,0.0,0.0,0.0,0.0,0.0,0.0,0.0,0.0,0.0,0.01,0.0,100.0,100.0,0.0,0.0,0.0,100.0,0.0,1.0,100.0,1.0,6.8
2023-03-09,1200.0,8136.0,0.04,0.77,0.04,0.01,0.0,8136.0,1200.0,1200.0,8136.0,0.0,0.0,0.0,0.0,0.0,0.0,0.0,0.0,0.0,0.0,0.0,0.0,0.0,0.0,0.01,0.0,100.0,100.0,0.0,0.0,0.0,100.0,0.0,1.0,100.0,1.0,6.78
2023-03-10,1200.0,7800.0,0.04,0.77,0.04,0.01,0.0,7800.0,1200.0,1200.0,7800.0,0.0,0.0,0.0,0.0,0.0,0.0,0.0,0.0,0.0,0.0,0.0,0.0,0.0,0.0,0.01,0.0,100.0,100.0,0.0,0.0,0.0,100.0,0.0,1.0,100.0,1.0,6.5
2023-03-13,1200.0,8088.0,0.04,0.79,0.04,0.01,0.0,8088.0,1200.0,1200.0,8088.0,0.0,0.0,0.0,0.0,0.0,0.0,0.0,0.0,0.0,0.0,0.0,0.0,0.0,0.0,0.01,0.0,100.0,100.0,0.0,0.0,0.0,100.0,0.0,1.0,100.0,1.0,6.74
2023-03-14,1200.0,8112.0,0.04,0.79,0.04,0.01,0.0,8112.0,1200.0,1200.0,8112.0,0.0,0.0,0.0,0.0,0.0,0.0,0.0,0.0,0.0,0.0,0.0,0.0,0.0,0.0,0.01,0.0,100.0,100.0,0.0,0.0,0.0,100.0,0.0,1.0,100.0,1.0,6.76
2023-03-15,1200.0,8088.0,0.04,0.8,0.04,0.01,0.0,8088.0,1200.0,1200.0,8088.0,0.0,0.0,0.0,0.0,0.0,0.0,0.0,0.0,0.0,0.0,0.0,0.0,0.0,0.0,0.01,0.0,100.0,100.0,0.0,0.0,0.0,100.0,0.0,1.0,100.0,1.0,6.74
2023-03-16,1200.0,8088.0,0.04,0.88,0.04,0.01,0.0,8088.0,1200.0,1200.0,8088.0,0.0,0.0,0.0,0.0,0.0,0.0,0.0,0.0,0.0,0.0,0.0,0.0,0.0,0.0,0.01,0.0,100.0,100.0,0.0,0.0,0.0,100.0,0.0,1.0,100.0,1.0,6.74
2023-03-17,1200.0,8088.0,0.04,0.91,0.04,0.01,0.0,8088.0,1200.0,1200.0,8088.0,0.0,0.0,0.0,0.0,0.0,0.0,0.0,0.0,0.0,0.0,0.0,0.0,0.0,0.0,0.01,0.0,100.0,100.0,0.0,0.0,0.0,100.0,0.0,1.0,100.0,1.0,6.74
2023-03-20,1200.0,7968.0,0.04,0.88,0.04,0.01,0.0,7968.0,1200.0,1200.0,7968.0,0.0,0.0,0.0,0.0,0.0,0.0,0.0,0.0,0.0,0.0,0.0,0.0,0.0,0.0,0.01,0.0,100.0,100.0,0.0,0.0,0.0,100.0,0.0,1.0,100.0,1.0,6.64
2023-03-21,1200.0,8064.0,0.04,0.9,0.04,0.01,0.0,8064.0,1200.0,1200.0,8064.0,0.0,0.0,0.0,0.0,0.0,0.0,0.0,0.0,0.0,0.0,0.0,0.0,0.0,0.0,0.01,0.0,100.0,100.0,0.0,0.0,0.0,100.0,0.0,1.0,100.0,1.0,6.72
2023-03-22,1200.0,8040.0,0.04,0.91,0.04,0.01,0.0,8040.0,1200.0,1200.0,8040.0,0.0,0.0,0.0,0.0,0.0,0.0,0.0,0.0,0.0,0.0,0.0,0.0,0.0,0.0,0.01,0.0,100.0,100.0,0.0,0.0,0.0,100.0,0.0,1.0,100.0,1.0,6.7
2023-03-23,1200.0,7824.0,0.04,0.94,0.04,0.01,0.0,7824.0,1200.0,1200.0,7824.0,0.0,0.0,0.0,0.0,0.0,0.0,0.0,0.0,0.0,0.0,0.0,0.0,0.0,0.0,0.01,0.0,100.0,100.0,0.0,0.0,0.0,100.0,0.0,1.0,100.0,1.0,6.52
2023-03-24,1200.0,7896.0,0.04,0.93,0.04,0.01,0.0,7896.0,1200.0,1200.0,7896.0,0.0,0.0,0.0,0.0,0.0,0.0,0.0,0.0,0.0,0.0,0.0,0.0,0.0,0.0,0.01,0.0,100.0,100.0,0.0,0.0,0.0,100.0,0.0,1.0,100.0,1.0,6.58
2023-03-27,1200.0,8064.0,0.04,0.9,0.04,0.01,0.0,8064.0,1200.0,1200.0,8064.0,0.0,0.0,0.0,0.0,0.0,0.0,0.0,0.0,0.0,0.0,0.0,0.0,0.0,0.0,0.01,0.0,100.0,100.0,0.0,0.0,0.0,100.0,0.0,1.0,100.0,1.0,6.72
2023-03-28,1200.0,8064.0,0.04,0.93,0.04,0.01,0.0,8064.0,1200.0,1200.0,8064.0,0.0,0.0,0.0,0.0,0.0,0.0,0.0,0.0,0.0,0.0,0.0,0.0,0.0,0.0,0.01,0.0,100.0,100.0,0.0,0.0,0.0,100.0,0.0,1.0,100.0,1.0,6.72
2023-03-29,1200.0,8040.0,0.04,0.94,0.04,0.01,0.0,8040.0,1200.0,1200.0,8040.0,0.0,0.0,0.0,0.0,0.0,0.0,0.0,0.0,0.0,0.0,0.0,0.0,0.0,0.0,0.01,0.0,100.0,100.0,0.0,0.0,0.0,100.0,0.0,1.0,100.0,1.0,6.7
2023-03-30,1200.0,8064.0,0.04,0.94,0.04,0.01,0.0,8064.0,1200.0,1200.0,8064.0,0.0,0.0,0.0,0.0,0.0,0.0,0.0,0.0,0.0,0.0,0.0,0.0,0.0,0.0,0.01,0.0,100.0,100.0,0.0,0.0,0.0,100.0,0.0,1.0,100.0,1.0,6.72
2023-03-31,1200.0,8040.0,0.04,0.96,0.04,0.01,0.0,8040.0,1200.0,1200.0,8040.0,0.0,0.0,0.0,0.0,0.0,0.0,0.0,0.0,0.0,0.0,0.0,0.0,0.0,0.0,0.01,0.0,100.0,100.0,0.0,0.0,0.0,100.0,0.0,1.0,100.0,1.0,6.7
2023-04-03,1200.0,8112.0,0.04,0.95,0.04,0.01,0.0,8112.0,1200.0,1200.0,8112.0,0.0,0.0,0.0,0.0,0.0,0.0,0.0,0.0,0.0,0.0,0.0,0.0,0.0,0.0,0.01,0.0,100.0,100.0,0.0,0.0,0.0,100.0,0.0,1.0,100.0,1.0,6.76
2023-04-04,1200.0,8160.0,0.04,0.86,0.04,0.01,0.0,8160.0,1200.0,1200.0,8160.0,0.0,0.0,0.0,0.0,0.0,0.0,0.0,0.0,0.0,0.0,0.0,0.0,0.0,0.0,0.01,0.0,100.0,100.0,0.0,0.0,0.0,100.0,0.0,1.0,100.0,1.0,6.8
2023-04-05,1200.0,8088.0,0.04,0.9,0.04,0.01,0.0,8088.0,1200.0,1200.0,8088.0,0.0,0.0,0.0,0.0,0.0,0.0,0.0,0.0,0.0,0.0,0.0,0.0,0.0,0.0,0.01,0.0,100.0,100.0,0.0,0.0,0.0,100.0,0.0,1.0,100.0,1.0,6.74
2023-04-06,1200.0,8256.0,0.04,1.05,0.04,0.01,0.0,8256.0,1200.0,1200.0,8256.0,0.0,0.0,0.0,0.0,0.0,0.0,0.0,0.0,0.0,0.0,0.0,0.0,0.0,0.0,0.01,0.0,100.0,100.0,0.0,0.0,0.0,100.0,0.0,1.0,100.0,1.0,6.88
2023-04-07,1200.0,8256.0,0.04,1.39,0.04,0.01,0.0,8256.0,1200.0,1200.0,8256.0,0.0,0.0,0.0,0.0,0.0,0.0,0.0,0.0,0.0,0.0,0.0,0.0,0.0,0.0,0.01,0.0,100.0,100.0,0.0,0.0,0.0,100.0,0.0,1.0,100.0,1.0,0.0
2023-04-10,1200.0,8256.0,0.04,1.39,0.04,0.01,0.0,8256.0,1200.0,1200.0,8256.0,0.0,0.0,0.0,0.0,0.0,0.0,0.0,0.0,0.0,0.0,0.0,0.0,0.0,0.0,0.01,0.0,100.0,100.0,0.0,0.0,0.0,100.0,0.0,1.0,100.0,1.0,0.0
2023-04-11,1200.0,8280.0,0.04,1.39,0.04,0.01,0.0,8280.0,1200.0,1200.0,8280.0,0.0,0.0,0.0,0.0,0.0,0.0,0.0,0.0,0.0,0.0,0.0,0.0,0.0,0.0,0.01,0.0,100.0,100.0,0.0,0.0,0.0,100.0,0.0,1.0,100.0,1.0,6.9
2023-04-12,1200.0,8280.0,0.04,1.83,0.04,0.01,0.0,8280.0,1200.0,1200.0,8280.0,0.0,0.0,0.0,0.0,0.0,0.0,0.0,0.0,0.0,0.0,0.0,0.0,0.0,0.0,0.01,0.0,100.0,100.0,0.0,0.0,0.0,100.0,0.0,1.0,100.0,1.0,6.9
2023-04-13,1200.0,8256.0,0.04,1.94,0.04,0.01,0.0,8256.0,1200.0,1200.0,8256.0,0.0,0.0,0.0,0.0,0.0,0.0,0.0,0.0,0.0,0.0,0.0,0.0,0.0,0.0,0.01,0.0,100.0,100.0,0.0,0.0,0.0,100.0,0.0,1.0,100.0,1.0,6.88
2023-04-14,1200.0,8160.0,0.04,1.95,0.04,0.01,0.0,8160.0,1200.0,1200.0,8160.0,0.0,0.0,0.0,0.0,0.0,0.0,0.0,0.0,0.0,0.0,0.0,0.0,0.0,0.0,0.01,0.0,100.0,100.0,0.0,0.0,0.0,100.0,0.0,1.0,100.0,1.0,6.8
2023-04-17,1200.0,8160.0,0.04,1.98,0.04,0.01,0.0,8160.0,1200.0,1200.0,8160.0,0.0,0.0,0.0,0.0,0.0,0.0,0.0,0.0,0.0,0.0,0.0,0.0,0.0,0.0,0.01,0.0,100.0,100.0,0.0,0.0,0.0,100.0,0.0,1.0,100.0,1.0,6.8
2023-04-18,1900.0,12730.0,0.07,3.01,0.07,0.01,0.0,12730.0,1900.0,1900.0,12730.0,0.0,700.0,0.0,0.0,0.0,0.0,700.0,0.0,0.0,0.0,700.0,0.0,0.0,0.0,0.01,0.0,100.0,100.0,0.0,0.0,0.0,100.0,0.0,1.0,100.0,1.0,6.7
2023-04-19,1900.0,12768.0,0.07,3.12,0.07,0.01,0.0,12768.0,1900.0,1900.0,12768.0,0.0,0.0,0.0,0.0,0.0,0.0,0.0,0.0,0.0,0.0,0.0,0.0,0.0,0.0,0.01,0.0,100.0,100.0,0.0,0.0,0.0,100.0,0.0,1.0,100.0,1.0,6.72
2023-04-20,1900.0,12768.0,0.07,3.48,0.07,0.01,0.0,12768.0,1900.0,1900.0,12768.0,0.0,0.0,0.0,0.0,0.0,0.0,0.0,0.0,0.0,0.0,0.0,0.0,0.0,0.0,0.01,0.0,100.0,100.0,0.0,0.0,0.0,100.0,0.0,1.0,100.0,1.0,6.72
2023-04-21,1900.0,12768.0,0.07,3.48,0.07,0.01,0.0,12768.0,1900.0,1900.0,12768.0,0.0,0.0,0.0,0.0,0.0,0.0,0.0,0.0,0.0,0.0,0.0,0.0,0.0,0.0,0.01,0.0,100.0,100.0,0.0,0.0,0.0,100.0,0.0,1.0,100.0,1.0,6.72
2023-04-24,1900.0,12806.0,0.07,3.27,0.07,0.01,0.0,12806.0,1900.0,1900.0,12806.0,0.0,0.0,0.0,0.0,0.0,0.0,0.0,0.0,0.0,0.0,0.0,0.0,0.0,0.0,0.01,0.0,100.0,100.0,0.0,0.0,0.0,100.0,0.0,1.0,100.0,1.0,6.74
2023-04-25,1900.0,12806.0,0.07,3.26,0.07,0.01,0.0,12806.0,1900.0,1900.0,12806.0,0.0,0.0,0.0,0.0,0.0,0.0,0.0,0.0,0.0,0.0,0.0,0.0,0.0,0.0,0.01,0.0,100.0,100.0,0.0,0.0,0.0,100.0,0.0,1.0,100.0,1.0,6.74
2023-04-26,1900.0,12806.0,0.07,3.38,0.07,0.01,0.0,12806.0,1900.0,1900.0,12806.0,0.0,0.0,0.0,0.0,0.0,0.0,0.0,0.0,0.0,0.0,0.0,0.0,0.0,0.0,0.01,0.0,100.0,100.0,0.0,0.0,0.0,100.0,0.0,1.0,100.0,1.0,6.74
2023-04-27,1900.0,12806.0,0.07,3.56,0.07,0.01,0.0,12806.0,1900.0,1900.0,12806.0,0.0,0.0,0.0,0.0,0.0,0.0,0.0,0.0,0.0,0.0,0.0,0.0,0.0,0.0,0.01,0.0,100.0,100.0,0.0,0.0,0.0,100.0,0.0,1.0,100.0,1.0,6.74
2023-04-28,1900.0,12768.0,0.07,3.57,0.07,0.01,0.0,12768.0,1900.0,1900.0,12768.0,0.0,0.0,0.0,0.0,0.0,0.0,0.0,0.0,0.0,0.0,0.0,0.0,0.0,0.0,0.01,0.0,100.0,100.0,0.0,0.0,0.0,100.0,0.0,1.0,100.0,1.0,6.72
2023-05-01,1900.0,12768.0,0.07,3.58,0.07,0.01,0.0,12768.0,1900.0,1900.0,12768.0,0.0,0.0,0.0,0.0,0.0,0.0,0.0,0.0,0.0,0.0,0.0,0.0,0.0,0.0,0.01,0.0,100.0,100.0,0.0,0.0,0.0,100.0,0.0,1.0,100.0,1.0,0.0
2023-05-02,1900.0,12578.0,0.07,3.58,0.07,0.01,0.0,12578.0,1900.0,1900.0,12578.0,0.0,0.0,0.0,0.0,0.0,0.0,0.0,0.0,0.0,0.0,0.0,0.0,0.0,0.0,0.01,0.0,100.0,100.0,0.0,0.0,0.0,100.0,0.0,1.0,100.0,1.0,6.62
2023-05-03,1900.0,12502.0,0.07,3.17,0.07,0.01,0.0,12502.0,1900.0,1900.0,12502.0,0.0,0.0,0.0,0.0,0.0,0.0,0.0,0.0,0.0,0.0,0.0,0.0,0.0,0.0,0.01,0.0,100.0,100.0,0.0,0.0,0.0,100.0,0.0,1.0,100.0,1.0,6.58
2023-05-04,1900.0,12312.0,0.07,3.34,0.07,0.01,0.0,12312.0,1900.0,1900.0,12312.0,0.0,0.0,0.0,0.0,0.0,0.0,0.0,0.0,0.0,0.0,0.0,0.0,0.0,0.0,0.01,0.0,100.0,100.0,0.0,0.0,0.0,100.0,0.0,1.0,100.0,1.0,6.48
2023-05-05,1900.0,11362.0,0.07,3.36,0.07,0.01,0.0,11362.0,1900.0,1900.0,11362.0,0.0,0.0,0.0,0.0,0.0,0.0,0.0,0.0,0.0,0.0,0.0,0.0,0.0,0.0,0.01,0.0,100.0,100.0,0.0,0.0,0.0,100.0,0.0,1.0,100.0,1.0,5.98
2023-05-08,1900.0,10602.0,0.07,2.78,0.07,0.01,0.0,10602.0,1900.0,1900.0,10602.0,0.0,0.0,0.0,0.0,0.0,0.0,0.0,0.0,0.0,0.0,0.0,0.0,0.0,0.0,0.01,0.0,100.0,100.0,0.0,0.0,0.0,100.0,0.0,1.0,100.0,1.0,5.58
2023-05-09,1900.0,10488.0,0.07,2.6,0.07,0.01,0.0,10488.0,1900.0,1900.0,10488.0,0.0,0.0,0.0,0.0,0.0,0.0,0.0,0.0,0.0,0.0,0.0,0.0,0.0,0.0,0.01,0.0,100.0,100.0,0.0,0.0,0.0,100.0,0.0,1.0,100.0,1.0,5.52
2023-05-10,1900.0,10792.0,0.07,2.58,0.07,0.01,0.0,10792.0,1900.0,1900.0,10792.0,0.0,0.0,0.0,0.0,0.0,0.0,0.0,0.0,0.0,0.0,0.0,0.0,0.0,0.0,0.01,0.0,100.0,100.0,0.0,0.0,0.0,100.0,0.0,1.0,100.0,1.0,5.68
2023-05-11,1900.0,10602.0,0.07,2.76,0.07,0.01,0.0,10602.0,1900.0,1900.0,10602.0,0.0,0.0,0.0,0.0,0.0,0.0,0.0,0.0,0.0,0.0,0.0,0.0,0.0,0.0,0.01,0.0,100.0,100.0,0.0,0.0,0.0,100.0,0.0,1.0,100.0,1.0,5.58
2023-05-12,1900.0,10602.0,0.07,2.64,0.07,0.01,0.0,10602.0,1900.0,1900.0,10602.0,0.0,0.0,0.0,0.0,0.0,0.0,0.0,0.0,0.0,0.0,0.0,0.0,0.0,0.0,0.01,0.0,100.0,100.0,0.0,0.0,0.0,100.0,0.0,1.0,100.0,1.0,5.58
2023-05-15,1900.0,10412.0,0.07,2.58,0.07,0.01,0.0,10412.0,1900.0,1900.0,10412.0,0.0,0.0,0.0,0.0,0.0,0.0,0.0,0.0,0.0,0.0,0.0,0.0,0.0,0.0,0.01,0.0,100.0,100.0,0.0,0.0,0.0,100.0,0.0,1.0,100.0,1.0,5.48
2023-05-16,1900.0,10412.0,0.07,2.49,0.07,0.01,0.0,10412.0,1900.0,1900.0,10412.0,0.0,0.0,0.0,0.0,0.0,0.0,0.0,0.0,0.0,0.0,0.0,0.0,0.0,0.0,0.01,0.0,100.0,100.0,0.0,0.0,0.0,100.0,0.0,1.0,100.0,1.0,5.48
2023-05-17,1900.0,10374.0,0.07,2.49,0.07,0.01,0.0,10374.0,1900.0,1900.0,10374.0,0.0,0.0,0.0,0.0,0.0,0.0,0.0,0.0,0.0,0.0,0.0,0.0,0.0,0.0,0.01,0.0,100.0,100.0,0.0,0.0,0.0,100.0,0.0,1.0,100.0,1.0,5.46
2023-05-18,1900.0,10412.0,0.07,2.55,0.07,0.01,0.0,10412.0,1900.0,1900.0,10412.0,0.0,0.0,0.0,0.0,0.0,0.0,0.0,0.0,0.0,0.0,0.0,0.0,0.0,0.0,0.01,0.0,100.0,100.0,0.0,0.0,0.0,100.0,0.0,1.0,100.0,1.0,5.48
2023-05-19,1900.0,10374.0,0.07,3.17,0.07,0.01,0.0,10374.0,1900.0,1900.0,10374.0,0.0,0.0,0.0,0.0,0.0,0.0,0.0,0.0,0.0,0.0,0.0,0.0,0.0,0.0,0.01,0.0,100.0,100.0,0.0,0.0,0.0,100.0,0.0,1.0,100.0,1.0,5.46
2023-05-22,1900.0,10374.0,0.07,3.05,0.07,0.01,0.0,10374.0,1900.0,1900.0,10374.0,0.0,0.0,0.0,0.0,0.0,0.0,0.0,0.0,0.0,0.0,0.0,0.0,0.0,0.0,0.01,0.0,100.0,100.0,0.0,0.0,0.0,100.0,0.0,1.0,100.0,1.0,5.46
2023-05-23,1900.0,10146.0,0.07,3.01,0.07,0.01,0.0,10146.0,1900.0,1900.0,10146.0,0.0,0.0,0.0,0.0,0.0,0.0,0.0,0.0,0.0,0.0,0.0,0.0,0.0,0.0,0.01,0.0,100.0,100.0,0.0,0.0,0.0,100.0,0.0,1.0,100.0,1.0,5.34
2023-05-24,1900.0,9956.0,0.07,2.84,0.07,0.01,0.0,9956.0,1900.0,1900.0,9956.0,0.0,0.0,0.0,0.0,0.0,0.0,0.0,0.0,0.0,0.0,0.0,0.0,0.0,0.0,0.01,0.0,100.0,100.0,0.0,0.0,0.0,100.0,0.0,1.0,100.0,1.0,5.24
2023-05-25,1900.0,9994.0,0.07,2.64,0.07,0.01,0.0,9994.0,1900.0,1900.0,9994.0,0.0,0.0,0.0,0.0,0.0,0.0,0.0,0.0,0.0,0.0,0.0,0.0,0.0,0.0,0.01,0.0,100.0,100.0,0.0,0.0,0.0,100.0,0.0,1.0,100.0,1.0,5.26
2023-05-26,1900.0,9918.0,0.07,2.65,0.07,0.01,0.0,9918.0,1900.0,1900.0,9918.0,0.0,0.0,0.0,0.0,0.0,0.0,0.0,0.0,0.0,0.0,0.0,0.0,0.0,0.0,0.01,0.0,100.0,100.0,0.0,0.0,0.0,100.0,0.0,1.0,100.0,1.0,5.22
2023-05-29,1900.0,9690.0,0.07,2.59,0.07,0.01,0.0,9690.0,1900.0,1900.0,9690.0,0.0,0.0,0.0,0.0,0.0,0.0,0.0,0.0,0.0,0.0,0.0,0.0,0.0,0.0,0.01,0.0,100.0,100.0,0.0,0.0,0.0,100.0,0.0,1.0,100.0,1.0,5.1
2023-05-30,1900.0,9614.0,0.07,2.45,0.07,0.01,0.0,9614.0,1900.0,1900.0,9614.0,0.0,0.0,0.0,0.0,0.0,0.0,0.0,0.0,0.0,0.0,0.0,0.0,0.0,0.0,0.01,0.0,100.0,100.0,0.0,0.0,0.0,100.0,0.0,1.0,100.0,1.0,5.06
2023-05-31,1900.0,9405.0,0.07,2.54,0.07,0.01,0.0,9405.0,1900.0,1900.0,9405.0,0.0,0.0,0.0,0.0,0.0,0.0,0.0,0.0,0.0,0.0,0.0,0.0,0.0,0.0,0.01,0.0,100.0,100.0,0.0,0.0,0.0,100.0,0.0,1.0,100.0,1.0,4.95
2023-06-01,1900.0,9405.0,0.07,2.48,0.07,0.01,0.0,9405.0,1900.0,1900.0,9405.0,0.0,0.0,0.0,0.0,0.0,0.0,0.0,0.0,0.0,0.0,0.0,0.0,0.0,0.0,0.01,0.0,100.0,100.0,0.0,0.0,0.0,100.0,0.0,1.0,100.0,1.0,4.95
2023-06-02,1900.0,9956.0,0.07,2.55,0.07,0.01,0.0,9956.0,1900.0,1900.0,9956.0,0.0,0.0,0.0,0.0,0.0,0.0,0.0,0.0,0.0,0.0,0.0,0.0,0.0,0.0,0.01,0.0,100.0,100.0,0.0,0.0,0.0,100.0,0.0,1.0,100.0,1.0,5.24
2023-06-05,1900.0,9443.0,0.07,2.46,0.07,0.01,0.0,9443.0,1900.0,1900.0,9443.0,0.0,0.0,0.0,0.0,0.0,0.0,0.0,0.0,0.0,0.0,0.0,0.0,0.0,0.0,0.01,0.0,100.0,100.0,0.0,0.0,0.0,100.0,0.0,1.0,100.0,1.0,4.97
2023-06-06,1900.0,9918.0,0.07,2.06,0.07,0.01,0.0,9918.0,1900.0,1900.0,9918.0,0.0,0.0,0.0,0.0,0.0,0.0,0.0,0.0,0.0,0.0,0.0,0.0,0.0,0.0,0.01,0.0,100.0,100.0,0.0,0.0,0.0,100.0,0.0,1.0,100.0,1.0,5.22
2023-06-07,1900.0,9842.0,0.07,1.79,0.07,0.01,0.0,9842.0,1900.0,1900.0,9842.0,0.0,0.0,0.0,0.0,0.0,0.0,0.0,0.0,0.0,0.0,0.0,0.0,0.0,0.0,0.01,0.0,100.0,100.0,0.0,0.0,0.0,100.0,0.0,1.0,100.0,1.0,5.18
2023-06-08,1900.0,9690.0,0.07,1.76,0.07,0.01,0.0,9690.0,1900.0,1900.0,9690.0,0.0,0.0,0.0,0.0,0.0,0.0,0.0,0.0,0.0,0.0,0.0,0.0,0.0,0.0,0.01,0.0,100.0,100.0,0.0,0.0,0.0,100.0,0.0,1.0,100.0,1.0,5.1
2023-06-09,1900.0,9804.0,0.07,1.73,0.07,0.01,0.0,9804.0,1900.0,1900.0,9804.0,0.0,0.0,0.0,0.0,0.0,0.0,0.0,0.0,0.0,0.0,0.0,0.0,0.0,0.0,0.01,0.0,100.0,100.0,0.0,0.0,0.0,100.0,0.0,1.0,100.0,1.0,5.16
2023-06-12,1900.0,9405.0,0.07,1.71,0.07,0.01,0.0,9405.0,1900.0,1900.0,9405.0,0.0,0.0,0.0,0.0,0.0,0.0,0.0,0.0,0.0,0.0,0.0,0.0,0.0,0.0,0.01,0.0,100.0,100.0,0.0,0.0,0.0,100.0,0.0,1.0,100.0,1.0,4.95
2023-06-13,1900.0,9728.0,0.07,1.66,0.07,0.01,0.0,9728.0,1900.0,1900.0,9728.0,0.0,0.0,0.0,0.0,0.0,0.0,0.0,0.0,0.0,0.0,0.0,0.0,0.0,0.0,0.01,0.0,100.0,100.0,0.0,0.0,0.0,100.0,0.0,1.0,100.0,1.0,5.12
2023-06-14,1900.0,9728.0,0.07,1.75,0.07,0.01,0.0,9728.0,1900.0,1900.0,9728.0,0.0,0.0,0.0,0.0,0.0,0.0,0.0,0.0,0.0,0.0,0.0,0.0,0.0,0.0,0.01,0.0,100.0,100.0,0.0,0.0,0.0,100.0,0.0,1.0,100.0,1.0,5.12
2023-06-15,1900.0,9690.0,0.07,1.67,0.07,0.01,0.0,9690.0,1900.0,1900.0,9690.0,0.0,0.0,0.0,0.0,0.0,0.0,0.0,0.0,0.0,0.0,0.0,0.0,0.0,0.0,0.01,0.0,100.0,100.0,0.0,0.0,0.0,100.0,0.0,1.0,100.0,1.0,5.1
2023-06-16,1900.0,9690.0,0.07,1.53,0.07,0.01,0.0,9690.0,1900.0,1900.0,9690.0,0.0,0.0,0.0,0.0,0.0,0.0,0.0,0.0,0.0,0.0,0.0,0.0,0.0,0.0,0.01,0.0,100.0,100.0,0.0,0.0,0.0,100.0,0.0,1.0,100.0,1.0,5.1
2023-06-19,1900.0,9690.0,0.07,1.65,0.07,0.01,0.0,9690.0,1900.0,1900.0,9690.0,0.0,0.0,0.0,0.0,0.0,0.0,0.0,0.0,0.0,0.0,0.0,0.0,0.0,0.0,0.01,0.0,100.0,100.0,0.0,0.0,0.0,100.0,0.0,1.0,100.0,1.0,5.1
2023-06-20,1900.0,9690.0,0.07,1.71,0.07,0.01,0.0,9690.0,1900.0,1900.0,9690.0,0.0,0.0,0.0,0.0,0.0,0.0,0.0,0.0,0.0,0.0,0.0,0.0,0.0,0.0,0.01,0.0,100.0,100.0,0.0,0.0,0.0,100.0,0.0,1.0,100.0,1.0,5.1
2023-06-21,1900.0,9728.0,0.07,1.75,0.07,0.01,0.0,9728.0,1900.0,1900.0,9728.0,0.0,0.0,0.0,0.0,0.0,0.0,0.0,0.0,0.0,0.0,0.0,0.0,0.0,0.0,0.01,0.0,100.0,100.0,0.0,0.0,0.0,100.0,0.0,1.0,100.0,1.0,5.12
2023-06-22,1900.0,9690.0,0.07,1.73,0.07,0.01,0.0,9690.0,1900.0,1900.0,9690.0,0.0,0.0,0.0,0.0,0.0,0.0,0.0,0.0,0.0,0.0,0.0,0.0,0.0,0.0,0.01,0.0,100.0,100.0,0.0,0.0,0.0,100.0,0.0,1.0,100.0,1.0,5.1
2023-06-23,1900.0,9690.0,0.07,1.75,0.07,0.01,0.0,9690.0,1900.0,1900.0,9690.0,0.0,0.0,0.0,0.0,0.0,0.0,0.0,0.0,0.0,0.0,0.0,0.0,0.0,0.0,0.01,0.0,100.0,100.0,0.0,0.0,0.0,100.0,0.0,1.0,100.0,1.0,5.1
2023-06-26,1900.0,9576.0,0.07,1.77,0.07,0.01,0.0,9576.0,1900.0,1900.0,9576.0,0.0,0.0,0.0,0.0,0.0,0.0,0.0,0.0,0.0,0.0,0.0,0.0,0.0,0.0,0.01,0.0,100.0,100.0,0.0,0.0,0.0,100.0,0.0,1.0,100.0,1.0,5.04
2023-06-27,1900.0,9082.0,0.07,1.74,0.07,0.01,0.0,9082.0,1900.0,1900.0,9082.0,0.0,0.0,0.0,0.0,0.0,0.0,0.0,0.0,0.0,0.0,0.0,0.0,0.0,0.0,0.01,0.0,100.0,100.0,0.0,0.0,0.0,100.0,0.0,1.0,100.0,1.0,4.78
2023-06-28,1900.0,8930.0,0.07,1.57,0.07,0.01,0.0,8930.0,1900.0,1900.0,8930.0,0.0,0.0,0.0,0.0,0.0,0.0,0.0,0.0,0.0,0.0,0.0,0.0,0.0,0.0,0.01,0.0,100.0,100.0,0.0,0.0,0.0,100.0,0.0,1.0,100.0,1.0,4.7
2023-06-29,2100.0,9870.0,0.08,1.79,0.08,0.01,0.0,9870.0,2100.0,2100.0,9870.0,0.0,200.0,0.0,0.0,0.0,0.0,200.0,0.0,0.0,0.0,200.0,0.0,0.0,0.0,0.01,0.0,100.0,100.0,0.0,0.0,0.0,100.0,0.0,1.0,100.0,1.0,4.7
2023-06-30,2100.0,9870.0,0.08,1.78,0.08,0.01,0.0,9870.0,2100.0,2100.0,9870.0,0.0,0.0,0.0,0.0,0.0,0.0,0.0,0.0,0.0,0.0,0.0,0.0,0.0,0.0,0.01,0.0,100.0,100.0,0.0,0.0,0.0,100.0,0.0,1.0,100.0,1.0,4.7
2023-07-03,2100.0,9870.0,0.08,1.85,0.08,0.01,0.0,9870.0,2100.0,2100.0,9870.0,0.0,0.0,0.0,0.0,0.0,0.0,0.0,0.0,0.0,0.0,0.0,0.0,0.0,0.0,0.01,0.0,100.0,100.0,0.0,0.0,0.0,100.0,0.0,1.0,100.0,1.0,4.7
2023-07-04,2100.0,10017.0,0.08,1.84,0.08,0.01,0.0,10017.0,2100.0,2100.0,10017.0,0.0,0.0,0.0,0.0,0.0,0.0,0.0,0.0,0.0,0.0,0.0,0.0,0.0,0.0,0.01,0.0,100.0,100.0,0.0,0.0,0.0,100.0,0.0,1.0,100.0,1.0,4.77
2023-07-05,2100.0,9870.0,0.08,1.9,0.08,0.01,0.0,9870.0,2100.0,2100.0,9870.0,0.0,0.0,0.0,0.0,0.0,0.0,0.0,0.0,0.0,0.0,0.0,0.0,0.0,0.0,0.01,0.0,100.0,100.0,0.0,0.0,0.0,100.0,0.0,1.0,100.0,1.0,4.7
2023-07-06,2100.0,9870.0,0.08,1.97,0.08,0.01,0.0,9870.0,2100.0,2100.0,9870.0,0.0,0.0,0.0,0.0,0.0,0.0,0.0,0.0,0.0,0.0,0.0,0.0,0.0,0.0,0.01,0.0,100.0,100.0,0.0,0.0,0.0,100.0,0.0,1.0,100.0,1.0,4.7
2023-07-07,2100.0,9828.0,0.08,1.95,0.08,0.01,0.0,9828.0,2100.0,2100.0,9828.0,0.0,0.0,0.0,0.0,0.0,0.0,0.0,0.0,0.0,0.0,0.0,0.0,0.0,0.0,0.01,0.0,100.0,100.0,0.0,0.0,0.0,100.0,0.0,1.0,100.0,1.0,4.68
2023-07-10,2100.0,9765.0,0.08,2.0,0.08,0.01,0.0,9765.0,2100.0,2100.0,9765.0,0.0,0.0,0.0,0.0,0.0,0.0,0.0,0.0,0.0,0.0,0.0,0.0,0.0,0.0,0.01,0.0,100.0,100.0,0.0,0.0,0.0,100.0,0.0,1.0,100.0,1.0,4.65
2023-07-11,2100.0,9639.0,0.08,2.05,0.08,0.01,0.0,9639.0,2100.0,2100.0,9639.0,0.0,0.0,0.0,0.0,0.0,0.0,0.0,0.0,0.0,0.0,0.0,0.0,0.0,0.0,0.01,0.0,100.0,100.0,0.0,0.0,0.0,100.0,0.0,1.0,100.0,1.0,4.59
2023-07-12,2100.0,9807.0,0.08,2.06,0.08,0.01,0.0,9807.0,2100.0,2100.0,9807.0,0.0,0.0,0.0,0.0,0.0,0.0,0.0,0.0,0.0,0.0,0.0,0.0,0.0,0.0,0.01,0.0,100.0,100.0,0.0,0.0,0.0,100.0,0.0,1.0,100.0,1.0,4.67
2023-07-13,2100.0,9786.0,0.08,2.13,0.08,0.01,0.0,9786.0,2100.0,2100.0,9786.0,0.0,0.0,0.0,0.0,0.0,0.0,0.0,0.0,0.0,0.0,0.0,0.0,0.0,0.0,0.01,0.0,100.0,100.0,0.0,0.0,0.0,100.0,0.0,1.0,100.0,1.0,4.66
2023-07-14,2100.0,9765.0,0.08,2.15,0.08,0.01,0.0,9765.0,2100.0,2100.0,9765.0,0.0,0.0,0.0,0.0,0.0,0.0,0.0,0.0,0.0,0.0,0.0,0.0,0.0,0.0,0.01,0.0,100.0,100.0,0.0,0.0,0.0,100.0,0.0,1.0,100.0,1.0,4.65
2023-07-17,2500.0,11625.0,0.09,2.64,0.09,0.01,0.0,11625.0,2500.0,2500.0,11625.0,0.0,400.0,0.0,0.0,0.0,0.0,400.0,0.0,0.0,0.0,400.0,0.0,0.0,0.0,0.01,0.0,100.0,100.0,0.0,0.0,0.0,100.0,0.0,1.0,100.0,1.0,4.65
2023-07-18,2500.0,11625.0,0.09,3.21,0.09,0.01,0.0,11625.0,2500.0,2500.0,11625.0,0.0,0.0,0.0,0.0,0.0,0.0,0.0,0.0,0.0,0.0,0.0,0.0,0.0,0.0,0.01,0.0,100.0,100.0,0.0,0.0,0.0,100.0,0.0,1.0,100.0,1.0,4.65
2023-07-19,2500.0,11625.0,0.09,4.02,0.09,0.01,0.0,11625.0,2500.0,2500.0,11625.0,0.0,0.0,0.0,0.0,0.0,0.0,0.0,0.0,0.0,0.0,0.0,0.0,0.0,0.0,0.01,0.0,100.0,100.0,0.0,0.0,0.0,100.0,0.0,1.0,100.0,1.0,4.65
2023-07-20,2500.0,11250.0,0.09,4.17,0.09,0.01,0.0,11250.0,2500.0,2500.0,11250.0,0.0,0.0,0.0,0.0,0.0,0.0,0.0,0.0,0.0,0.0,0.0,0.0,0.0,0.0,0.01,0.0,100.0,100.0,0.0,0.0,0.0,100.0,0.0,1.0,100.0,1.0,4.5
2023-07-21,2500.0,11200.0,0.09,4.0,0.09,0.01,0.0,11200.0,2500.0,2500.0,11200.0,0.0,0.0,0.0,0.0,0.0,0.0,0.0,0.0,0.0,0.0,0.0,0.0,0.0,0.0,0.01,0.0,100.0,100.0,0.0,0.0,0.0,100.0,0.0,1.0,100.0,1.0,4.48
2023-07-24,2500.0,11300.0,0.09,3.73,0.09,0.01,0.0,11300.0,2500.0,2500.0,11300.0,0.0,0.0,0.0,0.0,0.0,0.0,0.0,0.0,0.0,0.0,0.0,0.0,0.0,0.0,0.01,0.0,100.0,100.0,0.0,0.0,0.0,100.0,0.0,1.0,100.0,1.0,4.52
2023-07-25,2500.0,11125.0,0.09,3.9,0.09,0.01,0.0,11125.0,2500.0,2500.0,11125.0,0.0,0.0,0.0,0.0,0.0,0.0,0.0,0.0,0.0,0.0,0.0,0.0,0.0,0.0,0.01,0.0,100.0,100.0,0.0,0.0,0.0,100.0,0.0,1.0,100.0,1.0,4.45
2023-07-26,2500.0,11325.0,0.09,3.94,0.09,0.01,0.0,11325.0,2500.0,2500.0,11325.0,0.0,0.0,0.0,0.0,0.0,0.0,0.0,0.0,0.0,0.0,0.0,0.0,0.0,0.0,0.01,0.0,100.0,100.0,0.0,0.0,0.0,100.0,0.0,1.0,100.0,1.0,4.53
2023-07-27,2500.0,11275.0,0.09,4.36,0.09,0.01,0.0,11275.0,2500.0,2500.0,11275.0,0.0,0.0,0.0,0.0,0.0,0.0,0.0,0.0,0.0,0.0,0.0,0.0,0.0,0.0,0.01,0.0,100.0,100.0,0.0,0.0,0.0,100.0,0.0,1.0,100.0,1.0,4.51
2023-07-28,2500.0,11325.0,0.09,5.15,0.09,0.01,0.0,11325.0,2500.0,2500.0,11325.0,0.0,0.0,0.0,0.0,0.0,0.0,0.0,0.0,0.0,0.0,0.0,0.0,0.0,0.0,0.01,0.0,100.0,100.0,0.0,0.0,0.0,100.0,0.0,1.0,100.0,1.0,4.53
2023-07-31,2500.0,11500.0,0.09,5.5,0.09,0.01,0.0,11500.0,2500.0,2500.0,11500.0,0.0,0.0,0.0,0.0,0.0,0.0,0.0,0.0,0.0,0.0,0.0,0.0,0.0,0.0,0.01,0.0,100.0,100.0,0.0,0.0,0.0,100.0,0.0,1.0,100.0,1.0,4.6
2023-08-01,2500.0,11575.0,0.09,5.23,0.09,0.01,0.0,11575.0,2500.0,2500.0,11575.0,0.0,0.0,0.0,0.0,0.0,0.0,0.0,0.0,0.0,0.0,0.0,0.0,0.0,0.0,0.01,0.0,100.0,100.0,0.0,0.0,0.0,100.0,0.0,1.0,100.0,1.0,4.63
2023-08-02,2500.0,11250.0,0.09,5.2,0.09,0.01,0.0,11250.0,2500.0,2500.0,11250.0,0.0,0.0,0.0,0.0,0.0,0.0,0.0,0.0,0.0,0.0,0.0,0.0,0.0,0.0,0.01,0.0,100.0,100.0,0.0,0.0,0.0,100.0,0.0,1.0,100.0,1.0,4.5
2023-08-03,2500.0,11450.0,0.09,5.32,0.09,0.01,0.0,11450.0,2500.0,2500.0,11450.0,0.0,0.0,0.0,0.0,0.0,0.0,0.0,0.0,0.0,0.0,0.0,0.0,0.0,0.0,0.01,0.0,100.0,100.0,0.0,0.0,0.0,100.0,0.0,1.0,100.0,1.0,4.58
2023-08-04,2500.0,11100.0,0.09,5.52,0.09,0.01,0.0,11100.0,2500.0,2500.0,11100.0,0.0,0.0,0.0,0.0,0.0,0.0,0.0,0.0,0.0,0.0,0.0,0.0,0.0,0.0,0.01,0.0,100.0,100.0,0.0,0.0,0.0,100.0,0.0,1.0,100.0,1.0,4.44
2023-08-07,2500.0,11350.0,0.09,5.48,0.09,0.01,0.0,11350.0,2500.0,2500.0,11350.0,0.0,0.0,0.0,0.0,0.0,0.0,0.0,0.0,0.0,0.0,0.0,0.0,0.0,0.0,0.01,0.0,100.0,100.0,0.0,0.0,0.0,100.0,0.0,1.0,100.0,1.0,4.54
2023-08-08,2500.0,11350.0,0.09,6.11,0.09,0.01,0.0,11350.0,2500.0,2500.0,11350.0,0.0,0.0,0.0,0.0,0.0,0.0,0.0,0.0,0.0,0.0,0.0,0.0,0.0,0.0,0.01,0.0,100.0,100.0,0.0,0.0,0.0,100.0,0.0,1.0,100.0,1.0,4.54
2023-08-09,2500.0,11225.0,0.09,8.51,0.09,0.01,0.0,11225.0,2500.0,2500.0,11225.0,0.0,0.0,0.0,0.0,0.0,0.0,0.0,0.0,0.0,0.0,0.0,0.0,0.0,0.0,0.01,0.0,100.0,100.0,0.0,0.0,0.0,100.0,0.0,1.0,100.0,1.0,4.49
2023-08-10,2500.0,10475.0,0.09,5.6,0.09,0.01,0.0,10475.0,2500.0,2500.0,10475.0,0.0,0.0,0.0,0.0,0.0,0.0,0.0,0.0,0.0,0.0,0.0,0.0,0.0,0.0,0.01,0.0,100.0,100.0,0.0,0.0,0.0,100.0,0.0,1.0,100.0,1.0,4.19
2023-08-11,2500.0,10725.0,0.09,3.84,0.09,0.01,0.0,10725.0,2500.0,2500.0,10725.0,0.0,0.0,0.0,0.0,0.0,0.0,0.0,0.0,0.0,0.0,0.0,0.0,0.0,0.0,0.01,0.0,100.0,100.0,0.0,0.0,0.0,100.0,0.0,1.0,100.0,1.0,4.29
2023-08-14,2500.0,10725.0,0.09,3.07,0.09,0.01,0.0,10725.0,2500.0,2500.0,10725.0,0.0,0.0,0.0,0.0,0.0,0.0,0.0,0.0,0.0,0.0,0.0,0.0,0.0,0.0,0.01,0.0,100.0,100.0,0.0,0.0,0.0,100.0,0.0,1.0,100.0,1.0,4.29
2023-08-15,2500.0,10650.0,0.09,3.13,0.09,0.01,0.0,10650.0,2500.0,2500.0,10650.0,0.0,0.0,0.0,0.0,0.0,0.0,0.0,0.0,0.0,0.0,0.0,0.0,0.0,0.0,0.01,0.0,100.0,100.0,0.0,0.0,0.0,100.0,0.0,1.0,100.0,1.0,4.26
2023-08-16,2500.0,10200.0,0.09,3.14,0.09,0.01,0.0,10200.0,2500.0,2500.0,10200.0,0.0,0.0,0.0,0.0,0.0,0.0,0.0,0.0,0.0,0.0,0.0,0.0,0.0,0.0,0.01,0.0,100.0,100.0,0.0,0.0,0.0,100.0,0.0,1.0,100.0,1.0,4.08
2023-08-17,2500.0,10175.0,0.09,2.9,0.09,0.01,0.0,10175.0,2500.0,2500.0,10175.0,0.0,0.0,0.0,0.0,0.0,0.0,0.0,0.0,0.0,0.0,0.0,0.0,0.0,0.0,0.01,0.0,100.0,100.0,0.0,0.0,0.0,100.0,0.0,1.0,100.0,1.0,4.07
2023-08-18,2500.0,10200.0,0.09,2.92,0.09,0.01,0.0,10200.0,2500.0,2500.0,10200.0,0.0,0.0,0.0,0.0,0.0,0.0,0.0,0.0,0.0,0.0,0.0,0.0,0.0,0.0,0.01,0.0,100.0,100.0,0.0,0.0,0.0,100.0,0.0,1.0,100.0,1.0,4.08
2023-08-21,2500.0,10050.0,0.09,2.91,0.09,0.01,0.0,10050.0,2500.0,2500.0,10050.0,0.0,0.0,0.0,0.0,0.0,0.0,0.0,0.0,0.0,0.0,0.0,0.0,0.0,0.0,0.01,0.0,100.0,100.0,0.0,0.0,0.0,100.0,0.0,1.0,100.0,1.0,4.02
2023-08-22,2500.0,10200.0,0.09,2.99,0.09,0.01,0.0,10200.0,2500.0,2500.0,10200.0,0.0,0.0,0.0,0.0,0.0,0.0,0.0,0.0,0.0,0.0,0.0,0.0,0.0,0.0,0.01,0.0,100.0,100.0,0.0,0.0,0.0,100.0,0.0,1.0,100.0,1.0,4.08
2023-08-23,2500.0,10100.0,0.09,2.96,0.09,0.01,0.0,10100.0,2500.0,2500.0,10100.0,0.0,0.0,0.0,0.0,0.0,0.0,0.0,0.0,0.0,0.0,0.0,0.0,0.0,0.0,0.01,0.0,100.0,100.0,0.0,0.0,0.0,100.0,0.0,1.0,100.0,1.0,4.04
2023-08-24,2500.0,10075.0,0.09,2.91,0.09,0.01,0.0,10075.0,2500.0,2500.0,10075.0,0.0,0.0,0.0,0.0,0.0,0.0,0.0,0.0,0.0,0.0,0.0,0.0,0.0,0.0,0.01,0.0,100.0,100.0,0.0,0.0,0.0,100.0,0.0,1.0,100.0,1.0,4.03
2023-08-25,2500.0,9975.0,0.09,2.9,0.09,0.01,0.0,9975.0,2500.0,2500.0,9975.0,0.0,0.0,0.0,0.0,0.0,0.0,0.0,0.0,0.0,0.0,0.0,0.0,0.0,0.0,0.01,0.0,100.0,100.0,0.0,0.0,0.0,100.0,0.0,1.0,100.0,1.0,3.99
2023-08-28,2500.0,10050.0,0.09,2.89,0.09,0.01,0.0,10050.0,2500.0,2500.0,10050.0,0.0,0.0,0.0,0.0,0.0,0.0,0.0,0.0,0.0,0.0,0.0,0.0,0.0,0.0,0.01,0.0,100.0,100.0,0.0,0.0,0.0,100.0,0.0,1.0,100.0,1.0,4.02
2023-08-29,2500.0,9950.0,0.09,2.94,0.09,0.01,0.0,9950.0,2500.0,2500.0,9950.0,0.0,0.0,0.0,0.0,0.0,0.0,0.0,0.0,0.0,0.0,0.0,0.0,0.0,0.0,0.01,0.0,100.0,100.0,0.0,0.0,0.0,100.0,0.0,1.0,100.0,1.0,3.98
2023-08-30,2500.0,9925.0,0.09,2.95,0.09,0.01,0.0,9925.0,2500.0,2500.0,9925.0,0.0,0.0,0.0,0.0,0.0,0.0,0.0,0.0,0.0,0.0,0.0,0.0,0.0,0.0,0.01,0.0,100.0,100.0,0.0,0.0,0.0,100.0,0.0,1.0,100.0,1.0,3.97
2023-08-31,2500.0,9950.0,0.09,2.94,0.09,0.01,0.0,9950.0,2500.0,2500.0,9950.0,0.0,0.0,0.0,0.0,0.0,0.0,0.0,0.0,0.0,0.0,0.0,0.0,0.0,0.0,0.01,0.0,100.0,100.0,0.0,0.0,0.0,100.0,0.0,1.0,100.0,1.0,3.98
2023-09-01,2500.0,9875.0,0.09,2.76,0.09,0.01,0.0,9875.0,2500.0,2500.0,9875.0,0.0,0.0,0.0,0.0,0.0,0.0,0.0,0.0,0.0,0.0,0.0,0.0,0.0,0.0,0.01,0.0,100.0,100.0,0.0,0.0,0.0,100.0,0.0,1.0,100.0,1.0,3.95
2023-09-04,2500.0,9875.0,0.09,2.85,0.09,0.01,0.0,9875.0,2500.0,2500.0,9875.0,0.0,0.0,0.0,0.0,0.0,0.0,0.0,0.0,0.0,0.0,0.0,0.0,0.0,0.0,0.01,0.0,100.0,100.0,0.0,0.0,0.0,100.0,0.0,1.0,100.0,1.0,3.95
2023-09-05,2500.0,9850.0,0.09,2.86,0.09,0.01,0.0,9850.0,2500.0,2500.0,9850.0,0.0,0.0,0.0,0.0,0.0,0.0,0.0,0.0,0.0,0.0,0.0,0.0,0.0,0.0,0.01,0.0,100.0,100.0,0.0,0.0,0.0,100.0,0.0,1.0,100.0,1.0,3.94
2023-09-06,2500.0,9875.0,0.09,2.85,0.09,0.01,0.0,9875.0,2500.0,2500.0,9875.0,0.0,0.0,0.0,0.0,0.0,0.0,0.0,0.0,0.0,0.0,0.0,0.0,0.0,0.0,0.01,0.0,100.0,100.0,0.0,0.0,0.0,100.0,0.0,1.0,100.0,1.0,3.95
2023-09-07,2500.0,9875.0,0.09,2.77,0.09,0.01,0.0,9875.0,2500.0,2500.0,9875.0,0.0,0.0,0.0,0.0,0.0,0.0,0.0,0.0,0.0,0.0,0.0,0.0,0.0,0.0,0.01,0.0,100.0,100.0,0.0,0.0,0.0,100.0,0.0,1.0,100.0,1.0,3.95
2023-09-08,2500.0,9875.0,0.09,2.8,0.09,0.01,0.0,9875.0,2500.0,2500.0,9875.0,0.0,0.0,0.0,0.0,0.0,0.0,0.0,0.0,0.0,0.0,0.0,0.0,0.0,0.0,0.01,0.0,100.0,100.0,0.0,0.0,0.0,100.0,0.0,1.0,100.0,1.0,3.95
2023-09-11,2500.0,9900.0,0.09,2.81,0.09,0.01,0.0,9900.0,2500.0,2500.0,9900.0,0.0,0.0,0.0,0.0,0.0,0.0,0.0,0.0,0.0,0.0,0.0,0.0,0.0,0.0,0.01,0.0,100.0,100.0,0.0,0.0,0.0,100.0,0.0,1.0,100.0,1.0,3.96
2023-09-12,2500.0,9900.0,0.09,2.78,0.09,0.01,0.0,9900.0,2500.0,2500.0,9900.0,0.0,0.0,0.0,0.0,0.0,0.0,0.0,0.0,0.0,0.0,0.0,0.0,0.0,0.0,0.01,0.0,100.0,100.0,0.0,0.0,0.0,100.0,0.0,1.0,100.0,1.0,3.96
2023-09-13,2500.0,9875.0,0.09,2.79,0.09,0.01,0.0,9875.0,2500.0,2500.0,9875.0,0.0,0.0,0.0,0.0,0.0,0.0,0.0,0.0,0.0,0.0,0.0,0.0,0.0,0.0,0.01,0.0,100.0,100.0,0.0,0.0,0.0,100.0,0.0,1.0,100.0,1.0,3.95
2023-09-14,2500.0,9875.0,0.09,2.76,0.09,0.01,0.0,9875.0,2500.0,2500.0,9875.0,0.0,0.0,0.0,0.0,0.0,0.0,0.0,0.0,0.0,0.0,0.0,0.0,0.0,0.0,0.01,0.0,100.0,100.0,0.0,0.0,0.0,100.0,0.0,1.0,100.0,1.0,3.95
2023-09-15,2500.0,9875.0,0.09,2.8,0.09,0.01,0.0,9875.0,2500.0,2500.0,9875.0,0.0,0.0,0.0,0.0,0.0,0.0,0.0,0.0,0.0,0.0,0.0,0.0,0.0,0.0,0.01,0.0,100.0,100.0,0.0,0.0,0.0,100.0,0.0,1.0,100.0,1.0,3.95
2023-09-18,2500.0,9625.0,0.09,2.81,0.09,0.01,0.0,9625.0,2500.0,2500.0,9625.0,0.0,0.0,0.0,0.0,0.0,0.0,0.0,0.0,0.0,0.0,0.0,0.0,0.0,0.0,0.01,0.0,100.0,100.0,0.0,0.0,0.0,100.0,0.0,1.0,100.0,1.0,3.85
2023-09-19,2300.0,8855.0,0.08,2.55,0.08,0.01,0.0,8855.0,2300.0,2300.0,8855.0,0.0,0.0,0.0,0.0,0.0,0.0,0.0,200.0,0.0,0.0,0.0,0.0,0.0,200.0,0.01,0.0,100.0,100.0,0.0,0.0,0.0,100.0,0.0,1.0,100.0,1.0,3.85
2023-09-20,2300.0,8855.0,0.08,2.57,0.08,0.01,0.0,8855.0,2300.0,2300.0,8855.0,0.0,0.0,0.0,0.0,0.0,0.0,0.0,0.0,0.0,0.0,0.0,0.0,0.0,0.0,0.01,0.0,100.0,100.0,0.0,0.0,0.0,100.0,0.0,1.0,100.0,1.0,3.85
2023-09-21,2300.0,8855.0,0.08,3.08,0.08,0.01,0.0,8855.0,2300.0,2300.0,8855.0,0.0,0.0,0.0,0.0,0.0,0.0,0.0,0.0,0.0,0.0,0.0,0.0,0.0,0.0,0.01,0.0,100.0,100.0,0.0,0.0,0.0,100.0,0.0,1.0,100.0,1.0,3.85
2023-09-22,2300.0,8855.0,0.08,4.3,0.08,0.01,0.0,8855.0,2300.0,2300.0,8855.0,0.0,0.0,0.0,0.0,0.0,0.0,0.0,0.0,0.0,0.0,0.0,0.0,0.0,0.0,0.01,0.0,100.0,100.0,0.0,0.0,0.0,100.0,0.0,1.0,100.0,1.0,3.85
2023-09-25,2300.0,8832.0,0.08,6.16,0.08,0.01,0.0,8832.0,2300.0,2300.0,8832.0,0.0,0.0,0.0,0.0,0.0,0.0,0.0,0.0,0.0,0.0,0.0,0.0,0.0,0.0,0.01,0.0,100.0,100.0,0.0,0.0,0.0,100.0,0.0,1.0,100.0,1.0,3.84
2023-09-26,2124.0,8028.72,0.08,5.65,0.08,0.01,0.0,8028.72,2124.0,2124.0,8028.72,0.0,0.0,0.0,0.0,0.0,0.0,0.0,176.0,0.0,0.0,0.0,0.0,0.0,176.0,0.01,0.0,100.0,100.0,0.0,0.0,0.0,100.0,0.0,1.0,100.0,1.0,3.78
2023-09-27,2124.0,8028.72,0.08,5.66,0.08,0.01,0.0,8028.72,2124.0,2124.0,8028.72,0.0,0.0,0.0,0.0,0.0,0.0,0.0,0.0,0.0,0.0,0.0,0.0,0.0,0.0,0.01,0.0,100.0,100.0,0.0,0.0,0.0,100.0,0.0,1.0,100.0,1.0,3.78
2023-09-28,2124.0,8007.48,0.08,6.87,0.08,0.01,0.0,8007.48,2124.0,2124.0,8007.48,0.0,0.0,0.0,0.0,0.0,0.0,0.0,0.0,0.0,0.0,0.0,0.0,0.0,0.0,0.01,0.0,100.0,100.0,0.0,0.0,0.0,100.0,0.0,1.0,100.0,1.0,3.77
2023-09-29,2124.0,7816.32,0.08,5.51,0.08,0.01,0.0,7816.32,700.0,2124.0,2576.0,0.0,0.0,0.0,0.0,0.0,0.01,0.0,1424.0,0.0,0.0,0.0,0.0,0.0,0.0,0.0,0.0,100.0,100.0,0.0,0.0,0.0,100.0,0.0,1.0,100.0,3.0343,3.68
2023-10-02,2124.0,7561.44,0.08,4.94,0.08,0.01,0.0,7561.44,2124.0,2124.0,7561.44,0.0,1424.0,0.0,0.0,0.0,0.0,0.0,0.0,0.0,0.0,1424.0,0.0,0.0,0.0,0.01,0.0,100.0,100.0,0.0,0.0,0.0,100.0,0.0,1.0,100.0,1.0,3.56
2023-10-03,2124.0,7646.4,0.08,4.71,0.08,0.01,0.0,7646.4,2124.0,2124.0,7646.4,0.0,0.0,0.0,0.0,0.0,0.0,0.0,0.0,0.0,0.0,0.0,0.0,0.0,0.0,0.01,0.0,100.0,100.0,0.0,0.0,0.0,100.0,0.0,1.0,100.0,1.0,3.6
2023-10-04,2124.0,7497.72,0.08,4.78,0.08,0.01,0.0,7497.72,1300.0,2124.0,4589.0,0.0,0.0,0.0,0.0,0.0,0.01,0.0,824.0,0.0,0.0,0.0,0.0,0.0,0.0,0.0,0.0,100.0,100.0,0.0,0.0,0.0,100.0,0.0,1.0,100.0,1.6338,3.53
2023-10-05,2124.0,7434.0,0.08,4.47,0.08,0.01,0.0,7434.0,2124.0,2124.0,7434.0,0.0,824.0,0.0,0.0,0.0,0.0,0.0,0.0,0.0,0.0,824.0,0.0,0.0,0.0,0.01,0.0,100.0,100.0,0.0,0.0,0.0,100.0,0.0,1.0,100.0,1.0,3.5
2023-10-06,2124.0,7391.52,0.08,4.49,0.08,0.01,0.0,7391.52,2124.0,2124.0,7391.52,0.0,0.0,0.0,0.0,0.0,0.0,0.0,0.0,0.0,0.0,0.0,0.0,0.0,0.0,0.01,0.0,100.0,100.0,0.0,0.0,0.0,100.0,0.0,1.0,100.0,1.0,3.48
2023-10-09,2124.0,7370.28,0.08,3.71,0.08,0.01,0.0,7370.28,2124.0,2124.0,7370.28,0.0,0.0,0.0,0.0,0.0,0.0,0.0,0.0,0.0,0.0,0.0,0.0,0.0,0.0,0.01,0.0,100.0,100.0,0.0,0.0,0.0,100.0,0.0,1.0,100.0,1.0,3.47
2023-10-10,600.0,2088.0,0.02,1.05,0.02,0.0,0.0,2088.0,600.0,600.0,2088.0,0.0,0.0,0.0,0.0,0.0,0.01,0.0,1524.0,0.0,0.0,0.0,0.0,0.0,1524.0,0.0,0.01,100.0,100.0,0.0,0.0,0.0,100.0,0.0,1.0,100.0,1.0,3.48
2023-10-11,2200.0,7634.0,0.08,3.81,0.08,0.01,0.0,7634.0,2200.0,2200.0,7634.0,0.0,1600.0,0.01,0.0,0.0,0.0,1600.0,0.0,0.0,0.01,1600.0,0.0,0.0,0.0,0.01,0.0,100.0,100.0,0.0,0.0,0.0,100.0,0.0,1.0,100.0,1.0,3.47
2023-10-12,1800.0,6264.0,0.06,3.1,0.06,0.01,0.0,6264.0,1800.0,1800.0,6264.0,0.0,0.0,0.0,0.0,0.0,0.0,0.0,400.0,0.0,0.0,0.0,0.0,0.0,400.0,0.01,0.0,100.0,100.0,0.0,0.0,0.0,100.0,0.0,1.0,100.0,1.0,3.48
2023-10-13,1800.0,6246.0,0.06,3.73,0.06,0.01,0.0,6246.0,1800.0,1800.0,6246.0,0.0,0.0,0.0,0.0,0.0,0.0,0.0,0.0,0.0,0.0,0.0,0.0,0.0,0.0,0.01,0.0,100.0,100.0,0.0,0.0,0.0,100.0,0.0,1.0,100.0,1.0,3.47
2023-10-16,1800.0,6264.0,0.06,4.06,0.06,0.01,0.0,6264.0,1800.0,1800.0,6264.0,0.0,0.0,0.0,0.0,0.0,0.0,0.0,0.0,0.0,0.0,0.0,0.0,0.0,0.0,0.01,0.0,100.0,100.0,0.0,0.0,0.0,100.0,0.0,1.0,100.0,1.0,3.48
2023-10-17,1800.0,6264.0,0.06,4.06,0.06,0.01,0.0,6264.0,1800.0,1800.0,6264.0,0.0,0.0,0.0,0.0,0.0,0.0,0.0,0.0,0.0,0.0,0.0,0.0,0.0,0.0,0.01,0.0,100.0,100.0,0.0,0.0,0.0,100.0,0.0,1.0,100.0,1.0,3.48
2023-10-18,1800.0,6138.0,0.06,4.11,0.06,0.01,0.0,6138.0,1800.0,1800.0,6138.0,0.0,0.0,0.0,0.0,0.0,0.0,0.0,0.0,0.0,0.0,0.0,0.0,0.0,0.0,0.01,0.0,100.0,100.0,0.0,0.0,0.0,100.0,0.0,1.0,100.0,1.0,3.41
2023-10-19,2200.0,7612.0,0.08,5.29,0.08,0.01,0.0,7612.0,2200.0,2200.0,7612.0,0.0,400.0,0.0,0.0,0.0,0.0,400.0,0.0,0.0,0.0,400.0,0.0,0.0,0.0,0.01,0.0,100.0,100.0,0.0,0.0,0.0,100.0,0.0,1.0,100.0,1.0,3.46
2023-10-20,2200.0,7458.0,0.08,5.31,0.08,0.01,0.0,7458.0,2200.0,2200.0,7458.0,0.0,0.0,0.0,0.0,0.0,0.0,0.0,0.0,0.0,0.0,0.0,0.0,0.0,0.0,0.01,0.0,100.0,100.0,0.0,0.0,0.0,100.0,0.0,1.0,100.0,1.0,3.39
2023-10-23,2200.0,7458.0,0.08,5.26,0.08,0.01,0.0,7458.0,2200.0,2200.0,7458.0,0.0,0.0,0.0,0.0,0.0,0.0,0.0,0.0,0.0,0.0,0.0,0.0,0.0,0.0,0.01,0.0,100.0,100.0,0.0,0.0,0.0,100.0,0.0,1.0,100.0,1.0,3.39
2023-10-24,2200.0,7458.0,0.08,5.59,0.08,0.01,0.0,7458.0,2200.0,2200.0,7458.0,0.0,0.0,0.0,0.0,0.0,0.0,0.0,0.0,0.0,0.0,0.0,0.0,0.0,0.0,0.01,0.0,100.0,100.0,0.0,0.0,0.0,100.0,0.0,1.0,100.0,1.0,3.39
2023-10-25,2200.0,7744.0,0.08,5.59,0.08,0.01,0.0,7744.0,2200.0,2200.0,7744.0,0.0,0.0,0.0,0.0,0.0,0.0,0.0,0.0,0.0,0.0,0.0,0.0,0.0,0.0,0.01,0.0,100.0,100.0,0.0,0.0,0.0,100.0,0.0,1.0,100.0,1.0,3.52
2023-10-26,2200.0,8140.0,0.08,4.81,0.08,0.01,0.0,8140.0,2200.0,2200.0,8140.0,0.0,0.0,0.0,0.0,0.0,0.0,0.0,0.0,0.0,0.0,0.0,0.0,0.0,0.0,0.01,0.0,100.0,100.0,0.0,0.0,0.0,100.0,0.0,1.0,100.0,1.0,3.7
2023-10-27,2200.0,8536.0,0.08,4.38,0.08,0.01,0.0,8536.0,2200.0,2200.0,8536.0,0.0,0.0,0.0,0.0,0.0,0.0,0.0,0.0,0.0,0.0,0.0,0.0,0.0,0.0,0.01,0.0,100.0,100.0,0.0,0.0,0.0,100.0,0.0,1.0,100.0,1.0,3.88
2023-10-30,2200.0,8624.0,0.08,4.37,0.08,0.01,0.0,8624.0,2200.0,2200.0,8624.0,0.0,0.0,0.0,0.0,0.0,0.0,0.0,0.0,0.0,0.0,0.0,0.0,0.0,0.0,0.01,0.0,100.0,100.0,0.0,0.0,0.0,100.0,0.0,1.0,100.0,1.0,3.92
2023-10-31,2200.0,8624.0,0.08,4.19,0.08,0.01,0.0,8624.0,2200.0,2200.0,8624.0,0.0,0.0,0.0,0.0,0.0,0.0,0.0,0.0,0.0,0.0,0.0,0.0,0.0,0.0,0.01,0.0,100.0,100.0,0.0,0.0,0.0,100.0,0.0,1.0,100.0,1.0,3.92
2023-11-01,2200.0,8624.0,0.08,4.14,0.08,0.01,0.0,8624.0,2200.0,2200.0,8624.0,0.0,0.0,0.0,0.0,0.0,0.0,0.0,0.0,0.0,0.0,0.0,0.0,0.0,0.0,0.01,0.0,100.0,100.0,0.0,0.0,0.0,100.0,0.0,1.0,100.0,1.0,3.92
2023-11-02,2200.0,8470.0,0.08,4.21,0.08,0.01,0.0,8470.0,2200.0,2200.0,8470.0,0.0,0.0,0.0,0.0,0.0,0.0,0.0,0.0,0.0,0.0,0.0,0.0,0.0,0.0,0.01,0.0,100.0,100.0,0.0,0.0,0.0,100.0,0.0,1.0,100.0,1.0,3.85
2023-11-03,2200.0,8448.0,0.08,4.12,0.08,0.01,0.0,8448.0,2200.0,2200.0,8448.0,0.0,0.0,0.0,0.0,0.0,0.0,0.0,0.0,0.0,0.0,0.0,0.0,0.0,0.0,0.01,0.0,100.0,100.0,0.0,0.0,0.0,100.0,0.0,1.0,100.0,1.0,3.84
2023-11-06,2200.0,8470.0,0.08,4.13,0.08,0.01,0.0,8470.0,2200.0,2200.0,8470.0,0.0,0.0,0.0,0.0,0.0,0.0,0.0,0.0,0.0,0.0,0.0,0.0,0.0,0.0,0.01,0.0,100.0,100.0,0.0,0.0,0.0,100.0,0.0,1.0,100.0,1.0,3.85
2023-11-07,2200.0,8470.0,0.08,4.13,0.08,0.01,0.0,8470.0,2200.0,2200.0,8470.0,0.0,0.0,0.0,0.0,0.0,0.0,0.0,0.0,0.0,0.0,0.0,0.0,0.0,0.0,0.01,0.0,100.0,100.0,0.0,0.0,0.0,100.0,0.0,1.0,100.0,1.0,3.85
2023-11-08,2200.0,8140.0,0.08,4.16,0.08,0.01,0.0,8140.0,2200.0,2200.0,8140.0,0.0,0.0,0.0,0.0,0.0,0.0,0.0,0.0,0.0,0.0,0.0,0.0,0.0,0.0,0.01,0.0,100.0,100.0,0.0,0.0,0.0,100.0,0.0,1.0,100.0,1.0,3.7
2023-11-09,2200.0,7920.0,0.08,4.25,0.08,0.01,0.0,7920.0,2200.0,2200.0,7920.0,0.0,0.0,0.0,0.0,0.0,0.0,0.0,0.0,0.0,0.0,0.0,0.0,0.0,0.0,0.01,0.0,100.0,100.0,0.0,0.0,0.0,100.0,0.0,1.0,100.0,1.0,3.6
2023-11-10,2200.0,8360.0,0.08,4.57,0.08,0.01,0.0,8360.0,2200.0,2200.0,8360.0,0.0,0.0,0.0,0.0,0.0,0.0,0.0,0.0,0.0,0.0,0.0,0.0,0.0,0.0,0.01,0.0,100.0,100.0,0.0,0.0,0.0,100.0,0.0,1.0,100.0,1.0,3.8
2023-11-13,2200.0,7700.0,0.08,4.52,0.08,0.01,0.0,7700.0,2200.0,2200.0,7700.0,0.0,0.0,0.0,0.0,0.0,0.0,0.0,0.0,0.0,0.0,0.0,0.0,0.0,0.0,0.01,0.0,100.0,100.0,0.0,0.0,0.0,100.0,0.0,1.0,100.0,1.0,3.5
2023-11-14,2200.0,7920.0,0.08,4.64,0.08,0.01,0.0,7920.0,2200.0,2200.0,7920.0,0.0,0.0,0.0,0.0,0.0,0.0,0.0,0.0,0.0,0.0,0.0,0.0,0.0,0.0,0.01,0.0,100.0,100.0,0.0,0.0,0.0,100.0,0.0,1.0,100.0,1.0,3.6
2023-11-15,2200.0,7920.0,0.08,4.66,0.08,0.01,0.0,7920.0,2200.0,2200.0,7920.0,0.0,0.0,0.0,0.0,0.0,0.0,0.0,0.0,0.0,0.0,0.0,0.0,0.0,0.0,0.01,0.0,100.0,100.0,0.0,0.0,0.0,100.0,0.0,1.0,100.0,1.0,3.6
2023-11-16,2400.0,8880.0,0.09,5.33,0.09,0.01,0.0,8880.0,2400.0,2400.0,8880.0,0.0,200.0,0.0,0.0,0.0,0.0,200.0,0.0,0.0,0.0,200.0,0.0,0.0,0.0,0.01,0.0,100.0,100.0,0.0,0.0,0.0,100.0,0.0,1.0,100.0,1.0,3.7
2023-11-17,2400.0,8760.0,0.09,5.34,0.09,0.01,0.0,8760.0,2400.0,2400.0,8760.0,0.0,0.0,0.0,0.0,0.0,0.0,0.0,0.0,0.0,0.0,0.0,0.0,0.0,0.0,0.01,0.0,100.0,100.0,0.0,0.0,0.0,100.0,0.0,1.0,100.0,1.0,3.65
2023-11-20,2400.0,8880.0,0.09,6.14,0.09,0.01,0.0,8880.0,2400.0,2400.0,8880.0,0.0,0.0,0.0,0.0,0.0,0.0,0.0,0.0,0.0,0.0,0.0,0.0,0.0,0.0,0.01,0.0,100.0,100.0,0.0,0.0,0.0,100.0,0.0,1.0,100.0,1.0,3.7
2023-11-21,2400.0,9504.0,0.09,5.58,0.09,0.01,0.0,9504.0,2400.0,2400.0,9504.0,0.0,0.0,0.0,0.0,0.0,0.0,0.0,0.0,0.0,0.0,0.0,0.0,0.0,0.0,0.01,0.0,100.0,100.0,0.0,0.0,0.0,100.0,0.0,1.0,100.0,1.0,3.96
2023-11-22,2400.0,9504.0,0.09,4.62,0.09,0.01,0.0,9504.0,2400.0,2400.0,9504.0,0.0,0.0,0.0,0.0,0.0,0.0,0.0,0.0,0.0,0.0,0.0,0.0,0.0,0.0,0.01,0.0,100.0,100.0,0.0,0.0,0.0,100.0,0.0,1.0,100.0,1.0,3.96
2023-11-23,2400.0,9696.0,0.09,4.68,0.09,0.01,0.0,9696.0,2400.0,2400.0,9696.0,0.0,0.0,0.0,0.0,0.0,0.0,0.0,0.0,0.0,0.0,0.0,0.0,0.0,0.0,0.01,0.0,100.0,100.0,0.0,0.0,0.0,100.0,0.0,1.0,100.0,1.0,4.04
2023-11-24,2400.0,10608.0,0.09,4.38,0.09,0.01,0.0,10608.0,2400.0,2400.0,10608.0,0.0,0.0,0.0,0.0,0.0,0.0,0.0,0.0,0.0,0.0,0.0,0.0,0.0,0.0,0.01,0.0,100.0,100.0,0.0,0.0,0.0,100.0,0.0,1.0,100.0,1.0,4.42
2023-11-27,2400.0,11184.0,0.09,3.79,0.09,0.01,0.0,11184.0,2400.0,2400.0,11184.0,0.0,0.0,0.0,0.0,0.0,0.0,0.0,0.0,0.0,0.0,0.0,0.0,0.0,0.0,0.01,0.0,100.0,100.0,0.0,0.0,0.0,100.0,0.0,1.0,100.0,1.0,4.66
2023-11-28,2400.0,11400.0,0.09,3.49,0.09,0.01,0.0,11400.0,2400.0,2400.0,11400.0,0.0,0.0,0.0,0.0,0.0,0.0,0.0,0.0,0.0,0.0,0.0,0.0,0.0,0.0,0.01,0.0,100.0,100.0,0.0,0.0,0.0,100.0,0.0,1.0,100.0,1.0,4.75
2023-11-29,2400.0,11376.0,0.09,3.28,0.09,0.01,0.0,11376.0,2400.0,2400.0,11376.0,0.0,0.0,0.0,0.0,0.0,0.0,0.0,0.0,0.0,0.0,0.0,0.0,0.0,0.0,0.01,0.0,100.0,100.0,0.0,0.0,0.0,100.0,0.0,1.0,100.0,1.0,4.74
2023-11-30,2400.0,11328.0,0.09,3.32,0.09,0.01,0.0,11328.0,2400.0,2400.0,11328.0,0.0,0.0,0.0,0.0,0.0,0.0,0.0,0.0,0.0,0.0,0.0,0.0,0.0,0.0,0.01,0.0,100.0,100.0,0.0,0.0,0.0,100.0,0.0,1.0,100.0,1.0,4.72
2023-12-01,2300.0,11155.0,0.08,3.1,0.08,0.01,0.0,11155.0,2300.0,2300.0,11155.0,0.0,0.0,0.0,0.0,0.0,0.0,0.0,100.0,0.0,0.0,0.0,0.0,0.0,100.0,0.01,0.0,100.0,95.83,0.0,0.0,0.0,100.0,0.0,1.0,100.0,0.9583,4.85
2023-12-04,2300.0,11086.0,0.08,2.98,0.08,0.01,0.0,11086.0,2300.0,2300.0,11086.0,0.0,0.0,0.0,0.0,0.0,0.0,0.0,0.0,0.0,0.0,0.0,0.0,0.0,0.0,0.01,0.0,100.0,100.0,0.0,0.0,0.0,100.0,0.0,1.0,100.0,1.0,4.82
2023-12-05,2300.0,10902.0,0.08,3.01,0.08,0.01,0.0,10902.0,2300.0,2300.0,10902.0,0.0,0.0,0.0,0.0,0.0,0.0,0.0,0.0,0.0,0.0,0.0,0.0,0.0,0.0,0.01,0.0,100.0,100.0,0.0,0.0,0.0,100.0,0.0,1.0,100.0,1.0,4.74
2023-12-06,2100.0,10290.0,0.08,2.74,0.08,0.01,0.0,10290.0,2100.0,2100.0,10290.0,0.0,0.0,0.0,0.0,0.0,0.0,0.0,200.0,0.0,0.0,0.0,0.0,0.0,200.0,0.01,0.0,100.0,91.3,0.0,0.0,0.0,100.0,0.0,1.0,100.0,0.913,4.9
2023-12-07,2100.0,10374.0,0.08,2.98,0.08,0.01,0.0,10374.0,2100.0,2100.0,10374.0,0.0,0.0,0.0,0.0,0.0,0.0,0.0,0.0,0.0,0.0,0.0,0.0,0.0,0.0,0.01,0.0,100.0,100.0,0.0,0.0,0.0,100.0,0.0,1.0,100.0,1.0,4.94
2023-12-08,1700.0,8330.0,0.06,2.57,0.06,0.01,0.0,8330.0,1700.0,1700.0,8330.0,0.0,0.0,0.0,0.0,0.0,0.0,0.0,400.0,0.0,0.0,0.0,0.0,0.0,400.0,0.01,0.0,100.0,80.95,0.0,0.0,0.0,100.0,0.0,1.0,100.0,0.8095,4.9
2023-12-11,1700.0,7854.0,0.06,2.5,0.06,0.01,0.0,7854.0,1700.0,1700.0,7854.0,0.0,0.0,0.0,0.0,0.0,0.0,0.0,0.0,0.0,0.0,0.0,0.0,0.0,0.0,0.01,0.0,100.0,100.0,0.0,0.0,0.0,100.0,0.0,1.0,100.0,1.0,4.62
2023-12-12,1700.0,8024.0,0.06,2.49,0.06,0.01,0.0,8024.0,1700.0,1700.0,8024.0,0.0,0.0,0.0,0.0,0.0,0.0,0.0,0.0,0.0,0.0,0.0,0.0,0.0,0.0,0.01,0.0,100.0,100.0,0.0,0.0,0.0,100.0,0.0,1.0,100.0,1.0,4.72
2023-12-13,1700.0,7820.0,0.06,2.5,0.06,0.01,0.0,7820.0,1700.0,1700.0,7820.0,0.0,0.0,0.0,0.0,0.0,0.0,0.0,0.0,0.0,0.0,0.0,0.0,0.0,0.0,0.01,0.0,100.0,100.0,0.0,0.0,0.0,100.0,0.0,1.0,100.0,1.0,4.6
2023-12-14,1700.0,7956.0,0.06,2.48,0.06,0.01,0.0,7956.0,1700.0,1700.0,7956.0,0.0,0.0,0.0,0.0,0.0,0.0,0.0,0.0,0.0,0.0,0.0,0.0,0.0,0.0,0.01,0.0,100.0,100.0,0.0,0.0,0.0,100.0,0.0,1.0,100.0,1.0,4.68
2023-12-15,1700.0,8109.0,0.06,2.4,0.06,0.01,0.0,8109.0,1700.0,1700.0,8109.0,0.0,0.0,0.0,0.0,0.0,0.0,0.0,0.0,0.0,0.0,0.0,0.0,0.0,0.0,0.01,0.0,100.0,100.0,0.0,0.0,0.0,100.0,0.0,1.0,100.0,1.0,4.77
2023-12-18,1700.0,7038.0,0.06,2.39,0.06,0.01,0.0,7038.0,1700.0,1700.0,7038.0,0.0,0.0,0.0,0.0,0.0,0.0,0.0,0.0,0.0,0.0,0.0,0.0,0.0,0.0,0.01,0.0,100.0,100.0,0.0,0.0,0.0,100.0,0.0,1.0,100.0,1.0,4.14
2023-12-19,1700.0,7225.0,0.06,2.21,0.06,0.01,0.0,7225.0,1700.0,1700.0,7225.0,0.0,0.0,0.0,0.0,0.0,0.0,0.0,0.0,0.0,0.0,0.0,0.0,0.0,0.0,0.01,0.0,100.0,100.0,0.0,0.0,0.0,100.0,0.0,1.0,100.0,1.0,4.25
2023-12-20,1700.0,7225.0,0.06,2.08,0.06,0.01,0.0,7225.0,1700.0,1700.0,7225.0,0.0,0.0,0.0,0.0,0.0,0.0,0.0,0.0,0.0,0.0,0.0,0.0,0.0,0.0,0.01,0.0,100.0,100.0,0.0,0.0,0.0,100.0,0.0,1.0,100.0,1.0,4.25
2023-12-21,2100.0,8925.0,0.08,2.58,0.08,0.01,0.0,8925.0,2100.0,2100.0,8925.0,0.0,400.0,0.0,0.0,0.0,0.0,400.0,0.0,0.0,0.0,400.0,0.0,0.0,0.0,0.01,0.0,100.0,100.0,0.0,0.0,0.0,100.0,0.0,1.0,100.0,1.0,4.25
2023-12-22,2100.0,9198.0,0.08,2.65,0.08,0.01,0.0,9198.0,2100.0,2100.0,9198.0,0.0,0.0,0.0,0.0,0.0,0.0,0.0,0.0,0.0,0.0,0.0,0.0,0.0,0.0,0.01,0.0,100.0,100.0,0.0,0.0,0.0,100.0,0.0,1.0,100.0,1.0,4.38
2023-12-25,2100.0,9198.0,0.08,2.8,0.08,0.01,0.0,9198.0,2100.0,2100.0,9198.0,0.0,0.0,0.0,0.0,0.0,0.0,0.0,0.0,0.0,0.0,0.0,0.0,0.0,0.0,0.01,0.0,100.0,100.0,0.0,0.0,0.0,100.0,0.0,1.0,100.0,1.0,0.0
2023-12-26,2100.0,9198.0,0.08,2.8,0.08,0.01,0.0,9198.0,2100.0,2100.0,9198.0,0.0,0.0,0.0,0.0,0.0,0.0,0.0,0.0,0.0,0.0,0.0,0.0,0.0,0.0,0.01,0.0,100.0,100.0,0.0,0.0,0.0,100.0,0.0,1.0,100.0,1.0,0.0
2023-12-27,2100.0,9240.0,0.08,2.8,0.08,0.01,0.0,9240.0,2100.0,2100.0,9240.0,0.0,0.0,0.0,0.0,0.0,0.0,0.0,0.0,0.0,0.0,0.0,0.0,0.0,0.0,0.01,0.0,100.0,100.0,0.0,0.0,0.0,100.0,0.0,1.0,100.0,1.0,4.4
2023-12-28,2100.0,9219.0,0.08,2.82,0.08,0.01,0.0,9219.0,2100.0,2100.0,9219.0,0.0,0.0,0.0,0.0,0.0,0.0,0.0,0.0,0.0,0.0,0.0,0.0,0.0,0.0,0.01,0.0,100.0,100.0,0.0,0.0,0.0,100.0,0.0,1.0,100.0,1.0,4.39
2023-12-29,2100.0,9324.0,0.08,2.82,0.08,0.01,0.0,9324.0,2100.0,2100.0,9324.0,0.0,0.0,0.0,0.0,0.0,0.0,0.0,0.0,0.0,0.0,0.0,0.0,0.0,0.0,0.01,0.0,100.0,100.0,0.0,0.0,0.0,100.0,0.0,1.0,100.0,1.0,4.44
2024-01-01,2100.0,9324.0,0.08,2.91,0.08,0.01,0.0,9324.0,2100.0,2100.0,9324.0,0.0,0.0,0.0,0.0,0.0,0.0,0.0,0.0,0.0,0.0,0.0,0.0,0.0,0.0,0.01,0.0,100.0,100.0,0.0,0.0,0.0,100.0,0.0,1.0,100.0,1.0,0.0
2024-01-02,2100.0,9429.0,0.08,2.91,0.08,0.01,0.0,9429.0,2100.0,2100.0,9429.0,0.0,0.0,0.0,0.0,0.0,0.0,0.0,0.0,0.0,0.0,0.0,0.0,0.0,0.0,0.01,0.0,100.0,100.0,0.0,0.0,0.0,100.0,0.0,1.0,100.0,1.0,4.49
2024-01-03,2100.0,9240.0,0.08,2.81,0.08,0.01,0.0,9240.0,2100.0,2100.0,9240.0,0.0,0.0,0.0,0.0,0.0,0.0,0.0,0.0,0.0,0.0,0.0,0.0,0.0,0.0,0.01,0.0,100.0,100.0,0.0,0.0,0.0,100.0,0.0,1.0,100.0,1.0,4.4
2024-01-04,2100.0,9387.0,0.08,2.99,0.08,0.01,0.0,9387.0,2100.0,2100.0,9387.0,0.0,0.0,0.0,0.0,0.0,0.0,0.0,0.0,0.0,0.0,0.0,0.0,0.0,0.0,0.01,0.0,100.0,100.0,0.0,0.0,0.0,100.0,0.0,1.0,100.0,1.0,4.47
2024-01-05,2200.0,9900.0,0.08,3.24,0.08,0.01,0.0,9900.0,2200.0,2200.0,9900.0,0.0,100.0,0.0,0.0,0.0,0.0,100.0,0.0,0.0,0.0,100.0,0.0,0.0,0.0,0.01,0.0,100.0,100.0,0.0,0.0,0.0,100.0,0.0,1.0,100.0,1.0,4.5
2024-01-08,2200.0,9900.0,0.08,3.6,0.08,0.01,0.0,9900.0,2200.0,2200.0,9900.0,0.0,0.0,0.0,0.0,0.0,0.0,0.0,0.0,0.0,0.0,0.0,0.0,0.0,0.0,0.01,0.0,100.0,100.0,0.0,0.0,0.0,100.0,0.0,1.0,100.0,1.0,4.5
2024-01-09,2200.0,9900.0,0.08,3.6,0.08,0.01,0.0,9900.0,2200.0,2200.0,9900.0,0.0,0.0,0.0,0.0,0.0,0.0,0.0,0.0,0.0,0.0,0.0,0.0,0.0,0.0,0.01,0.0,100.0,100.0,0.0,0.0,0.0,100.0,0.0,1.0,100.0,1.0,4.5
2024-01-10,2200.0,9878.0,0.08,3.65,0.08,0.01,0.0,9878.0,2200.0,2200.0,9878.0,0.0,0.0,0.0,0.0,0.0,0.0,0.0,0.0,0.0,0.0,0.0,0.0,0.0,0.0,0.01,0.0,100.0,100.0,0.0,0.0,0.0,100.0,0.0,1.0,100.0,1.0,4.49
2024-01-11,2200.0,9878.0,0.08,4.15,0.08,0.01,0.0,9878.0,2200.0,2200.0,9878.0,0.0,0.0,0.0,0.0,0.0,0.0,0.0,0.0,0.0,0.0,0.0,0.0,0.0,0.0,0.01,0.0,100.0,100.0,0.0,0.0,0.0,100.0,0.0,1.0,100.0,1.0,4.49
2024-01-12,2200.0,9878.0,0.08,4.22,0.08,0.01,0.0,9878.0,2200.0,2200.0,9878.0,0.0,0.0,0.0,0.0,0.0,0.0,0.0,0.0,0.0,0.0,0.0,0.0,0.0,0.0,0.01,0.0,100.0,100.0,0.0,0.0,0.0,100.0,0.0,1.0,100.0,1.0,4.49
2024-01-15,2200.0,9900.0,0.08,4.56,0.08,0.01,0.0,9900.0,2200.0,2200.0,9900.0,0.0,0.0,0.0,0.0,0.0,0.0,0.0,0.0,0.0,0.0,0.0,0.0,0.0,0.0,0.01,0.0,100.0,100.0,0.0,0.0,0.0,100.0,0.0,1.0,100.0,1.0,4.5
2024-01-16,1800.0,8100.0,0.06,3.22,0.06,0.01,0.0,8100.0,1800.0,1800.0,8100.0,0.0,0.0,0.0,0.0,0.0,0.0,0.0,400.0,0.0,0.0,0.0,0.0,0.0,400.0,0.01,0.0,100.0,100.0,0.0,0.0,0.0,100.0,0.0,1.0,100.0,1.0,4.5
2024-01-17,1900.0,8531.0,0.07,3.51,0.07,0.01,0.0,8531.0,1900.0,1900.0,8531.0,0.0,100.0,0.0,0.0,0.0,0.0,100.0,0.0,0.0,0.0,100.0,0.0,0.0,0.0,0.01,0.0,100.0,100.0,0.0,0.0,0.0,100.0,0.0,1.0,100.0,1.0,4.49
2024-01-18,1900.0,8379.0,0.07,3.73,0.07,0.01,0.0,8379.0,1900.0,1900.0,8379.0,0.0,0.0,0.0,0.0,0.0,0.0,0.0,0.0,0.0,0.0,0.0,0.0,0.0,0.0,0.01,0.0,100.0,100.0,0.0,0.0,0.0,100.0,0.0,1.0,100.0,1.0,4.41
2024-01-19,1900.0,8379.0,0.07,3.53,0.07,0.01,0.0,8379.0,1900.0,1900.0,8379.0,0.0,0.0,0.0,0.0,0.0,0.0,0.0,0.0,0.0,0.0,0.0,0.0,0.0,0.0,0.01,0.0,100.0,100.0,0.0,0.0,0.0,100.0,0.0,1.0,100.0,1.0,4.41
2024-01-22,1900.0,8379.0,0.07,3.55,0.07,0.01,0.0,8379.0,1900.0,1900.0,8379.0,0.0,0.0,0.0,0.0,0.0,0.0,0.0,0.0,0.0,0.0,0.0,0.0,0.0,0.0,0.01,0.0,100.0,100.0,0.0,0.0,0.0,100.0,0.0,1.0,100.0,1.0,4.41
2024-01-23,1900.0,8474.0,0.07,3.15,0.07,0.01,0.0,8474.0,1900.0,1900.0,8474.0,0.0,0.0,0.0,0.0,0.0,0.0,0.0,0.0,0.0,0.0,0.0,0.0,0.0,0.0,0.01,0.0,100.0,100.0,0.0,0.0,0.0,100.0,0.0,1.0,100.0,1.0,4.46
2024-01-24,1900.0,9234.0,0.07,2.98,0.07,0.01,0.0,9234.0,1900.0,1900.0,9234.0,0.0,0.0,0.0,0.0,0.0,0.0,0.0,0.0,0.0,0.0,0.0,0.0,0.0,0.0,0.01,0.0,100.0,100.0,0.0,0.0,0.0,100.0,0.0,1.0,100.0,1.0,4.86
2024-01-25,1900.0,9234.0,0.07,2.58,0.07,0.01,0.0,9234.0,1900.0,1900.0,9234.0,0.0,0.0,0.0,0.0,0.0,0.0,0.0,0.0,0.0,0.0,0.0,0.0,0.0,0.0,0.01,0.0,100.0,100.0,0.0,0.0,0.0,100.0,0.0,1.0,100.0,1.0,4.86
2024-01-26,1900.0,9196.0,0.07,2.7,0.07,0.01,0.0,9196.0,1900.0,1900.0,9196.0,0.0,0.0,0.0,0.0,0.0,0.0,0.0,0.0,0.0,0.0,0.0,0.0,0.0,0.0,0.01,0.0,100.0,100.0,0.0,0.0,0.0,100.0,0.0,1.0,100.0,1.0,4.84
2024-01-29,1900.0,9576.0,0.07,2.57,0.07,0.01,0.0,9576.0,1900.0,1900.0,9576.0,0.0,0.0,0.0,0.0,0.0,0.0,0.0,0.0,0.0,0.0,0.0,0.0,0.0,0.0,0.01,0.0,100.0,100.0,0.0,0.0,0.0,100.0,0.0,1.0,100.0,1.0,5.04
2024-01-30,1900.0,9652.0,0.07,2.12,0.07,0.01,0.0,9652.0,1900.0,1900.0,9652.0,0.0,0.0,0.0,0.0,0.0,0.0,0.0,0.0,0.0,0.0,0.0,0.0,0.0,0.0,0.01,0.0,100.0,100.0,0.0,0.0,0.0,100.0,0.0,1.0,100.0,1.0,5.08
2024-01-31,1900.0,9405.0,0.07,2.2,0.07,0.01,0.0,9405.0,1900.0,1900.0,9405.0,0.0,0.0,0.0,0.0,0.0,0.0,0.0,0.0,0.0,0.0,0.0,0.0,0.0,0.0,0.01,0.0,100.0,100.0,0.0,0.0,0.0,100.0,0.0,1.0,100.0,1.0,4.95
2024-02-01,1900.0,9538.0,0.07,2.12,0.07,0.01,0.0,9538.0,1900.0,1900.0,9538.0,0.0,0.0,0.0,0.0,0.0,0.0,0.0,0.0,0.0,0.0,0.0,0.0,0.0,0.0,0.01,0.0,100.0,100.0,0.0,0.0,0.0,100.0,0.0,1.0,100.0,1.0,5.02
2024-02-02,1900.0,9576.0,0.07,2.06,0.07,0.01,0.0,9576.0,1900.0,1900.0,9576.0,0.0,0.0,0.0,0.0,0.0,0.0,0.0,0.0,0.0,0.0,0.0,0.0,0.0,0.0,0.01,0.0,100.0,100.0,0.0,0.0,0.0,100.0,0.0,1.0,100.0,1.0,5.04
2024-02-05,1900.0,8816.0,0.07,2.15,0.07,0.01,0.0,8816.0,1900.0,1900.0,8816.0,0.0,0.0,0.0,0.0,0.0,0.0,0.0,0.0,0.0,0.0,0.0,0.0,0.0,0.0,0.01,0.0,100.0,100.0,0.0,0.0,0.0,100.0,0.0,1.0,100.0,1.0,4.64
2024-02-06,1900.0,8949.0,0.07,2.0,0.07,0.01,0.0,8949.0,1900.0,1900.0,8949.0,0.0,0.0,0.0,0.0,0.0,0.0,0.0,0.0,0.0,0.0,0.0,0.0,0.0,0.0,0.01,0.0,100.0,100.0,0.0,0.0,0.0,100.0,0.0,1.0,100.0,1.0,4.71
2024-02-07,1900.0,8341.0,0.07,1.91,0.07,0.01,0.0,8341.0,1900.0,1900.0,8341.0,0.0,0.0,0.0,0.0,0.0,0.0,0.0,0.0,0.0,0.0,0.0,0.0,0.0,0.0,0.01,0.0,100.0,100.0,0.0,0.0,0.0,100.0,0.0,1.0,100.0,1.0,4.39
2024-02-08,1900.0,8683.0,0.07,1.55,0.07,0.01,0.0,8683.0,1900.0,1900.0,8683.0,0.0,0.0,0.0,0.0,0.0,0.0,0.0,0.0,0.0,0.0,0.0,0.0,0.0,0.0,0.01,0.0,100.0,100.0,0.0,0.0,0.0,100.0,0.0,1.0,100.0,1.0,4.57
2024-02-09,1900.0,8740.0,0.07,1.56,0.07,0.01,0.0,8740.0,1900.0,1900.0,8740.0,0.0,0.0,0.0,0.0,0.0,0.0,0.0,0.0,0.0,0.0,0.0,0.0,0.0,0.0,0.01,0.0,100.0,100.0,0.0,0.0,0.0,100.0,0.0,1.0,100.0,1.0,4.6
2024-02-12,1900.0,8740.0,0.07,1.43,0.07,0.01,0.0,8740.0,1900.0,1900.0,8740.0,0.0,0.0,0.0,0.0,0.0,0.0,0.0,0.0,0.0,0.0,0.0,0.0,0.0,0.0,0.01,0.0,100.0,100.0,0.0,0.0,0.0,100.0,0.0,1.0,100.0,1.0,4.6
2024-02-13,1900.0,8721.0,0.07,1.43,0.07,0.01,0.0,8721.0,1900.0,1900.0,8721.0,0.0,0.0,0.0,0.0,0.0,0.0,0.0,0.0,0.0,0.0,0.0,0.0,0.0,0.0,0.01,0.0,100.0,100.0,0.0,0.0,0.0,100.0,0.0,1.0,100.0,1.0,4.59
2024-02-14,1900.0,8208.0,0.07,1.46,0.07,0.01,0.0,8208.0,1900.0,1900.0,8208.0,0.0,0.0,0.0,0.0,0.0,0.0,0.0,0.0,0.0,0.0,0.0,0.0,0.0,0.0,0.01,0.0,100.0,100.0,0.0,0.0,0.0,100.0,0.0,1.0,100.0,1.0,4.32
2024-02-15,1700.0,8143.0,0.06,1.3,0.06,0.01,0.0,8143.0,1700.0,1700.0,8143.0,0.0,0.0,0.0,0.0,0.0,0.0,0.0,200.0,0.0,0.0,0.0,0.0,0.0,200.0,0.01,0.0,100.0,100.0,0.0,0.0,0.0,100.0,0.0,1.0,100.0,1.0,4.79
2024-02-16,1500.0,6885.0,0.05,1.01,0.05,0.01,0.0,6885.0,1500.0,1500.0,6885.0,0.0,0.0,0.0,0.0,0.0,0.0,0.0,200.0,0.0,0.0,0.0,0.0,0.0,200.0,0.01,0.0,100.0,88.24,0.0,0.0,0.0,100.0,0.0,1.0,100.0,0.8824,4.59
2024-02-19,1500.0,6900.0,0.05,0.99,0.05,0.01,0.0,6900.0,1500.0,1500.0,6900.0,0.0,0.0,0.0,0.0,0.0,0.0,0.0,0.0,0.0,0.0,0.0,0.0,0.0,0.0,0.01,0.0,100.0,88.24,0.0,0.0,0.0,100.0,0.0,1.0,100.0,0.8824,4.6
2024-02-20,1500.0,6900.0,0.05,0.99,0.05,0.01,0.0,6900.0,1500.0,1500.0,6900.0,0.0,0.0,0.0,0.0,0.0,0.0,0.0,0.0,0.0,0.0,0.0,0.0,0.0,0.0,0.01,0.0,100.0,100.0,0.0,0.0,0.0,100.0,0.0,1.0,100.0,1.0,4.6
2024-02-21,1500.0,6900.0,0.05,1.01,0.05,0.01,0.0,6900.0,1500.0,1500.0,6900.0,0.0,0.0,0.0,0.0,0.0,0.0,0.0,0.0,0.0,0.0,0.0,0.0,0.0,0.0,0.01,0.0,100.0,100.0,0.0,0.0,0.0,100.0,0.0,1.0,100.0,1.0,4.6
2024-02-22,1500.0,6750.0,0.05,1.0,0.05,0.01,0.0,6750.0,1500.0,1500.0,6750.0,0.0,0.0,0.0,0.0,0.0,0.0,0.0,0.0,0.0,0.0,0.0,0.0,0.0,0.0,0.01,0.0,100.0,100.0,0.0,0.0,0.0,100.0,0.0,1.0,100.0,1.0,4.5
2024-02-23,1500.0,6735.0,0.05,1.03,0.05,0.01,0.0,6735.0,1500.0,1500.0,6735.0,0.0,0.0,0.0,0.0,0.0,0.0,0.0,0.0,0.0,0.0,0.0,0.0,0.0,0.0,0.01,0.0,100.0,100.0,0.0,0.0,0.0,100.0,0.0,1.0,100.0,1.0,4.49
2024-02-26,1500.0,7035.0,0.05,1.03,0.05,0.01,0.0,7035.0,1500.0,1500.0,7035.0,0.0,0.0,0.0,0.0,0.0,0.0,0.0,0.0,0.0,0.0,0.0,0.0,0.0,0.0,0.01,0.0,100.0,100.0,0.0,0.0,0.0,100.0,0.0,1.0,100.0,1.0,4.69
2024-02-27,1500.0,7020.0,0.05,1.07,0.05,0.01,0.0,7020.0,1500.0,1500.0,7020.0,0.0,0.0,0.0,0.0,0.0,0.0,0.0,0.0,0.0,0.0,0.0,0.0,0.0,0.0,0.01,0.0,100.0,100.0,0.0,0.0,0.0,100.0,0.0,1.0,100.0,1.0,4.68
2024-02-28,1500.0,7440.0,0.05,0.98,0.05,0.01,0.0,7440.0,1500.0,1500.0,7440.0,0.0,0.0,0.0,0.0,0.0,0.0,0.0,0.0,0.0,0.0,0.0,0.0,0.0,0.0,0.01,0.0,100.0,100.0,0.0,0.0,0.0,100.0,0.0,1.0,100.0,1.0,4.96
2024-02-29,1500.0,7770.0,0.05,0.93,0.05,0.01,0.0,7770.0,1500.0,1500.0,7770.0,0.0,0.0,0.0,0.0,0.0,0.0,0.0,0.0,0.0,0.0,0.0,0.0,0.0,0.0,0.01,0.0,100.0,100.0,0.0,0.0,0.0,100.0,0.0,1.0,100.0,1.0,5.18
2024-03-01,1500.0,8250.0,0.05,0.91,0.05,0.01,0.0,8250.0,1500.0,1500.0,8250.0,0.0,0.0,0.0,0.0,0.0,0.0,0.0,0.0,0.0,0.0,0.0,0.0,0.0,0.0,0.01,0.0,100.0,100.0,0.0,0.0,0.0,100.0,0.0,1.0,100.0,1.0,5.5
2024-03-04,1500.0,7800.0,0.05,0.84,0.05,0.01,0.0,7800.0,1500.0,1500.0,7800.0,0.0,0.0,0.0,0.0,0.0,0.0,0.0,0.0,0.0,0.0,0.0,0.0,0.0,0.0,0.01,0.0,100.0,100.0,0.0,0.0,0.0,100.0,0.0,1.0,100.0,1.0,5.2
2024-03-05,1500.0,7770.0,0.05,0.87,0.05,0.01,0.0,7770.0,1500.0,1500.0,7770.0,0.0,0.0,0.0,0.0,0.0,0.0,0.0,0.0,0.0,0.0,0.0,0.0,0.0,0.0,0.01,0.0,100.0,100.0,0.0,0.0,0.0,100.0,0.0,1.0,100.0,1.0,5.18
2024-03-06,1500.0,7800.0,0.05,0.88,0.05,0.01,0.0,7800.0,1500.0,1500.0,7800.0,0.0,0.0,0.0,0.0,0.0,0.0,0.0,0.0,0.0,0.0,0.0,0.0,0.0,0.0,0.01,0.0,100.0,100.0,0.0,0.0,0.0,100.0,0.0,1.0,100.0,1.0,5.2
2024-03-07,1500.0,7950.0,0.05,0.94,0.05,0.01,0.0,7950.0,1500.0,1500.0,7950.0,0.0,0.0,0.0,0.0,0.0,0.0,0.0,0.0,0.0,0.0,0.0,0.0,0.0,0.0,0.01,0.0,100.0,100.0,0.0,0.0,0.0,100.0,0.0,1.0,100.0,1.0,5.3
2024-03-08,1500.0,7980.0,0.05,0.91,0.05,0.01,0.0,7980.0,1500.0,1500.0,7980.0,0.0,0.0,0.0,0.0,0.0,0.0,0.0,0.0,0.0,0.0,0.0,0.0,0.0,0.0,0.01,0.0,100.0,100.0,0.0,0.0,0.0,100.0,0.0,1.0,100.0,1.0,5.32
2024-03-11,1800.0,9576.0,0.06,1.12,0.06,0.01,0.0,9576.0,1800.0,1800.0,9576.0,0.0,300.0,0.0,0.0,0.0,0.0,300.0,0.0,0.0,0.0,300.0,0.0,0.0,0.0,0.01,0.0,100.0,100.0,0.0,0.0,0.0,100.0,0.0,1.0,100.0,1.0,5.32
2024-03-12,1900.0,10108.0,0.07,1.31,0.07,0.01,0.0,10108.0,1900.0,1900.0,10108.0,0.0,100.0,0.0,0.0,0.0,0.0,100.0,0.0,0.0,0.0,100.0,0.0,0.0,0.0,0.01,0.0,100.0,100.0,0.0,0.0,0.0,100.0,0.0,1.0,100.0,1.0,5.32
2024-03-13,1900.0,9728.0,0.07,1.31,0.07,0.01,0.0,9728.0,1900.0,1900.0,9728.0,0.0,0.0,0.0,0.0,0.0,0.0,0.0,0.0,0.0,0.0,0.0,0.0,0.0,0.0,0.01,0.0,100.0,100.0,0.0,0.0,0.0,100.0,0.0,1.0,100.0,1.0,5.12
2024-03-14,1900.0,9918.0,0.07,1.34,0.07,0.01,0.0,9918.0,1900.0,1900.0,9918.0,0.0,0.0,0.0,0.0,0.0,0.0,0.0,0.0,0.0,0.0,0.0,0.0,0.0,0.0,0.01,0.0,100.0,100.0,0.0,0.0,0.0,100.0,0.0,1.0,100.0,1.0,5.22
2024-03-15,1900.0,9880.0,0.07,1.43,0.07,0.01,0.0,9880.0,1900.0,1900.0,9880.0,0.0,0.0,0.0,0.0,0.0,0.0,0.0,0.0,0.0,0.0,0.0,0.0,0.0,0.0,0.01,0.0,100.0,100.0,0.0,0.0,0.0,100.0,0.0,1.0,100.0,1.0,5.2
2024-03-18,1700.0,8840.0,0.06,1.28,0.06,0.01,0.0,8840.0,1700.0,1700.0,8840.0,0.0,0.0,0.0,0.0,0.0,0.0,0.0,200.0,0.0,0.0,0.0,0.0,0.0,200.0,0.01,0.0,100.0,100.0,0.0,0.0,0.0,100.0,0.0,1.0,100.0,1.0,5.2
2024-03-19,1600.0,8320.0,0.06,1.26,0.06,0.01,0.0,8320.0,1600.0,1600.0,8320.0,0.0,0.0,0.0,0.0,0.0,0.0,0.0,100.0,0.0,0.0,0.0,0.0,0.0,100.0,0.01,0.0,100.0,94.12,0.0,0.0,0.0,100.0,0.0,1.0,100.0,0.9412,5.2
2024-03-20,2900.0,15254.0,0.1,2.41,0.1,0.02,0.0,6838.0,1600.0,1300.0,8416.0,0.0,0.0,0.0,0.0,0.0,0.0,0.0,0.0,0.0,0.0,0.0,0.0,0.0,300.0,0.01,0.0,100.0,94.12,0.0,0.0,0.0,100.0,0.0,1.0,100.0,1.7059,5.26
2024-03-21,1300.0,6656.0,0.05,1.33,0.05,0.01,0.0,6656.0,1300.0,1300.0,6656.0,0.0,0.0,0.0,0.0,0.0,0.0,0.0,300.0,0.0,0.0,0.0,0.0,0.0,0.0,0.01,0.0,100.0,100.0,0.0,0.0,0.0,100.0,0.0,1.0,100.0,1.0,5.12
2024-03-22,1300.0,6604.0,0.05,1.31,0.05,0.01,0.0,6604.0,1300.0,1300.0,6604.0,0.0,0.0,0.0,0.0,0.0,0.0,0.0,0.0,0.0,0.0,0.0,0.0,0.0,0.0,0.01,0.0,100.0,100.0,0.0,0.0,0.0,100.0,0.0,1.0,100.0,1.0,5.08
2024-03-25,1300.0,6604.0,0.05,1.34,0.05,0.01,0.0,6604.0,1300.0,1300.0,6604.0,0.0,0.0,0.0,0.0,0.0,0.0,0.0,0.0,0.0,0.0,0.0,0.0,0.0,0.0,0.01,0.0,100.0,100.0,0.0,0.0,0.0,100.0,0.0,1.0,100.0,1.0,5.08
2024-03-26,1300.0,6604.0,0.05,1.35,0.05,0.01,0.0,6604.0,1300.0,1300.0,6604.0,0.0,0.0,0.0,0.0,0.0,0.0,0.0,0.0,0.0,0.0,0.0,0.0,0.0,0.0,0.01,0.0,100.0,100.0,0.0,0.0,0.0,100.0,0.0,1.0,100.0,1.0,5.08
2024-03-27,1300.0,6500.0,0.05,1.35,0.05,0.01,0.0,6500.0,1300.0,1300.0,6500.0,0.0,0.0,0.0,0.0,0.0,0.0,0.0,0.0,0.0,0.0,0.0,0.0,0.0,0.0,0.01,0.0,100.0,100.0,0.0,0.0,0.0,100.0,0.0,1.0,100.0,1.0,5.0
2024-03-28,1300.0,6500.0,0.05,1.29,0.05,0.01,0.0,6500.0,1300.0,1300.0,6500.0,0.0,0.0,0.0,0.0,0.0,0.0,0.0,0.0,0.0,0.0,0.0,0.0,0.0,0.0,0.01,0.0,100.0,100.0,0.0,0.0,0.0,100.0,0.0,1.0,100.0,1.0,5.0
2024-03-29,1300.0,6500.0,0.05,1.57,0.05,0.01,0.0,6500.0,1300.0,1300.0,6500.0,0.0,0.0,0.0,0.0,0.0,0.0,0.0,0.0,0.0,0.0,0.0,0.0,0.0,0.0,0.01,0.0,100.0,100.0,0.0,0.0,0.0,100.0,0.0,1.0,100.0,1.0,0.0
2024-04-01,1300.0,6500.0,0.05,1.57,0.05,0.01,0.0,6500.0,1300.0,1300.0,6500.0,0.0,0.0,0.0,0.0,0.0,0.0,0.0,0.0,0.0,0.0,0.0,0.0,0.0,0.0,0.01,0.0,100.0,100.0,0.0,0.0,0.0,100.0,0.0,1.0,100.0,1.0,0.0
2024-04-02,1300.0,6487.0,0.05,1.57,0.05,0.01,0.0,6487.0,1300.0,1300.0,6487.0,0.0,0.0,0.0,0.0,0.0,0.0,0.0,0.0,0.0,0.0,0.0,0.0,0.0,0.0,0.01,0.0,100.0,100.0,0.0,0.0,0.0,100.0,0.0,1.0,100.0,1.0,4.99
2024-04-03,1300.0,6487.0,0.05,1.67,0.05,0.01,0.0,6487.0,1300.0,1300.0,6487.0,0.0,0.0,0.0,0.0,0.0,0.0,0.0,0.0,0.0,0.0,0.0,0.0,0.0,0.0,0.01,0.0,100.0,100.0,0.0,0.0,0.0,100.0,0.0,1.0,100.0,1.0,4.99
2024-04-04,1300.0,6500.0,0.05,1.68,0.05,0.01,0.0,6500.0,1300.0,1300.0,6500.0,0.0,0.0,0.0,0.0,0.0,0.0,0.0,0.0,0.0,0.0,0.0,0.0,0.0,0.0,0.01,0.0,100.0,100.0,0.0,0.0,0.0,100.0,0.0,1.0,100.0,1.0,5.0
2024-04-05,1300.0,6500.0,0.05,1.68,0.05,0.01,0.0,6500.0,1300.0,1300.0,6500.0,0.0,0.0,0.0,0.0,0.0,0.0,0.0,0.0,0.0,0.0,0.0,0.0,0.0,0.0,0.01,0.0,100.0,100.0,0.0,0.0,0.0,100.0,0.0,1.0,100.0,1.0,5.0
2024-04-08,1300.0,6383.0,0.05,1.74,0.05,0.01,0.0,6383.0,1300.0,1300.0,6383.0,0.0,0.0,0.0,0.0,0.0,0.0,0.0,0.0,0.0,0.0,0.0,0.0,0.0,0.0,0.01,0.0,100.0,100.0,0.0,0.0,0.0,100.0,0.0,1.0,100.0,1.0,4.91
2024-04-09,1300.0,6435.0,0.05,1.74,0.05,0.01,0.0,6435.0,1300.0,1300.0,6435.0,0.0,0.0,0.0,0.0,0.0,0.0,0.0,0.0,0.0,0.0,0.0,0.0,0.0,0.0,0.01,0.0,100.0,100.0,0.0,0.0,0.0,100.0,0.0,1.0,100.0,1.0,4.95
2024-04-10,1800.0,8910.0,0.06,2.41,0.06,0.01,0.0,8910.0,1800.0,1800.0,8910.0,0.0,500.0,0.0,0.0,0.0,0.0,500.0,0.0,0.0,0.0,500.0,0.0,0.0,0.0,0.01,0.0,100.0,100.0,0.0,0.0,0.0,100.0,0.0,1.0,100.0,1.0,4.95
2024-04-11,1800.0,8820.0,0.06,2.5,0.06,0.01,0.0,8820.0,1800.0,1800.0,8820.0,0.0,0.0,0.0,0.0,0.0,0.0,0.0,0.0,0.0,0.0,0.0,0.0,0.0,0.0,0.01,0.0,100.0,100.0,0.0,0.0,0.0,100.0,0.0,1.0,100.0,1.0,4.9
2024-04-12,1800.0,8874.0,0.06,3.01,0.06,0.01,0.0,8874.0,1800.0,1800.0,8874.0,0.0,0.0,0.0,0.0,0.0,0.0,0.0,0.0,0.0,0.0,0.0,0.0,0.0,0.0,0.01,0.0,100.0,100.0,0.0,0.0,0.0,100.0,0.0,1.0,100.0,1.0,4.93
2024-04-15,1800.0,8802.0,0.06,3.45,0.06,0.01,0.0,8802.0,1800.0,1800.0,8802.0,0.0,0.0,0.0,0.0,0.0,0.0,0.0,0.0,0.0,0.0,0.0,0.0,0.0,0.0,0.01,0.0,100.0,100.0,0.0,0.0,0.0,100.0,0.0,1.0,100.0,1.0,4.89
2024-04-16,1800.0,8784.0,0.06,3.77,0.06,0.01,0.0,8784.0,1800.0,1800.0,8784.0,0.0,0.0,0.0,0.0,0.0,0.0,0.0,0.0,0.0,0.0,0.0,0.0,0.0,0.0,0.01,0.0,100.0,100.0,0.0,0.0,0.0,100.0,0.0,1.0,100.0,1.0,4.88
2024-04-17,1700.0,8228.0,0.06,4.76,0.06,0.01,0.0,8228.0,1700.0,1700.0,8228.0,0.0,0.0,0.0,0.0,0.0,0.0,0.0,100.0,0.0,0.0,0.0,0.0,0.0,100.0,0.01,0.0,100.0,100.0,0.0,0.0,0.0,100.0,0.0,1.0,100.0,1.0,4.84
2024-04-18,1600.0,7744.0,0.06,4.63,0.06,0.01,0.0,7744.0,1600.0,1600.0,7744.0,0.0,0.0,0.0,0.0,0.0,0.0,0.0,100.0,0.0,0.0,0.0,0.0,0.0,100.0,0.01,0.0,100.0,100.0,0.0,0.0,0.0,100.0,0.0,1.0,100.0,1.0,4.84
2024-04-19,1600.0,7728.0,0.06,4.94,0.06,0.01,0.0,7728.0,1600.0,1600.0,7728.0,0.0,0.0,0.0,0.0,0.0,0.0,0.0,0.0,0.0,0.0,0.0,0.0,0.0,0.0,0.01,0.0,100.0,100.0,0.0,0.0,0.0,100.0,0.0,1.0,100.0,1.0,4.83
2024-04-22,1600.0,7472.0,0.06,5.09,0.06,0.01,0.0,7472.0,1600.0,1600.0,7472.0,0.0,0.0,0.0,0.0,0.0,0.0,0.0,0.0,0.0,0.0,0.0,0.0,0.0,0.0,0.01,0.0,100.0,100.0,0.0,0.0,0.0,100.0,0.0,1.0,100.0,1.0,4.67
2024-04-23,1600.0,7872.0,0.06,5.26,0.06,0.01,0.0,7872.0,1600.0,1600.0,7872.0,0.0,0.0,0.0,0.0,0.0,0.0,0.0,0.0,0.0,0.0,0.0,0.0,0.0,0.0,0.01,0.0,100.0,100.0,0.0,0.0,0.0,100.0,0.0,1.0,100.0,1.0,4.92
2024-04-24,1600.0,7552.0,0.06,4.86,0.06,0.01,0.0,7552.0,1600.0,1600.0,7552.0,0.0,0.0,0.0,0.0,0.0,0.0,0.0,0.0,0.0,0.0,0.0,0.0,0.0,0.0,0.01,0.0,100.0,100.0,0.0,0.0,0.0,100.0,0.0,1.0,100.0,1.0,4.72
2024-04-25,1600.0,8128.0,0.06,3.65,0.06,0.01,0.0,8128.0,1600.0,1600.0,8128.0,0.0,0.0,0.0,0.0,0.0,0.0,0.0,0.0,0.0,0.0,0.0,0.0,0.0,0.0,0.01,0.0,100.0,100.0,0.0,0.0,0.0,100.0,0.0,1.0,100.0,1.0,5.08
2024-04-26,1600.0,8160.0,0.06,3.29,0.06,0.01,0.0,8160.0,1600.0,1600.0,8160.0,0.0,0.0,0.0,0.0,0.0,0.0,0.0,0.0,0.0,0.0,0.0,0.0,0.0,0.0,0.01,0.0,100.0,100.0,0.0,0.0,0.0,100.0,0.0,1.0,100.0,1.0,5.1
2024-04-29,1600.0,7968.0,0.06,3.3,0.06,0.01,0.0,7968.0,1600.0,1600.0,7968.0,0.0,0.0,0.0,0.0,0.0,0.0,0.0,0.0,0.0,0.0,0.0,0.0,0.0,0.0,0.01,0.0,100.0,100.0,0.0,0.0,0.0,100.0,0.0,1.0,100.0,1.0,4.98
2024-04-30,1600.0,8000.0,0.06,2.9,0.06,0.01,0.0,8000.0,1600.0,1600.0,8000.0,0.0,0.0,0.0,0.0,0.0,0.0,0.0,0.0,0.0,0.0,0.0,0.0,0.0,0.0,0.01,0.0,100.0,100.0,0.0,0.0,0.0,100.0,0.0,1.0,100.0,1.0,5.0
2024-05-01,1600.0,8000.0,0.06,2.42,0.06,0.01,0.0,8000.0,1600.0,1600.0,8000.0,0.0,0.0,0.0,0.0,0.0,0.0,0.0,0.0,0.0,0.0,0.0,0.0,0.0,0.0,0.01,0.0,100.0,100.0,0.0,0.0,0.0,100.0,0.0,1.0,100.0,1.0,0.0
2024-05-02,1600.0,8224.0,0.06,2.42,0.06,0.01,0.0,8224.0,1600.0,1600.0,8224.0,0.0,0.0,0.0,0.0,0.0,0.0,0.0,0.0,0.0,0.0,0.0,0.0,0.0,0.0,0.01,0.0,100.0,100.0,0.0,0.0,0.0,100.0,0.0,1.0,100.0,1.0,5.14
2024-05-03,1600.0,8192.0,0.06,2.41,0.06,0.01,0.0,8192.0,1600.0,1600.0,8192.0,0.0,0.0,0.0,0.0,0.0,0.0,0.0,0.0,0.0,0.0,0.0,0.0,0.0,0.0,0.01,0.0,100.0,100.0,0.0,0.0,0.0,100.0,0.0,1.0,100.0,1.0,5.12
2024-05-06,1600.0,8192.0,0.06,2.3,0.06,0.01,0.0,8192.0,1600.0,1600.0,8192.0,0.0,0.0,0.0,0.0,0.0,0.0,0.0,0.0,0.0,0.0,0.0,0.0,0.0,0.0,0.01,0.0,100.0,100.0,0.0,0.0,0.0,100.0,0.0,1.0,100.0,1.0,5.12
2024-05-07,1600.0,8160.0,0.06,2.35,0.06,0.01,0.0,8160.0,1600.0,1600.0,8160.0,0.0,0.0,0.0,0.0,0.0,0.0,0.0,0.0,0.0,0.0,0.0,0.0,0.0,0.0,0.01,0.0,100.0,100.0,0.0,0.0,0.0,100.0,0.0,1.0,100.0,1.0,5.1
2024-05-08,1600.0,7936.0,0.06,2.19,0.06,0.01,0.0,7936.0,1600.0,1600.0,7936.0,0.0,0.0,0.0,0.0,0.0,0.0,0.0,0.0,0.0,0.0,0.0,0.0,0.0,0.0,0.01,0.0,100.0,100.0,0.0,0.0,0.0,100.0,0.0,1.0,100.0,1.0,4.96
2024-05-09,1600.0,7744.0,0.06,2.49,0.06,0.01,0.0,7744.0,1600.0,1600.0,7744.0,0.0,0.0,0.0,0.0,0.0,0.0,0.0,0.0,0.0,0.0,0.0,0.0,0.0,0.0,0.01,0.0,100.0,100.0,0.0,0.0,0.0,100.0,0.0,1.0,100.0,1.0,4.84
2024-05-10,1600.0,7728.0,0.06,2.49,0.06,0.01,0.0,7728.0,1600.0,1600.0,7728.0,0.0,0.0,0.0,0.0,0.0,0.0,0.0,0.0,0.0,0.0,0.0,0.0,0.0,0.0,0.01,0.0,100.0,100.0,0.0,0.0,0.0,100.0,0.0,1.0,100.0,1.0,4.83
2024-05-13,1600.0,7920.0,0.06,2.46,0.06,0.01,0.0,7920.0,1600.0,1600.0,7920.0,0.0,0.0,0.0,0.0,0.0,0.0,0.0,0.0,0.0,0.0,0.0,0.0,0.0,0.0,0.01,0.0,100.0,100.0,0.0,0.0,0.0,100.0,0.0,1.0,100.0,1.0,4.95
2024-05-14,1600.0,7872.0,0.06,2.66,0.06,0.01,0.0,7872.0,1600.0,1600.0,7872.0,0.0,0.0,0.0,0.0,0.0,0.0,0.0,0.0,0.0,0.0,0.0,0.0,0.0,0.0,0.01,0.0,100.0,100.0,0.0,0.0,0.0,100.0,0.0,1.0,100.0,1.0,4.92
2024-05-15,1600.0,7856.0,0.06,2.66,0.06,0.01,0.0,7856.0,1600.0,1600.0,7856.0,0.0,0.0,0.0,0.0,0.0,0.0,0.0,0.0,0.0,0.0,0.0,0.0,0.0,0.0,0.01,0.0,100.0,100.0,0.0,0.0,0.0,100.0,0.0,1.0,100.0,1.0,4.91
2024-05-16,1600.0,7824.0,0.06,2.71,0.06,0.01,0.0,7824.0,1600.0,1600.0,7824.0,0.0,0.0,0.0,0.0,0.0,0.0,0.0,0.0,0.0,0.0,0.0,0.0,0.0,0.0,0.01,0.0,100.0,100.0,0.0,0.0,0.0,100.0,0.0,1.0,100.0,1.0,4.89
2024-05-17,1600.0,7792.0,0.06,2.71,0.06,0.01,0.0,7792.0,1600.0,1600.0,7792.0,0.0,0.0,0.0,0.0,0.0,0.0,0.0,0.0,0.0,0.0,0.0,0.0,0.0,0.0,0.01,0.0,100.0,100.0,0.0,0.0,0.0,100.0,0.0,1.0,100.0,1.0,4.87
2024-05-20,1600.0,7792.0,0.06,2.69,0.06,0.01,0.0,7792.0,1600.0,1600.0,7792.0,0.0,0.0,0.0,0.0,0.0,0.0,0.0,0.0,0.0,0.0,0.0,0.0,0.0,0.0,0.01,0.0,100.0,100.0,0.0,0.0,0.0,100.0,0.0,1.0,100.0,1.0,4.87
2024-05-21,1600.0,7792.0,0.06,2.68,0.06,0.01,0.0,7792.0,1600.0,1600.0,7792.0,0.0,0.0,0.0,0.0,0.0,0.0,0.0,0.0,0.0,0.0,0.0,0.0,0.0,0.0,0.01,0.0,100.0,100.0,0.0,0.0,0.0,100.0,0.0,1.0,100.0,1.0,4.87
2024-05-22,1600.0,7680.0,0.06,2.66,0.06,0.01,0.0,7680.0,1600.0,1600.0,7680.0,0.0,0.0,0.0,0.0,0.0,0.0,0.0,0.0,0.0,0.0,0.0,0.0,0.0,0.0,0.01,0.0,100.0,100.0,0.0,0.0,0.0,100.0,0.0,1.0,100.0,1.0,4.8
2024-05-23,1900.0,9234.0,0.07,3.15,0.07,0.01,0.0,9234.0,1900.0,1900.0,9234.0,0.0,300.0,0.0,0.0,0.0,0.0,300.0,0.0,0.0,0.0,300.0,0.0,0.0,0.0,0.01,0.0,100.0,100.0,0.0,0.0,0.0,100.0,0.0,1.0,100.0,1.0,4.86
2024-05-24,1900.0,9234.0,0.07,3.15,0.07,0.01,0.0,9234.0,1900.0,1900.0,9234.0,0.0,0.0,0.0,0.0,0.0,0.0,0.0,0.0,0.0,0.0,0.0,0.0,0.0,0.0,0.01,0.0,100.0,100.0,0.0,0.0,0.0,100.0,0.0,1.0,100.0,1.0,4.86
2024-05-27,1900.0,9215.0,0.07,3.06,0.07,0.01,0.0,9215.0,1900.0,1900.0,9215.0,0.0,0.0,0.0,0.0,0.0,0.0,0.0,0.0,0.0,0.0,0.0,0.0,0.0,0.0,0.01,0.0,100.0,100.0,0.0,0.0,0.0,100.0,0.0,1.0,100.0,1.0,4.85
2024-05-28,1900.0,8930.0,0.07,3.06,0.07,0.01,0.0,8930.0,1900.0,1900.0,8930.0,0.0,0.0,0.0,0.0,0.0,0.0,0.0,0.0,0.0,0.0,0.0,0.0,0.0,0.0,0.01,0.0,100.0,100.0,0.0,0.0,0.0,100.0,0.0,1.0,100.0,1.0,4.7
2024-05-29,1900.0,8930.0,0.07,3.04,0.07,0.01,0.0,8930.0,1900.0,1900.0,8930.0,0.0,0.0,0.0,0.0,0.0,0.0,0.0,0.0,0.0,0.0,0.0,0.0,0.0,0.0,0.01,0.0,100.0,100.0,0.0,0.0,0.0,100.0,0.0,1.0,100.0,1.0,4.7
2024-05-30,1900.0,8607.0,0.07,2.94,0.07,0.01,0.0,8607.0,1900.0,1900.0,8607.0,0.0,0.0,0.0,0.0,0.0,0.0,0.0,0.0,0.0,0.0,0.0,0.0,0.0,0.0,0.01,0.0,100.0,100.0,0.0,0.0,0.0,100.0,0.0,1.0,100.0,1.0,4.53
2024-05-31,1900.0,8550.0,0.07,2.65,0.07,0.01,0.0,8550.0,1900.0,1900.0,8550.0,0.0,0.0,0.0,0.0,0.0,0.0,0.0,0.0,0.0,0.0,0.0,0.0,0.0,0.0,0.01,0.0,100.0,100.0,0.0,0.0,0.0,100.0,0.0,1.0,100.0,1.0,4.5
2024-06-03,1900.0,9139.0,0.07,2.63,0.07,0.01,0.0,9139.0,1900.0,1900.0,9139.0,0.0,0.0,0.0,0.0,0.0,0.0,0.0,0.0,0.0,0.0,0.0,0.0,0.0,0.0,0.01,0.0,100.0,100.0,0.0,0.0,0.0,100.0,0.0,1.0,100.0,1.0,4.81
2024-06-04,1900.0,9139.0,0.07,2.31,0.07,0.01,0.0,9139.0,1900.0,1900.0,9139.0,0.0,0.0,0.0,0.0,0.0,0.0,0.0,0.0,0.0,0.0,0.0,0.0,0.0,0.0,0.01,0.0,100.0,100.0,0.0,0.0,0.0,100.0,0.0,1.0,100.0,1.0,4.81
2024-06-05,1900.0,8588.0,0.07,2.44,0.07,0.01,0.0,8588.0,1900.0,1900.0,8588.0,0.0,0.0,0.0,0.0,0.0,0.0,0.0,0.0,0.0,0.0,0.0,0.0,0.0,0.0,0.01,0.0,100.0,100.0,0.0,0.0,0.0,100.0,0.0,1.0,100.0,1.0,4.52
2024-06-06,1900.0,8987.0,0.07,2.39,0.07,0.01,0.0,8987.0,1900.0,1900.0,8987.0,0.0,0.0,0.0,0.0,0.0,0.0,0.0,0.0,0.0,0.0,0.0,0.0,0.0,0.0,0.01,0.0,100.0,100.0,0.0,0.0,0.0,100.0,0.0,1.0,100.0,1.0,4.73
2024-06-07,1900.0,8626.0,0.07,2.74,0.07,0.01,0.0,8626.0,1900.0,1900.0,8626.0,0.0,0.0,0.0,0.0,0.0,0.0,0.0,0.0,0.0,0.0,0.0,0.0,0.0,0.0,0.01,0.0,100.0,100.0,0.0,0.0,0.0,100.0,0.0,1.0,100.0,1.0,4.54
2024-06-10,1900.0,8455.0,0.07,2.88,0.07,0.01,0.0,8455.0,1900.0,1900.0,8455.0,0.0,0.0,0.0,0.0,0.0,0.0,0.0,0.0,0.0,0.0,0.0,0.0,0.0,0.0,0.01,0.0,100.0,100.0,0.0,0.0,0.0,100.0,0.0,1.0,100.0,1.0,4.45
2024-06-11,1900.0,8626.0,0.07,2.83,0.07,0.01,0.0,8626.0,1900.0,1900.0,8626.0,0.0,0.0,0.0,0.0,0.0,0.0,0.0,0.0,0.0,0.0,0.0,0.0,0.0,0.0,0.01,0.0,100.0,100.0,0.0,0.0,0.0,100.0,0.0,1.0,100.0,1.0,4.54
2024-06-12,1900.0,8683.0,0.07,3.13,0.07,0.01,0.0,8683.0,1900.0,1900.0,8683.0,0.0,0.0,0.0,0.0,0.0,0.0,0.0,0.0,0.0,0.0,0.0,0.0,0.0,0.0,0.01,0.0,100.0,100.0,0.0,0.0,0.0,100.0,0.0,1.0,100.0,1.0,4.57
2024-06-13,1900.0,8341.0,0.07,3.82,0.07,0.01,0.0,8341.0,1900.0,1900.0,8341.0,0.0,0.0,0.0,0.0,0.0,0.0,0.0,0.0,0.0,0.0,0.0,0.0,0.0,0.0,0.01,0.0,100.0,100.0,0.0,0.0,0.0,100.0,0.0,1.0,100.0,1.0,4.39
2024-06-14,1900.0,8265.0,0.07,3.83,0.07,0.01,0.0,8265.0,1900.0,1900.0,8265.0,0.0,0.0,0.0,0.0,0.0,0.0,0.0,0.0,0.0,0.0,0.0,0.0,0.0,0.0,0.01,0.0,100.0,100.0,0.0,0.0,0.0,100.0,0.0,1.0,100.0,1.0,4.35
2024-06-17,3800.0,15998.0,0.14,7.45,0.14,0.02,0.0,7999.0,1900.0,1900.0,7999.0,0.0,0.0,0.0,0.0,0.0,0.0,0.0,0.0,0.0,0.0,0.0,0.0,0.0,0.0,0.01,0.0,100.0,100.0,0.0,0.0,0.0,100.0,0.0,1.0,100.0,2.0,4.21
2024-06-18,1900.0,8018.0,0.07,3.53,0.07,0.01,0.0,8018.0,1900.0,1900.0,8018.0,0.0,0.0,0.0,0.0,0.0,0.0,0.0,0.0,0.0,0.0,0.0,0.0,0.0,0.0,0.01,0.0,100.0,100.0,0.0,0.0,0.0,100.0,0.0,1.0,100.0,1.0,4.22
2024-06-19,1900.0,8018.0,0.07,3.95,0.07,0.01,0.0,8018.0,1900.0,1900.0,8018.0,0.0,0.0,0.0,0.0,0.0,0.0,0.0,0.0,0.0,0.0,0.0,0.0,0.0,0.0,0.01,0.0,100.0,100.0,0.0,0.0,0.0,100.0,0.0,1.0,100.0,1.0,4.22
2024-06-20,1900.0,7961.0,0.07,3.97,0.07,0.01,0.0,7961.0,1900.0,1900.0,7961.0,0.0,0.0,0.0,0.0,0.0,0.0,0.0,0.0,0.0,0.0,0.0,0.0,0.0,0.0,0.01,0.0,100.0,100.0,0.0,0.0,0.0,100.0,0.0,1.0,100.0,1.0,4.19
2024-06-21,1900.0,7961.0,0.07,3.84,0.07,0.01,0.0,7961.0,1900.0,1900.0,7961.0,0.0,0.0,0.0,0.0,0.0,0.0,0.0,0.0,0.0,0.0,0.0,0.0,0.0,0.0,0.01,0.0,100.0,100.0,0.0,0.0,0.0,100.0,0.0,1.0,100.0,1.0,4.19
2024-06-24,1900.0,7961.0,0.07,3.88,0.07,0.01,0.0,7961.0,1900.0,1900.0,7961.0,0.0,0.0,0.0,0.0,0.0,0.0,0.0,0.0,0.0,0.0,0.0,0.0,0.0,0.0,0.01,0.0,100.0,100.0,0.0,0.0,0.0,100.0,0.0,1.0,100.0,1.0,4.19
2024-06-25,1900.0,7771.0,0.07,3.88,0.07,0.01,0.0,7771.0,1900.0,1900.0,7771.0,0.0,0.0,0.0,0.0,0.0,0.0,0.0,0.0,0.0,0.0,0.0,0.0,0.0,0.0,0.01,0.0,100.0,100.0,0.0,0.0,0.0,100.0,0.0,1.0,100.0,1.0,4.09
2024-06-26,1900.0,7733.0,0.07,3.83,0.07,0.01,0.0,7733.0,1900.0,1900.0,7733.0,0.0,0.0,0.0,0.0,0.0,0.0,0.0,0.0,0.0,0.0,0.0,0.0,0.0,0.0,0.01,0.0,100.0,100.0,0.0,0.0,0.0,100.0,0.0,1.0,100.0,1.0,4.07
2024-06-27,1900.0,7695.0,0.07,3.81,0.07,0.01,0.0,7695.0,1900.0,1900.0,7695.0,0.0,0.0,0.0,0.0,0.0,0.0,0.0,0.0,0.0,0.0,0.0,0.0,0.0,0.0,0.01,0.0,100.0,100.0,0.0,0.0,0.0,100.0,0.0,1.0,100.0,1.0,4.05
2024-06-28,1900.0,7695.0,0.07,3.82,0.07,0.01,0.0,7695.0,1900.0,1900.0,7695.0,0.0,0.0,0.0,0.0,0.0,0.0,0.0,0.0,0.0,0.0,0.0,0.0,0.0,0.0,0.01,0.0,100.0,100.0,0.0,0.0,0.0,100.0,0.0,1.0,100.0,1.0,4.05
2024-07-01,1900.0,7752.0,0.07,3.85,0.07,0.01,0.0,7752.0,1900.0,1900.0,7752.0,0.0,0.0,0.0,0.0,0.0,0.0,0.0,0.0,0.0,0.0,0.0,0.0,0.0,0.0,0.01,0.0,100.0,100.0,0.0,0.0,0.0,100.0,0.0,1.0,100.0,1.0,4.08
2024-07-02,1900.0,7676.0,0.07,3.87,0.07,0.01,0.0,7676.0,1900.0,1900.0,7676.0,0.0,0.0,0.0,0.0,0.0,0.0,0.0,0.0,0.0,0.0,0.0,0.0,0.0,0.0,0.01,0.0,100.0,100.0,0.0,0.0,0.0,100.0,0.0,1.0,100.0,1.0,4.04
2024-07-03,1900.0,7600.0,0.07,3.83,0.07,0.01,0.0,7600.0,1900.0,1900.0,7600.0,0.0,0.0,0.0,0.0,0.0,0.0,0.0,0.0,0.0,0.0,0.0,0.0,0.0,0.0,0.01,0.0,100.0,100.0,0.0,0.0,0.0,100.0,0.0,1.0,100.0,1.0,4.0
2024-07-04,1900.0,7695.0,0.07,3.84,0.07,0.01,0.0,7695.0,1900.0,1900.0,7695.0,0.0,0.0,0.0,0.0,0.0,0.0,0.0,0.0,0.0,0.0,0.0,0.0,0.0,0.0,0.01,0.0,100.0,100.0,0.0,0.0,0.0,100.0,0.0,1.0,100.0,1.0,4.05
2024-07-05,1900.0,7752.0,0.07,3.77,0.07,0.01,0.0,7752.0,1900.0,1900.0,7752.0,0.0,0.0,0.0,0.0,0.0,0.0,0.0,0.0,0.0,0.0,0.0,0.0,0.0,0.0,0.01,0.0,100.0,100.0,0.0,0.0,0.0,100.0,0.0,1.0,100.0,1.0,4.08
2024-07-08,1900.0,7752.0,0.07,3.93,0.07,0.01,0.0,7752.0,1900.0,1900.0,7752.0,0.0,0.0,0.0,0.0,0.0,0.0,0.0,0.0,0.0,0.0,0.0,0.0,0.0,0.0,0.01,0.0,100.0,100.0,0.0,0.0,0.0,100.0,0.0,1.0,100.0,1.0,4.08
2024-07-09,1900.0,7752.0,0.07,3.94,0.07,0.01,0.0,7752.0,1900.0,1900.0,7752.0,0.0,0.0,0.0,0.0,0.0,0.0,0.0,0.0,0.0,0.0,0.0,0.0,0.0,0.0,0.01,0.0,100.0,100.0,0.0,0.0,0.0,100.0,0.0,1.0,100.0,1.0,4.08
2024-07-10,1900.0,7752.0,0.07,4.28,0.07,0.01,0.0,7752.0,1900.0,1900.0,7752.0,0.0,0.0,0.0,0.0,0.0,0.0,0.0,0.0,0.0,0.0,0.0,0.0,0.0,0.0,0.01,0.0,100.0,100.0,0.0,0.0,0.0,100.0,0.0,1.0,100.0,1.0,4.08
2024-07-11,1900.0,7733.0,0.07,4.03,0.07,0.01,0.0,7733.0,1900.0,1900.0,7733.0,0.0,0.0,0.0,0.0,0.0,0.0,0.0,0.0,0.0,0.0,0.0,0.0,0.0,0.0,0.01,0.0,100.0,100.0,0.0,0.0,0.0,100.0,0.0,1.0,100.0,1.0,4.07
2024-07-12,1900.0,7752.0,0.07,4.78,0.07,0.01,0.0,7752.0,1900.0,1900.0,7752.0,0.0,0.0,0.0,0.0,0.0,0.0,0.0,0.0,0.0,0.0,0.0,0.0,0.0,0.0,0.01,0.0,100.0,100.0,0.0,0.0,0.0,100.0,0.0,1.0,100.0,1.0,4.08
2024-07-15,1900.0,7752.0,0.07,4.85,0.07,0.01,0.0,7752.0,1900.0,1900.0,7752.0,0.0,0.0,0.0,0.0,0.0,0.0,0.0,0.0,0.0,0.0,0.0,0.0,0.0,0.0,0.01,0.0,100.0,100.0,0.0,0.0,0.0,100.0,0.0,1.0,100.0,1.0,4.08
2024-07-16,1900.0,7543.0,0.07,6.53,0.07,0.01,0.0,7543.0,1900.0,1900.0,7543.0,0.0,0.0,0.0,0.0,0.0,0.0,0.0,0.0,0.0,0.0,0.0,0.0,0.0,0.0,0.01,0.0,100.0,100.0,0.0,0.0,0.0,100.0,0.0,1.0,100.0,1.0,3.97
2024-07-17,1900.0,7543.0,0.07,6.29,0.07,0.01,0.0,7543.0,1900.0,1900.0,7543.0,0.0,0.0,0.0,0.0,0.0,0.0,0.0,0.0,0.0,0.0,0.0,0.0,0.0,0.0,0.01,0.0,100.0,100.0,0.0,0.0,0.0,100.0,0.0,1.0,100.0,1.0,3.97
2024-07-18,1900.0,7543.0,0.07,7.3,0.07,0.01,0.0,7543.0,1900.0,1900.0,7543.0,0.0,0.0,0.0,0.0,0.0,0.0,0.0,0.0,0.0,0.0,0.0,0.0,0.0,0.0,0.01,0.0,100.0,100.0,0.0,0.0,0.0,100.0,0.0,1.0,100.0,1.0,3.97
2024-07-19,1900.0,7733.0,0.07,7.64,0.07,0.01,0.0,7733.0,1900.0,1900.0,7733.0,0.0,0.0,0.0,0.0,0.0,0.0,0.0,0.0,0.0,0.0,0.0,0.0,0.0,0.0,0.01,0.0,100.0,100.0,0.0,0.0,0.0,100.0,0.0,1.0,100.0,1.0,4.07
2024-07-22,1900.0,7752.0,0.07,8.11,0.07,0.01,0.0,7752.0,1900.0,1900.0,7752.0,0.0,0.0,0.0,0.0,0.0,0.0,0.0,0.0,0.0,0.0,0.0,0.0,0.0,0.0,0.01,0.0,100.0,100.0,0.0,0.0,0.0,100.0,0.0,1.0,100.0,1.0,4.08
2024-07-23,1900.0,7638.0,0.07,8.58,0.07,0.01,0.0,7638.0,1900.0,1900.0,7638.0,0.0,0.0,0.0,0.0,0.0,0.0,0.0,0.0,0.0,0.0,0.0,0.0,0.0,0.0,0.01,0.0,100.0,100.0,0.0,0.0,0.0,100.0,0.0,1.0,100.0,1.0,4.02
2024-07-24,1900.0,7638.0,0.07,8.4,0.07,0.01,0.0,7638.0,1900.0,1900.0,7638.0,0.0,0.0,0.0,0.0,0.0,0.0,0.0,0.0,0.0,0.0,0.0,0.0,0.0,0.0,0.01,0.0,100.0,100.0,0.0,0.0,0.0,100.0,0.0,1.0,100.0,1.0,4.02
2024-07-25,1900.0,7638.0,0.07,8.81,0.07,0.01,0.0,7638.0,1900.0,1900.0,7638.0,0.0,0.0,0.0,0.0,0.0,0.0,0.0,0.0,0.0,0.0,0.0,0.0,0.0,0.0,0.01,0.0,100.0,100.0,0.0,0.0,0.0,100.0,0.0,1.0,100.0,1.0,4.02
2024-07-26,1900.0,7638.0,0.07,8.68,0.07,0.01,0.0,7638.0,1900.0,1900.0,7638.0,0.0,0.0,0.0,0.0,0.0,0.0,0.0,0.0,0.0,0.0,0.0,0.0,0.0,0.0,0.01,0.0,100.0,100.0,0.0,0.0,0.0,100.0,0.0,1.0,100.0,1.0,4.02
2024-07-29,1900.0,7733.0,0.07,11.17,0.07,0.01,0.0,7733.0,1900.0,1900.0,7733.0,0.0,0.0,0.0,0.0,0.0,0.0,0.0,0.0,0.0,0.0,0.0,0.0,0.0,0.0,0.01,0.0,100.0,100.0,0.0,0.0,0.0,100.0,0.0,1.0,100.0,1.0,4.07
2024-07-30,1900.0,7752.0,0.07,12.93,0.07,0.01,0.0,7752.0,1900.0,1900.0,7752.0,0.0,0.0,0.0,0.0,0.0,0.0,0.0,0.0,0.0,0.0,0.0,0.0,0.0,0.0,0.01,0.0,100.0,100.0,0.0,0.0,0.0,100.0,0.0,1.0,100.0,1.0,4.08
2024-07-31,1900.0,8512.0,0.07,12.56,0.07,0.01,0.0,8512.0,1900.0,1900.0,8512.0,0.0,0.0,0.0,0.0,0.0,0.0,0.0,0.0,0.0,0.0,0.0,0.0,0.0,0.0,0.01,0.0,100.0,100.0,0.0,0.0,0.0,100.0,0.0,1.0,100.0,1.0,4.48
2024-08-01,1900.0,8360.0,0.07,6.32,0.07,0.01,0.0,8360.0,1900.0,1900.0,8360.0,0.0,0.0,0.0,0.0,0.0,0.0,0.0,0.0,0.0,0.0,0.0,0.0,0.0,0.0,0.01,0.0,100.0,100.0,0.0,0.0,0.0,100.0,0.0,1.0,100.0,1.0,4.4
2024-08-02,1900.0,8360.0,0.07,6.69,0.07,0.01,0.0,8360.0,1900.0,1900.0,8360.0,0.0,0.0,0.0,0.0,0.0,0.0,0.0,0.0,0.0,0.0,0.0,0.0,0.0,0.0,0.01,0.0,100.0,100.0,0.0,0.0,0.0,100.0,0.0,1.0,100.0,1.0,4.4
2024-08-05,1900.0,7752.0,0.07,5.73,0.07,0.01,0.0,7752.0,1900.0,1900.0,7752.0,0.0,0.0,0.0,0.0,0.0,0.0,0.0,0.0,0.0,0.0,0.0,0.0,0.0,0.0,0.01,0.0,100.0,100.0,0.0,0.0,0.0,100.0,0.0,1.0,100.0,1.0,4.08
2024-08-06,1900.0,7714.0,0.07,5.03,0.07,0.01,0.0,7714.0,1900.0,1900.0,7714.0,0.0,0.0,0.0,0.0,0.0,0.0,0.0,0.0,0.0,0.0,0.0,0.0,0.0,0.0,0.01,0.0,100.0,100.0,0.0,0.0,0.0,100.0,0.0,1.0,100.0,1.0,4.06
2024-08-07,1900.0,7790.0,0.07,5.07,0.07,0.01,0.0,7790.0,1900.0,1900.0,7790.0,0.0,0.0,0.0,0.0,0.0,0.0,0.0,0.0,0.0,0.0,0.0,0.0,0.0,0.0,0.01,0.0,100.0,100.0,0.0,0.0,0.0,100.0,0.0,1.0,100.0,1.0,4.1
2024-08-08,1900.0,7790.0,0.07,4.36,0.07,0.01,0.0,7790.0,1900.0,1900.0,7790.0,0.0,0.0,0.0,0.0,0.0,0.0,0.0,0.0,0.0,0.0,0.0,0.0,0.0,0.0,0.01,0.0,100.0,100.0,0.0,0.0,0.0,100.0,0.0,1.0,100.0,1.0,4.1
2024-08-09,1900.0,7771.0,0.07,4.31,0.07,0.01,0.0,7771.0,1900.0,1900.0,7771.0,0.0,0.0,0.0,0.0,0.0,0.0,0.0,0.0,0.0,0.0,0.0,0.0,0.0,0.0,0.01,0.0,100.0,100.0,0.0,0.0,0.0,100.0,0.0,1.0,100.0,1.0,4.09
2024-08-12,1900.0,8113.0,0.07,4.01,0.07,0.01,0.0,8113.0,1900.0,1900.0,8113.0,0.0,0.0,0.0,0.0,0.0,0.0,0.0,0.0,0.0,0.0,0.0,0.0,0.0,0.0,0.01,0.0,100.0,100.0,0.0,0.0,0.0,100.0,0.0,1.0,100.0,1.0,4.27
2024-08-13,1900.0,8132.0,0.07,3.94,0.07,0.01,0.0,8132.0,1900.0,1900.0,8132.0,0.0,0.0,0.0,0.0,0.0,0.0,0.0,0.0,0.0,0.0,0.0,0.0,0.0,0.0,0.01,0.0,100.0,100.0,0.0,0.0,0.0,100.0,0.0,1.0,100.0,1.0,4.28
2024-08-14,1900.0,8132.0,0.07,4.01,0.07,0.01,0.0,8132.0,1900.0,1900.0,8132.0,0.0,0.0,0.0,0.0,0.0,0.0,0.0,0.0,0.0,0.0,0.0,0.0,0.0,0.0,0.01,0.0,100.0,100.0,0.0,0.0,0.0,100.0,0.0,1.0,100.0,1.0,4.28
2024-08-15,1900.0,8132.0,0.07,4.03,0.07,0.01,0.0,8132.0,1900.0,1900.0,8132.0,0.0,0.0,0.0,0.0,0.0,0.0,0.0,0.0,0.0,0.0,0.0,0.0,0.0,0.0,0.01,0.0,100.0,100.0,0.0,0.0,0.0,100.0,0.0,1.0,100.0,1.0,4.28
2024-08-16,1900.0,8132.0,0.07,4.1,0.07,0.01,0.0,8132.0,1900.0,1900.0,8132.0,0.0,0.0,0.0,0.0,0.0,0.0,0.0,0.0,0.0,0.0,0.0,0.0,0.0,0.0,0.01,0.0,100.0,100.0,0.0,0.0,0.0,100.0,0.0,1.0,100.0,1.0,4.28
2024-08-19,1900.0,8151.0,0.07,4.1,0.07,0.01,0.0,8151.0,1900.0,1900.0,8151.0,0.0,0.0,0.0,0.0,0.0,0.0,0.0,0.0,0.0,0.0,0.0,0.0,0.0,0.0,0.01,0.0,100.0,100.0,0.0,0.0,0.0,100.0,0.0,1.0,100.0,1.0,4.29
2024-08-20,1900.0,8151.0,0.07,4.1,0.07,0.01,0.0,8151.0,1900.0,1900.0,8151.0,0.0,0.0,0.0,0.0,0.0,0.0,0.0,0.0,0.0,0.0,0.0,0.0,0.0,0.0,0.01,0.0,100.0,100.0,0.0,0.0,0.0,100.0,0.0,1.0,100.0,1.0,4.29
2024-08-21,1900.0,8151.0,0.07,4.1,0.07,0.01,0.0,8151.0,1900.0,1900.0,8151.0,0.0,0.0,0.0,0.0,0.0,0.0,0.0,0.0,0.0,0.0,0.0,0.0,0.0,0.0,0.01,0.0,100.0,100.0,0.0,0.0,0.0,100.0,0.0,1.0,100.0,1.0,4.29
2024-08-22,1900.0,8645.0,0.07,4.61,0.07,0.01,0.0,8645.0,1900.0,1900.0,8645.0,0.0,0.0,0.0,0.0,0.0,0.0,0.0,0.0,0.0,0.0,0.0,0.0,0.0,0.0,0.01,0.0,100.0,100.0,0.0,0.0,0.0,100.0,0.0,1.0,100.0,1.0,4.55
2024-08-23,1900.0,8588.0,0.07,4.37,0.07,0.01,0.0,8588.0,1900.0,1900.0,8588.0,0.0,0.0,0.0,0.0,0.0,0.0,0.0,0.0,0.0,0.0,0.0,0.0,0.0,0.0,0.01,0.0,100.0,100.0,0.0,0.0,0.0,100.0,0.0,1.0,100.0,1.0,4.52
2024-08-26,1900.0,8607.0,0.07,4.18,0.07,0.01,0.0,8607.0,1900.0,1900.0,8607.0,0.0,0.0,0.0,0.0,0.0,0.0,0.0,0.0,0.0,0.0,0.0,0.0,0.0,0.0,0.01,0.0,100.0,100.0,0.0,0.0,0.0,100.0,0.0,1.0,100.0,1.0,4.53
2024-08-27,1900.0,8607.0,0.07,4.03,0.07,0.01,0.0,8607.0,1900.0,1900.0,8607.0,0.0,0.0,0.0,0.0,0.0,0.0,0.0,0.0,0.0,0.0,0.0,0.0,0.0,0.0,0.01,0.0,100.0,100.0,0.0,0.0,0.0,100.0,0.0,1.0,100.0,1.0,4.53
2024-08-28,1900.0,8607.0,0.07,3.95,0.07,0.01,0.0,8607.0,1900.0,1900.0,8607.0,0.0,0.0,0.0,0.0,0.0,0.0,0.0,0.0,0.0,0.0,0.0,0.0,0.0,0.0,0.01,0.0,100.0,100.0,0.0,0.0,0.0,100.0,0.0,1.0,100.0,1.0,4.53
2024-08-29,1900.0,8968.0,0.07,3.95,0.07,0.01,0.0,8968.0,1900.0,1900.0,8968.0,0.0,0.0,0.0,0.0,0.0,0.0,0.0,0.0,0.0,0.0,0.0,0.0,0.0,0.0,0.01,0.0,100.0,100.0,0.0,0.0,0.0,100.0,0.0,1.0,100.0,1.0,4.72
2024-08-30,1900.0,8968.0,0.07,3.71,0.07,0.01,0.0,8968.0,1900.0,1900.0,8968.0,0.0,0.0,0.0,0.0,0.0,0.0,0.0,0.0,0.0,0.0,0.0,0.0,0.0,0.0,0.01,0.0,100.0,100.0,0.0,0.0,0.0,100.0,0.0,1.0,100.0,1.0,4.72
2024-09-02,1900.0,8588.0,0.07,3.66,0.07,0.01,0.0,8588.0,1900.0,1900.0,8588.0,0.0,0.0,0.0,0.0,0.0,0.0,0.0,0.0,0.0,0.0,0.0,0.0,0.0,0.0,0.01,0.0,100.0,100.0,0.0,0.0,0.0,100.0,0.0,1.0,100.0,1.0,4.52
2024-09-03,1900.0,8588.0,0.07,3.61,0.07,0.01,0.0,8588.0,1900.0,1900.0,8588.0,0.0,0.0,0.0,0.0,0.0,0.0,0.0,0.0,0.0,0.0,0.0,0.0,0.0,0.0,0.01,0.0,100.0,100.0,0.0,0.0,0.0,100.0,0.0,1.0,100.0,1.0,4.52
2024-09-04,1900.0,8569.0,0.07,3.65,0.07,0.01,0.0,8569.0,1900.0,1900.0,8569.0,0.0,0.0,0.0,0.0,0.0,0.0,0.0,0.0,0.0,0.0,0.0,0.0,0.0,0.0,0.01,0.0,100.0,100.0,0.0,0.0,0.0,100.0,0.0,1.0,100.0,1.0,4.51
2024-09-05,1900.0,8588.0,0.07,3.65,0.07,0.01,0.0,8588.0,1900.0,1900.0,8588.0,0.0,0.0,0.0,0.0,0.0,0.0,0.0,0.0,0.0,0.0,0.0,0.0,0.0,0.0,0.01,0.0,100.0,100.0,0.0,0.0,0.0,100.0,0.0,1.0,100.0,1.0,4.52
2024-09-06,1900.0,8569.0,0.07,3.64,0.07,0.01,0.0,8569.0,1900.0,1900.0,8569.0,0.0,0.0,0.0,0.0,0.0,0.0,0.0,0.0,0.0,0.0,0.0,0.0,0.0,0.0,0.01,0.0,100.0,100.0,0.0,0.0,0.0,100.0,0.0,1.0,100.0,1.0,4.51
2024-09-09,1900.0,8949.0,0.07,3.64,0.07,0.01,0.0,8949.0,1900.0,1900.0,8949.0,0.0,0.0,0.0,0.0,0.0,0.0,0.0,0.0,0.0,0.0,0.0,0.0,0.0,0.0,0.01,0.0,100.0,100.0,0.0,0.0,0.0,100.0,0.0,1.0,100.0,1.0,4.71
2024-09-10,1900.0,8569.0,0.07,3.61,0.07,0.01,0.0,8569.0,1900.0,1900.0,8569.0,0.0,0.0,0.0,0.0,0.0,0.0,0.0,0.0,0.0,0.0,0.0,0.0,0.0,0.0,0.01,0.0,100.0,100.0,0.0,0.0,0.0,100.0,0.0,1.0,100.0,1.0,4.51
2024-09-11,1900.0,8398.0,0.07,3.64,0.07,0.01,0.0,8398.0,1900.0,1900.0,8398.0,0.0,0.0,0.0,0.0,0.0,0.0,0.0,0.0,0.0,0.0,0.0,0.0,0.0,0.0,0.01,0.0,100.0,100.0,0.0,0.0,0.0,100.0,0.0,1.0,100.0,1.0,4.42
2024-09-12,1900.0,8664.0,0.07,4.45,0.07,0.01,0.0,8664.0,1900.0,1900.0,8664.0,0.0,0.0,0.0,0.0,0.0,0.0,0.0,0.0,0.0,0.0,0.0,0.0,0.0,0.0,0.01,0.0,100.0,100.0,0.0,0.0,0.0,100.0,0.0,1.0,100.0,1.0,4.56
2024-09-13,1900.0,8683.0,0.07,4.45,0.07,0.01,0.0,8683.0,1900.0,1900.0,8683.0,0.0,0.0,0.0,0.0,0.0,0.0,0.0,0.0,0.0,0.0,0.0,0.0,0.0,0.0,0.01,0.0,100.0,100.0,0.0,0.0,0.0,100.0,0.0,1.0,100.0,1.0,4.57
2024-09-16,1900.0,8626.0,0.07,5.05,0.07,0.01,0.0,8626.0,1900.0,1900.0,8626.0,0.0,0.0,0.0,0.0,0.0,0.0,0.0,0.0,0.0,0.0,0.0,0.0,0.0,0.0,0.01,0.0,100.0,100.0,0.0,0.0,0.0,100.0,0.0,1.0,100.0,1.0,4.54
2024-09-17,1900.0,8607.0,0.07,5.77,0.07,0.01,0.0,8607.0,1900.0,1900.0,8607.0,0.0,0.0,0.0,0.0,0.0,0.0,0.0,0.0,0.0,0.0,0.0,0.0,0.0,0.0,0.01,0.0,100.0,100.0,0.0,0.0,0.0,100.0,0.0,1.0,100.0,1.0,4.53
2024-09-18,1900.0,8075.0,0.07,5.78,0.07,0.01,0.0,8075.0,1900.0,1900.0,8075.0,0.0,0.0,0.0,0.0,0.0,0.0,0.0,0.0,0.0,0.0,0.0,0.0,0.0,0.0,0.01,0.0,100.0,100.0,0.0,0.0,0.0,100.0,0.0,1.0,100.0,1.0,4.25
2024-09-19,1900.0,8569.0,0.07,7.08,0.07,0.01,0.0,8569.0,1900.0,1900.0,8569.0,0.0,0.0,0.0,0.0,0.0,0.0,0.0,0.0,0.0,0.0,0.0,0.0,0.0,0.0,0.01,0.0,100.0,100.0,0.0,0.0,0.0,100.0,0.0,1.0,100.0,1.0,4.51
2024-09-20,1900.0,8550.0,0.07,7.18,0.07,0.01,0.0,8550.0,1900.0,1900.0,8550.0,0.0,0.0,0.0,0.0,0.0,0.0,0.0,0.0,0.0,0.0,0.0,0.0,0.0,0.0,0.01,0.0,100.0,100.0,0.0,0.0,0.0,100.0,0.0,1.0,100.0,1.0,4.5
2024-09-23,1900.0,8493.0,0.07,8.19,0.07,0.01,0.0,8493.0,1900.0,1900.0,8493.0,0.0,0.0,0.0,0.0,0.0,0.0,0.0,0.0,0.0,0.0,0.0,0.0,0.0,0.0,0.01,0.0,100.0,100.0,0.0,0.0,0.0,100.0,0.0,1.0,100.0,1.0,4.47
2024-09-24,1900.0,8474.0,0.07,7.96,0.07,0.01,0.0,8474.0,1900.0,1900.0,8474.0,0.0,0.0,0.0,0.0,0.0,0.0,0.0,0.0,0.0,0.0,0.0,0.0,0.0,0.0,0.01,0.0,100.0,100.0,0.0,0.0,0.0,100.0,0.0,1.0,100.0,1.0,4.46
2024-09-25,1900.0,8398.0,0.07,7.97,0.07,0.01,0.0,8398.0,1900.0,1900.0,8398.0,0.0,0.0,0.0,0.0,0.0,0.0,0.0,0.0,0.0,0.0,0.0,0.0,0.0,0.0,0.01,0.0,100.0,100.0,0.0,0.0,0.0,100.0,0.0,1.0,100.0,1.0,4.42
2024-09-26,1900.0,8379.0,0.07,7.69,0.07,0.01,0.0,8379.0,1900.0,1900.0,8379.0,0.0,0.0,0.0,0.0,0.0,0.0,0.0,0.0,0.0,0.0,0.0,0.0,0.0,0.0,0.01,0.0,100.0,100.0,0.0,0.0,0.0,100.0,0.0,1.0,100.0,1.0,4.41
2024-09-27,1900.0,8360.0,0.07,7.69,0.07,0.01,0.0,8360.0,1900.0,1900.0,8360.0,0.0,0.0,0.0,0.0,0.0,0.0,0.0,0.0,0.0,0.0,0.0,0.0,0.0,0.0,0.01,0.0,100.0,100.0,0.0,0.0,0.0,100.0,0.0,1.0,100.0,1.0,4.4
2024-09-30,1900.0,8322.0,0.07,7.13,0.07,0.01,0.0,8322.0,1900.0,1900.0,8322.0,0.0,0.0,0.0,0.0,0.0,0.0,0.0,0.0,0.0,0.0,0.0,0.0,0.0,0.0,0.01,0.0,100.0,100.0,0.0,0.0,0.0,100.0,0.0,1.0,100.0,1.0,4.38
2024-10-01,2100.0,9072.0,0.08,7.87,0.08,0.01,0.0,9072.0,2100.0,2100.0,9072.0,0.0,200.0,0.0,0.0,0.0,0.0,200.0,0.0,0.0,0.0,200.0,0.0,0.0,0.0,0.01,0.0,100.0,100.0,0.0,0.0,0.0,100.0,0.0,1.0,100.0,1.0,4.32
2024-10-02,2100.0,8736.0,0.08,7.85,0.08,0.01,0.0,8736.0,2100.0,2100.0,8736.0,0.0,0.0,0.0,0.0,0.0,0.0,0.0,0.0,0.0,0.0,0.0,0.0,0.0,0.0,0.01,0.0,100.0,100.0,0.0,0.0,0.0,100.0,0.0,1.0,100.0,1.0,4.16
2024-10-03,2100.0,9156.0,0.08,7.58,0.08,0.01,0.0,9156.0,2100.0,2100.0,9156.0,0.0,0.0,0.0,0.0,0.0,0.0,0.0,0.0,0.0,0.0,0.0,0.0,0.0,0.0,0.01,0.0,100.0,100.0,0.0,0.0,0.0,100.0,0.0,1.0,100.0,1.0,4.36
2024-10-04,2100.0,9114.0,0.08,8.25,0.08,0.01,0.0,9114.0,2100.0,2100.0,9114.0,0.0,0.0,0.0,0.0,0.0,0.0,0.0,0.0,0.0,0.0,0.0,0.0,0.0,0.0,0.01,0.0,100.0,100.0,0.0,0.0,0.0,100.0,0.0,1.0,100.0,1.0,4.34
2024-10-07,2100.0,9114.0,0.08,8.93,0.08,0.01,0.0,9114.0,2100.0,2100.0,9114.0,0.0,0.0,0.0,0.0,0.0,0.0,0.0,0.0,0.0,0.0,0.0,0.0,0.0,0.0,0.01,0.0,100.0,100.0,0.0,0.0,0.0,100.0,0.0,1.0,100.0,1.0,4.34
2024-10-08,2100.0,9114.0,0.08,9.65,0.08,0.01,0.0,9114.0,2100.0,2100.0,9114.0,0.0,0.0,0.0,0.0,0.0,0.0,0.0,0.0,0.0,0.0,0.0,0.0,0.0,0.0,0.01,0.0,100.0,100.0,0.0,0.0,0.0,100.0,0.0,1.0,100.0,1.0,4.34
2024-10-09,2100.0,9114.0,0.08,10.45,0.08,0.01,0.0,9114.0,2100.0,2100.0,9114.0,0.0,0.0,0.0,0.0,0.0,0.0,0.0,0.0,0.0,0.0,0.0,0.0,0.0,0.0,0.01,0.0,100.0,100.0,0.0,0.0,0.0,100.0,0.0,1.0,100.0,1.0,4.34
2024-10-10,2100.0,9114.0,0.08,10.45,0.08,0.01,0.0,9114.0,2100.0,2100.0,9114.0,0.0,0.0,0.0,0.0,0.0,0.0,0.0,0.0,0.0,0.0,0.0,0.0,0.0,0.0,0.01,0.0,100.0,100.0,0.0,0.0,0.0,100.0,0.0,1.0,100.0,1.0,4.34
2024-10-11,2100.0,9051.0,0.08,12.37,0.08,0.01,0.0,9051.0,2100.0,2100.0,9051.0,0.0,0.0,0.0,0.0,0.0,0.0,0.0,0.0,0.0,0.0,0.0,0.0,0.0,0.0,0.01,0.0,100.0,100.0,0.0,0.0,0.0,100.0,0.0,1.0,100.0,1.0,4.31
2024-10-14,2100.0,9009.0,0.08,10.17,0.08,0.01,0.0,9009.0,2100.0,2100.0,9009.0,0.0,0.0,0.0,0.0,0.0,0.0,0.0,0.0,0.0,0.0,0.0,0.0,0.0,0.0,0.01,0.0,100.0,100.0,0.0,0.0,0.0,100.0,0.0,1.0,100.0,1.0,4.29
2024-10-15,2100.0,8967.0,0.08,9.43,0.08,0.01,0.0,8967.0,2100.0,2100.0,8967.0,0.0,0.0,0.0,0.0,0.0,0.0,0.0,0.0,0.0,0.0,0.0,0.0,0.0,0.0,0.01,0.0,100.0,100.0,0.0,0.0,0.0,100.0,0.0,1.0,100.0,1.0,4.27
2024-10-16,2100.0,8967.0,0.08,9.3,0.08,0.01,0.0,8967.0,2100.0,2100.0,8967.0,0.0,0.0,0.0,0.0,0.0,0.0,0.0,0.0,0.0,0.0,0.0,0.0,0.0,0.0,0.01,0.0,100.0,100.0,0.0,0.0,0.0,100.0,0.0,1.0,100.0,1.0,4.27
2024-10-17,2100.0,8883.0,0.08,9.3,0.08,0.01,0.0,8883.0,2100.0,2100.0,8883.0,0.0,0.0,0.0,0.0,0.0,0.0,0.0,0.0,0.0,0.0,0.0,0.0,0.0,0.0,0.01,0.0,100.0,100.0,0.0,0.0,0.0,100.0,0.0,1.0,100.0,1.0,4.23
2024-10-18,2100.0,8946.0,0.08,9.11,0.08,0.01,0.0,8946.0,2100.0,2100.0,8946.0,0.0,0.0,0.0,0.0,0.0,0.0,0.0,0.0,0.0,0.0,0.0,0.0,0.0,0.0,0.01,0.0,100.0,100.0,0.0,0.0,0.0,100.0,0.0,1.0,100.0,1.0,4.26
2024-10-21,2100.0,8925.0,0.08,9.05,0.08,0.01,0.0,8925.0,2100.0,2100.0,8925.0,0.0,0.0,0.0,0.0,0.0,0.0,0.0,0.0,0.0,0.0,0.0,0.0,0.0,0.0,0.01,0.0,100.0,100.0,0.0,0.0,0.0,100.0,0.0,1.0,100.0,1.0,4.25
2024-10-22,2100.0,8820.0,0.08,9.08,0.08,0.01,0.0,8820.0,2100.0,2100.0,8820.0,0.0,0.0,0.0,0.0,0.0,0.0,0.0,0.0,0.0,0.0,0.0,0.0,0.0,0.0,0.01,0.0,100.0,100.0,0.0,0.0,0.0,100.0,0.0,1.0,100.0,1.0,4.2
2024-10-23,2100.0,8799.0,0.08,8.73,0.08,0.01,0.0,8799.0,2100.0,2100.0,8799.0,0.0,0.0,0.0,0.0,0.0,0.0,0.0,0.0,0.0,0.0,0.0,0.0,0.0,0.0,0.01,0.0,100.0,100.0,0.0,0.0,0.0,100.0,0.0,1.0,100.0,1.0,4.19
2024-10-24,2100.0,8799.0,0.08,10.84,0.08,0.01,0.0,8799.0,2100.0,2100.0,8799.0,0.0,0.0,0.0,0.0,0.0,0.0,0.0,0.0,0.0,0.0,0.0,0.0,0.0,0.0,0.01,0.0,100.0,100.0,0.0,0.0,0.0,100.0,0.0,1.0,100.0,1.0,4.19
2024-10-25,2100.0,8715.0,0.08,10.91,0.08,0.01,0.0,8715.0,2100.0,2100.0,8715.0,0.0,0.0,0.0,0.0,0.0,0.0,0.0,0.0,0.0,0.0,0.0,0.0,0.0,0.0,0.01,0.0,100.0,100.0,0.0,0.0,0.0,100.0,0.0,1.0,100.0,1.0,4.15
2024-10-28,2100.0,8778.0,0.08,10.42,0.08,0.01,0.0,8778.0,2100.0,2100.0,8778.0,0.0,0.0,0.0,0.0,0.0,0.0,0.0,0.0,0.0,0.0,0.0,0.0,0.0,0.0,0.01,0.0,100.0,100.0,0.0,0.0,0.0,100.0,0.0,1.0,100.0,1.0,4.18
2024-10-29,2100.0,8820.0,0.08,9.1,0.08,0.01,0.0,8820.0,2100.0,2100.0,8820.0,0.0,0.0,0.0,0.0,0.0,0.0,0.0,0.0,0.0,0.0,0.0,0.0,0.0,0.0,0.01,0.0,100.0,100.0,0.0,0.0,0.0,100.0,0.0,1.0,100.0,1.0,4.2
2024-10-30,2100.0,8757.0,0.08,9.24,0.08,0.01,0.0,8757.0,2100.0,2100.0,8757.0,0.0,0.0,0.0,0.0,0.0,0.0,0.0,0.0,0.0,0.0,0.0,0.0,0.0,0.0,0.01,0.0,100.0,100.0,0.0,0.0,0.0,100.0,0.0,1.0,100.0,1.0,4.17
2024-10-31,2100.0,8757.0,0.08,8.79,0.08,0.01,0.0,8757.0,2100.0,2100.0,8757.0,0.0,0.0,0.0,0.0,0.0,0.0,0.0,0.0,0.0,0.0,0.0,0.0,0.0,0.0,0.01,0.0,100.0,100.0,0.0,0.0,0.0,100.0,0.0,1.0,100.0,1.0,4.17
2024-11-01,2100.0,8946.0,0.08,7.6,0.08,0.01,0.0,8946.0,2100.0,2100.0,8946.0,0.0,0.0,0.0,0.0,0.0,0.0,0.0,0.0,0.0,0.0,0.0,0.0,0.0,0.0,0.01,0.0,100.0,100.0,0.0,0.0,0.0,100.0,0.0,1.0,100.0,1.0,4.26
2024-11-04,2100.0,8715.0,0.08,3.04,0.08,0.01,0.0,8715.0,2100.0,2100.0,8715.0,0.0,0.0,0.0,0.0,0.0,0.0,0.0,0.0,0.0,0.0,0.0,0.0,0.0,0.0,0.01,0.0,100.0,100.0,0.0,0.0,0.0,100.0,0.0,1.0,100.0,1.0,4.15
2024-11-05,2100.0,8673.0,0.08,2.67,0.08,0.01,0.0,8673.0,2100.0,2100.0,8673.0,0.0,0.0,0.0,0.0,0.0,0.0,0.0,0.0,0.0,0.0,0.0,0.0,0.0,0.0,0.01,0.0,100.0,100.0,0.0,0.0,0.0,100.0,0.0,1.0,100.0,1.0,4.13
2024-11-06,2100.0,8862.0,0.08,2.64,0.08,0.01,0.0,8862.0,2100.0,2100.0,8862.0,0.0,0.0,0.0,0.0,0.0,0.0,0.0,0.0,0.0,0.0,0.0,0.0,0.0,0.0,0.01,0.0,100.0,100.0,0.0,0.0,0.0,100.0,0.0,1.0,100.0,1.0,4.22
2024-11-07,2100.0,8694.0,0.08,2.65,0.08,0.01,0.0,8694.0,2100.0,2100.0,8694.0,0.0,0.0,0.0,0.0,0.0,0.0,0.0,0.0,0.0,0.0,0.0,0.0,0.0,0.0,0.01,0.0,100.0,100.0,0.0,0.0,0.0,100.0,0.0,1.0,100.0,1.0,4.14
2024-11-08,2100.0,8757.0,0.08,2.53,0.08,0.01,0.0,8757.0,2100.0,2100.0,8757.0,0.0,0.0,0.0,0.0,0.0,0.0,0.0,0.0,0.0,0.0,0.0,0.0,0.0,0.0,0.01,0.0,100.0,100.0,0.0,0.0,0.0,100.0,0.0,1.0,100.0,1.0,4.17
2024-11-11,2100.0,8631.0,0.08,2.58,0.08,0.01,0.0,8631.0,2100.0,2100.0,8631.0,0.0,0.0,0.0,0.0,0.0,0.0,0.0,0.0,0.0,0.0,0.0,0.0,0.0,0.0,0.01,0.0,100.0,100.0,0.0,0.0,0.0,100.0,0.0,1.0,100.0,1.0,4.11
2024-11-12,2100.0,8421.0,0.08,2.55,0.08,0.01,0.0,8421.0,2100.0,2100.0,8421.0,0.0,0.0,0.0,0.0,0.0,0.0,0.0,0.0,0.0,0.0,0.0,0.0,0.0,0.0,0.01,0.0,100.0,100.0,0.0,0.0,0.0,100.0,0.0,1.0,100.0,1.0,4.01
2024-11-13,2100.0,8589.0,0.08,2.87,0.08,0.01,0.0,8589.0,2100.0,2100.0,8589.0,0.0,0.0,0.0,0.0,0.0,0.0,0.0,0.0,0.0,0.0,0.0,0.0,0.0,0.0,0.01,0.0,100.0,100.0,0.0,0.0,0.0,100.0,0.0,1.0,100.0,1.0,4.09
2024-11-14,2100.0,8316.0,0.08,2.58,0.08,0.01,0.0,8316.0,2100.0,2100.0,8316.0,0.0,0.0,0.0,0.0,0.0,0.0,0.0,0.0,0.0,0.0,0.0,0.0,0.0,0.0,0.01,0.0,100.0,100.0,0.0,0.0,0.0,100.0,0.0,1.0,100.0,1.0,3.96
2024-11-15,2100.0,8358.0,0.08,2.51,0.08,0.01,0.0,8358.0,2100.0,2100.0,8358.0,0.0,0.0,0.0,0.0,0.0,0.0,0.0,0.0,0.0,0.0,0.0,0.0,0.0,0.0,0.01,0.0,100.0,100.0,0.0,0.0,0.0,100.0,0.0,1.0,100.0,1.0,3.98
2024-11-18,2100.0,8169.0,0.08,2.49,0.08,0.01,0.0,8169.0,2100.0,2100.0,8169.0,0.0,0.0,0.0,0.0,0.0,0.0,0.0,0.0,0.0,0.0,0.0,0.0,0.0,0.0,0.01,0.0,100.0,100.0,0.0,0.0,0.0,100.0,0.0,1.0,100.0,1.0,3.89
2024-11-19,2100.0,8379.0,0.08,2.45,0.08,0.01,0.0,8379.0,2100.0,2100.0,8379.0,0.0,0.0,0.0,0.0,0.0,0.0,0.0,0.0,0.0,0.0,0.0,0.0,0.0,0.0,0.01,0.0,100.0,100.0,0.0,0.0,0.0,100.0,0.0,1.0,100.0,1.0,3.99
2024-11-20,2100.0,8232.0,0.08,2.46,0.08,0.01,0.0,8232.0,2100.0,2100.0,8232.0,0.0,0.0,0.0,0.0,0.0,0.0,0.0,0.0,0.0,0.0,0.0,0.0,0.0,0.0,0.01,0.0,100.0,100.0,0.0,0.0,0.0,100.0,0.0,1.0,100.0,1.0,3.92
2024-11-21,2100.0,7518.0,0.08,2.4,0.08,0.01,0.0,7518.0,2100.0,2100.0,7518.0,0.0,0.0,0.0,0.0,0.0,0.0,0.0,0.0,0.0,0.0,0.0,0.0,0.0,0.0,0.01,0.0,100.0,100.0,0.0,0.0,0.0,100.0,0.0,1.0,100.0,1.0,3.58
2024-11-22,2100.0,6783.0,0.08,1.9,0.08,0.01,0.0,6783.0,2100.0,2100.0,6783.0,0.0,0.0,0.0,0.0,0.0,0.0,0.0,0.0,0.0,0.0,0.0,0.0,0.0,0.0,0.01,0.0,100.0,100.0,0.0,0.0,0.0,100.0,0.0,1.0,100.0,1.0,3.23
2024-11-25,2100.0,7287.0,0.08,1.84,0.08,0.01,0.0,7287.0,2100.0,2100.0,7287.0,0.0,0.0,0.0,0.0,0.0,0.0,0.0,0.0,0.0,0.0,0.0,0.0,0.0,0.0,0.01,0.0,100.0,100.0,0.0,0.0,0.0,100.0,0.0,1.0,100.0,1.0,3.47
2024-11-26,2100.0,6867.0,0.08,1.75,0.08,0.01,0.0,6867.0,2100.0,2100.0,6867.0,0.0,0.0,0.0,0.0,0.0,0.0,0.0,0.0,0.0,0.0,0.0,0.0,0.0,0.0,0.01,0.0,100.0,100.0,0.0,0.0,0.0,100.0,0.0,1.0,100.0,1.0,3.27
2024-11-27,2100.0,6804.0,0.08,1.73,0.08,0.01,0.0,6804.0,2100.0,2100.0,6804.0,0.0,0.0,0.0,0.0,0.0,0.0,0.0,0.0,0.0,0.0,0.0,0.0,0.0,0.0,0.01,0.0,100.0,100.0,0.0,0.0,0.0,100.0,0.0,1.0,100.0,1.0,3.24
2024-11-28,2100.0,6825.0,0.08,1.61,0.08,0.01,0.0,6825.0,2100.0,2100.0,6825.0,0.0,0.0,0.0,0.0,0.0,0.0,0.0,0.0,0.0,0.0,0.0,0.0,0.0,0.0,0.01,0.0,100.0,100.0,0.0,0.0,0.0,100.0,0.0,1.0,100.0,1.0,3.25
2024-11-29,2100.0,6825.0,0.08,1.61,0.08,0.01,0.0,6825.0,2100.0,2100.0,6825.0,0.0,0.0,0.0,0.0,0.0,0.0,0.0,0.0,0.0,0.0,0.0,0.0,0.0,0.0,0.01,0.0,100.0,100.0,0.0,0.0,0.0,100.0,0.0,1.0,100.0,1.0,3.25
2024-12-02,2100.0,6468.0,0.08,1.61,0.08,0.01,0.0,6468.0,2100.0,2100.0,6468.0,0.0,0.0,0.0,0.0,0.0,0.0,0.0,0.0,0.0,0.0,0.0,0.0,0.0,0.0,0.01,0.0,100.0,100.0,0.0,0.0,0.0,100.0,0.0,1.0,100.0,1.0,3.08
2024-12-03,2100.0,6468.0,0.08,1.52,0.08,0.01,0.0,6468.0,2100.0,2100.0,6468.0,0.0,0.0,0.0,0.0,0.0,0.0,0.0,0.0,0.0,0.0,0.0,0.0,0.0,0.0,0.01,0.0,100.0,100.0,0.0,0.0,0.0,100.0,0.0,1.0,100.0,1.0,3.08
2024-12-04,2100.0,6468.0,0.08,1.53,0.08,0.01,0.0,6468.0,2100.0,2100.0,6468.0,0.0,0.0,0.0,0.0,0.0,0.0,0.0,0.0,0.0,0.0,0.0,0.0,0.0,0.0,0.01,0.0,100.0,100.0,0.0,0.0,0.0,100.0,0.0,1.0,100.0,1.0,3.08
2024-12-05,2100.0,6426.0,0.08,1.53,0.08,0.01,0.0,6426.0,2100.0,2100.0,6426.0,0.0,0.0,0.0,0.0,0.0,0.0,0.0,0.0,0.0,0.0,0.0,0.0,0.0,0.0,0.01,0.0,100.0,100.0,0.0,0.0,0.0,100.0,0.0,1.0,100.0,1.0,3.06
2024-12-06,2100.0,6300.0,0.08,1.52,0.08,0.01,0.0,6300.0,2100.0,2100.0,6300.0,0.0,0.0,0.0,0.0,0.0,0.0,0.0,0.0,0.0,0.0,0.0,0.0,0.0,0.0,0.01,0.0,100.0,100.0,0.0,0.0,0.0,100.0,0.0,1.0,100.0,1.0,3.0
2024-12-09,2100.0,6279.0,0.08,1.48,0.08,0.01,0.0,6279.0,2100.0,2100.0,6279.0,0.0,0.0,0.0,0.0,0.0,0.0,0.0,0.0,0.0,0.0,0.0,0.0,0.0,0.0,0.01,0.0,100.0,100.0,0.0,0.0,0.0,100.0,0.0,1.0,100.0,1.0,2.99
2024-12-10,2100.0,6384.0,0.08,1.48,0.08,0.01,0.0,6384.0,2100.0,2100.0,6384.0,0.0,0.0,0.0,0.0,0.0,0.0,0.0,0.0,0.0,0.0,0.0,0.0,0.0,0.0,0.01,0.0,100.0,100.0,0.0,0.0,0.0,100.0,0.0,1.0,100.0,1.0,3.04
2024-12-11,2100.0,6426.0,0.08,1.43,0.08,0.01,0.0,6426.0,2100.0,2100.0,6426.0,0.0,0.0,0.0,0.0,0.0,0.0,0.0,0.0,0.0,0.0,0.0,0.0,0.0,0.0,0.01,0.0,100.0,100.0,0.0,0.0,0.0,100.0,0.0,1.0,100.0,1.0,3.06
2024-12-12,2100.0,6384.0,0.08,1.44,0.08,0.01,0.0,6384.0,2100.0,2100.0,6384.0,0.0,0.0,0.0,0.0,0.0,0.0,0.0,0.0,0.0,0.0,0.0,0.0,0.0,0.0,0.01,0.0,100.0,100.0,0.0,0.0,0.0,100.0,0.0,1.0,100.0,1.0,3.04
2024-12-13,2100.0,6405.0,0.08,1.46,0.08,0.01,0.0,6405.0,2100.0,2100.0,6405.0,0.0,0.0,0.0,0.0,0.0,0.0,0.0,0.0,0.0,0.0,0.0,0.0,0.0,0.0,0.01,0.0,100.0,100.0,0.0,0.0,0.0,100.0,0.0,1.0,100.0,1.0,3.05
2024-12-16,2100.0,6237.0,0.08,2.03,0.08,0.01,0.0,6237.0,2100.0,2100.0,6237.0,0.0,0.0,0.0,0.0,0.0,0.0,0.0,0.0,0.0,0.0,0.0,0.0,0.0,0.0,0.01,0.0,100.0,100.0,0.0,0.0,0.0,100.0,0.0,1.0,100.0,1.0,2.97
2024-12-17,2100.0,6384.0,0.08,2.15,0.08,0.01,0.0,6384.0,2100.0,2100.0,6384.0,0.0,0.0,0.0,0.0,0.0,0.0,0.0,0.0,0.0,0.0,0.0,0.0,0.0,0.0,0.01,0.0,100.0,100.0,0.0,0.0,0.0,100.0,0.0,1.0,100.0,1.0,3.04
2024-12-18,2100.0,6384.0,0.08,2.17,0.08,0.01,0.0,6384.0,2100.0,2100.0,6384.0,0.0,0.0,0.0,0.0,0.0,0.0,0.0,0.0,0.0,0.0,0.0,0.0,0.0,0.0,0.01,0.0,100.0,100.0,0.0,0.0,0.0,100.0,0.0,1.0,100.0,1.0,3.04
2024-12-19,2100.0,6384.0,0.08,1.95,0.08,0.01,0.0,6384.0,2100.0,2100.0,6384.0,0.0,0.0,0.0,0.0,0.0,0.0,0.0,0.0,0.0,0.0,0.0,0.0,0.0,0.0,0.01,0.0,100.0,100.0,0.0,0.0,0.0,100.0,0.0,1.0,100.0,1.0,3.04
2024-12-20,2100.0,6384.0,0.08,1.7,0.08,0.01,0.0,6384.0,2100.0,2100.0,6384.0,0.0,0.0,0.0,0.0,0.0,0.0,0.0,0.0,0.0,0.0,0.0,0.0,0.0,0.0,0.01,0.0,100.0,100.0,0.0,0.0,0.0,100.0,0.0,1.0,100.0,1.0,3.04
2024-12-23,2100.0,6300.0,0.08,1.7,0.08,0.01,0.0,6300.0,2100.0,2100.0,6300.0,0.0,0.0,0.0,0.0,0.0,0.0,0.0,0.0,0.0,0.0,0.0,0.0,0.0,0.0,0.01,0.0,100.0,100.0,0.0,0.0,0.0,100.0,0.0,1.0,100.0,1.0,3.0
2024-12-24,2100.0,6321.0,0.08,1.69,0.08,0.01,0.0,6321.0,2100.0,2100.0,6321.0,0.0,0.0,0.0,0.0,0.0,0.0,0.0,0.0,0.0,0.0,0.0,0.0,0.0,0.0,0.01,0.0,100.0,100.0,0.0,0.0,0.0,100.0,0.0,1.0,100.0,1.0,3.01
2024-12-25,2100.0,6321.0,0.08,1.69,0.08,0.01,0.0,6321.0,2100.0,2100.0,6321.0,0.0,0.0,0.0,0.0,0.0,0.0,0.0,0.0,0.0,0.0,0.0,0.0,0.0,0.0,0.01,0.0,100.0,100.0,0.0,0.0,0.0,100.0,0.0,1.0,100.0,1.0,0.0
2024-12-26,2100.0,6321.0,0.08,1.69,0.08,0.01,0.0,6321.0,2100.0,2100.0,6321.0,0.0,0.0,0.0,0.0,0.0,0.0,0.0,0.0,0.0,0.0,0.0,0.0,0.0,0.0,0.01,0.0,100.0,100.0,0.0,0.0,0.0,100.0,0.0,1.0,100.0,1.0,0.0
2024-12-27,2100.0,6300.0,0.08,1.69,0.08,0.01,0.0,6300.0,2100.0,2100.0,6300.0,0.0,0.0,0.0,0.0,0.0,0.0,0.0,0.0,0.0,0.0,0.0,0.0,0.0,0.0,0.01,0.0,100.0,100.0,0.0,0.0,0.0,100.0,0.0,1.0,100.0,1.0,3.0
2024-12-30,2100.0,6321.0,0.08,1.65,0.08,0.01,0.0,6321.0,2100.0,2100.0,6321.0,0.0,0.0,0.0,0.0,0.0,0.0,0.0,0.0,0.0,0.0,0.0,0.0,0.0,0.0,0.01,0.0,100.0,100.0,0.0,0.0,0.0,100.0,0.0,1.0,100.0,1.0,3.01
2024-12-31,2100.0,6279.0,0.08,1.64,0.08,0.01,0.0,6279.0,2100.0,2100.0,6279.0,0.0,0.0,0.0,0.0,0.0,0.0,0.0,0.0,0.0,0.0,0.0,0.0,0.0,0.0,0.01,0.0,100.0,100.0,0.0,0.0,0.0,100.0,0.0,1.0,100.0,1.0,2.99
2025-01-01,4200.0,12558.0,0.15,3.28,0.15,0.01,0.0,6279.0,2100.0,2100.0,6279.0,0.0,0.0,0.0,0.0,0.0,0.0,0.0,0.0,0.0,0.0,0.0,0.0,0.0,0.0,0.01,0.0,100.0,100.0,0.0,0.0,0.0,100.0,0.0,1.0,100.0,2.0,0.0
2025-01-02,2100.0,6174.0,0.08,1.64,0.08,0.01,0.0,6174.0,2100.0,2100.0,6174.0,0.0,0.0,0.0,0.0,0.0,0.0,0.0,0.0,0.0,0.0,0.0,0.0,0.0,0.0,0.01,0.0,100.0,100.0,0.0,0.0,0.0,100.0,0.0,1.0,100.0,1.0,2.94
2025-01-03,2100.0,6048.0,0.08,1.64,0.08,0.01,0.0,6048.0,2100.0,2100.0,6048.0,0.0,0.0,0.0,0.0,0.0,0.0,0.0,0.0,0.0,0.0,0.0,0.0,0.0,0.0,0.01,0.0,100.0,100.0,0.0,0.0,0.0,100.0,0.0,1.0,100.0,1.0,2.88
2025-01-06,2100.0,6468.0,0.08,1.62,0.08,0.01,0.0,6468.0,2100.0,2100.0,6468.0,0.0,0.0,0.0,0.0,0.0,0.0,0.0,0.0,0.0,0.0,0.0,0.0,0.0,0.0,0.01,0.0,100.0,100.0,0.0,0.0,0.0,100.0,0.0,1.0,100.0,1.0,3.08
2025-01-07,2100.0,6468.0,0.08,1.65,0.08,0.01,0.0,6468.0,2100.0,2100.0,6468.0,0.0,0.0,0.0,0.0,0.0,0.0,0.0,0.0,0.0,0.0,0.0,0.0,0.0,0.0,0.01,0.0,100.0,100.0,0.0,0.0,0.0,100.0,0.0,1.0,100.0,1.0,3.08
2025-01-08,2100.0,6384.0,0.08,1.99,0.08,0.01,0.0,6384.0,2100.0,2100.0,6384.0,0.0,0.0,0.0,0.0,0.0,0.0,0.0,0.0,0.0,0.0,0.0,0.0,0.0,0.0,0.01,0.0,100.0,100.0,0.0,0.0,0.0,100.0,0.0,1.0,100.0,1.0,3.04
2025-01-09,2100.0,6405.0,0.08,2.14,0.08,0.01,0.0,6405.0,2100.0,2100.0,6405.0,0.0,0.0,0.0,0.0,0.0,0.0,0.0,0.0,0.0,0.0,0.0,0.0,0.0,0.0,0.01,0.0,100.0,100.0,0.0,0.0,0.0,100.0,0.0,1.0,100.0,1.0,3.05
2025-01-10,2100.0,6426.0,0.08,2.3,0.08,0.01,0.0,6426.0,2100.0,2100.0,6426.0,0.0,0.0,0.0,0.0,0.0,0.0,0.0,0.0,0.0,0.0,0.0,0.0,0.0,0.0,0.01,0.0,100.0,100.0,0.0,0.0,0.0,100.0,0.0,1.0,100.0,1.0,3.06
2025-01-13,2100.0,6321.0,0.08,2.33,0.08,0.01,0.0,6321.0,2100.0,2100.0,6321.0,0.0,0.0,0.0,0.0,0.0,0.0,0.0,0.0,0.0,0.0,0.0,0.0,0.0,0.0,0.01,0.0,100.0,100.0,0.0,0.0,0.0,100.0,0.0,1.0,100.0,1.0,3.01
2025-01-14,2100.0,6342.0,0.08,2.56,0.08,0.01,0.0,6342.0,2100.0,2100.0,6342.0,0.0,0.0,0.0,0.0,0.0,0.0,0.0,0.0,0.0,0.0,0.0,0.0,0.0,0.0,0.01,0.0,100.0,100.0,0.0,0.0,0.0,100.0,0.0,1.0,100.0,1.0,3.02
2025-01-15,2100.0,6405.0,0.08,2.56,0.08,0.01,0.0,6405.0,2100.0,2100.0,6405.0,0.0,0.0,0.0,0.0,0.0,0.0,0.0,0.0,0.0,0.0,0.0,0.0,0.0,0.0,0.01,0.0,100.0,100.0,0.0,0.0,0.0,100.0,0.0,1.0,100.0,1.0,3.05
2025-01-16,2100.0,6405.0,0.08,2.54,0.08,0.01,0.0,6405.0,2100.0,2100.0,6405.0,0.0,0.0,0.0,0.0,0.0,0.0,0.0,0.0,0.0,0.0,0.0,0.0,0.0,0.0,0.01,0.0,100.0,100.0,0.0,0.0,0.0,100.0,0.0,1.0,100.0,1.0,3.05
2025-01-17,2100.0,6384.0,0.08,2.69,0.08,0.01,0.0,6384.0,2100.0,2100.0,6384.0,0.0,0.0,0.0,0.0,0.0,0.0,0.0,0.0,0.0,0.0,0.0,0.0,0.0,0.0,0.01,0.0,100.0,100.0,0.0,0.0,0.0,100.0,0.0,1.0,100.0,1.0,3.04
2025-01-20,2100.0,6300.0,0.08,2.69,0.08,0.01,0.0,6300.0,2100.0,2100.0,6300.0,0.0,0.0,0.0,0.0,0.0,0.0,0.0,0.0,0.0,0.0,0.0,0.0,0.0,0.0,0.01,0.0,100.0,100.0,0.0,0.0,0.0,100.0,0.0,1.0,100.0,1.0,3.0
2025-01-21,2100.0,6384.0,0.08,2.62,0.08,0.01,0.0,6384.0,2100.0,2100.0,6384.0,0.0,0.0,0.0,0.0,0.0,0.0,0.0,0.0,0.0,0.0,0.0,0.0,0.0,0.0,0.01,0.0,100.0,100.0,0.0,0.0,0.0,100.0,0.0,1.0,100.0,1.0,3.04
2025-01-22,2100.0,6090.0,0.08,2.6,0.08,0.01,0.0,6090.0,2100.0,2100.0,6090.0,0.0,0.0,0.0,0.0,0.0,0.0,0.0,0.0,0.0,0.0,0.0,0.0,0.0,0.0,0.01,0.0,100.0,100.0,0.0,0.0,0.0,100.0,0.0,1.0,100.0,1.0,2.9
2025-01-23,2100.0,6132.0,0.08,2.65,0.08,0.01,0.0,6132.0,2100.0,2100.0,6132.0,0.0,0.0,0.0,0.0,0.0,0.0,0.0,0.0,0.0,0.0,0.0,0.0,0.0,0.0,0.01,0.0,100.0,100.0,0.0,0.0,0.0,100.0,0.0,1.0,100.0,1.0,2.92
2025-01-24,2100.0,6384.0,0.08,2.75,0.08,0.01,0.0,6384.0,2100.0,2100.0,6384.0,0.0,0.0,0.0,0.0,0.0,0.0,0.0,0.0,0.0,0.0,0.0,0.0,0.0,0.0,0.01,0.0,100.0,100.0,0.0,0.0,0.0,100.0,0.0,1.0,100.0,1.0,3.04
2025-01-27,2100.0,6321.0,0.08,2.82,0.08,0.01,0.0,6321.0,2100.0,2100.0,6321.0,0.0,0.0,0.0,0.0,0.0,0.0,0.0,0.0,0.0,0.0,0.0,0.0,0.0,0.0,0.01,0.0,100.0,100.0,0.0,0.0,0.0,100.0,0.0,1.0,100.0,1.0,3.01
2025-01-28,2100.0,6321.0,0.08,2.83,0.08,0.01,0.0,6321.0,2100.0,2100.0,6321.0,0.0,0.0,0.0,0.0,0.0,0.0,0.0,0.0,0.0,0.0,0.0,0.0,0.0,0.0,0.01,0.0,100.0,100.0,0.0,0.0,0.0,100.0,0.0,1.0,100.0,1.0,3.01
2025-01-29,2100.0,6300.0,0.08,2.88,0.08,0.01,0.0,6300.0,2100.0,2100.0,6300.0,0.0,0.0,0.0,0.0,0.0,0.0,0.0,0.0,0.0,0.0,0.0,0.0,0.0,0.0,0.01,0.0,100.0,100.0,0.0,0.0,0.0,100.0,0.0,1.0,100.0,1.0,3.0
2025-01-30,2100.0,6321.0,0.08,2.91,0.08,0.01,0.0,6321.0,2100.0,2100.0,6321.0,0.0,0.0,0.0,0.0,0.0,0.0,0.0,0.0,0.0,0.0,0.0,0.0,0.0,0.0,0.01,0.0,100.0,100.0,0.0,0.0,0.0,100.0,0.0,1.0,100.0,1.0,3.01
2025-01-31,2100.0,6300.0,0.08,2.99,0.08,0.01,0.0,6300.0,2100.0,2100.0,6300.0,0.0,0.0,0.0,0.0,0.0,0.0,0.0,0.0,0.0,0.0,0.0,0.0,0.0,0.0,0.01,0.0,100.0,100.0,0.0,0.0,0.0,100.0,0.0,1.0,100.0,1.0,3.0
2025-02-03,2100.0,6090.0,0.08,3.03,0.08,0.01,0.0,6090.0,2100.0,2100.0,6090.0,0.0,0.0,0.0,0.0,0.0,0.0,0.0,0.0,0.0,0.0,0.0,0.0,0.0,0.0,0.01,0.0,100.0,100.0,0.0,0.0,0.0,100.0,0.0,1.0,100.0,1.0,2.9
2025-02-04,2100.0,6426.0,0.08,3.33,0.08,0.01,0.0,6426.0,2100.0,2100.0,6426.0,0.0,0.0,0.0,0.0,0.0,0.0,0.0,0.0,0.0,0.0,0.0,0.0,0.0,0.0,0.01,0.0,100.0,100.0,0.0,0.0,0.0,100.0,0.0,1.0,100.0,1.0,3.06
2025-02-05,2100.0,6321.0,0.08,3.28,0.08,0.01,0.0,6321.0,2100.0,2100.0,6321.0,0.0,0.0,0.0,0.0,0.0,0.0,0.0,0.0,0.0,0.0,0.0,0.0,0.0,0.0,0.01,0.0,100.0,100.0,0.0,0.0,0.0,100.0,0.0,1.0,100.0,1.0,3.01
2025-02-06,2100.0,6426.0,0.08,2.49,0.08,0.01,0.0,6426.0,2100.0,2100.0,6426.0,0.0,0.0,0.0,0.0,0.0,0.0,0.0,0.0,0.0,0.0,0.0,0.0,0.0,0.0,0.01,0.0,100.0,100.0,0.0,0.0,0.0,100.0,0.0,1.0,100.0,1.0,3.06
2025-02-07,2100.0,6405.0,0.08,2.05,0.08,0.01,0.0,6405.0,2100.0,2100.0,6405.0,0.0,0.0,0.0,0.0,0.0,0.0,0.0,0.0,0.0,0.0,0.0,0.0,0.0,0.0,0.01,0.0,100.0,100.0,0.0,0.0,0.0,100.0,0.0,1.0,100.0,1.0,3.05
2025-02-10,2100.0,6426.0,0.08,2.04,0.08,0.01,0.0,6426.0,2100.0,2100.0,6426.0,0.0,0.0,0.0,0.0,0.0,0.0,0.0,0.0,0.0,0.0,0.0,0.0,0.0,0.0,0.01,0.0,100.0,100.0,0.0,0.0,0.0,100.0,0.0,1.0,100.0,1.0,3.06
2025-02-11,2100.0,6405.0,0.08,1.69,0.08,0.01,0.0,6405.0,2100.0,2100.0,6405.0,0.0,0.0,0.0,0.0,0.0,0.0,0.0,0.0,0.0,0.0,0.0,0.0,0.0,0.0,0.01,0.0,100.0,100.0,0.0,0.0,0.0,100.0,0.0,1.0,100.0,1.0,3.05
2025-02-12,2100.0,6405.0,0.08,1.74,0.08,0.01,0.0,6405.0,2100.0,2100.0,6405.0,0.0,0.0,0.0,0.0,0.0,0.0,0.0,0.0,0.0,0.0,0.0,0.0,0.0,0.0,0.01,0.0,100.0,100.0,0.0,0.0,0.0,100.0,0.0,1.0,100.0,1.0,3.05
2025-02-13,2100.0,6405.0,0.08,1.74,0.08,0.01,0.0,6405.0,2100.0,2100.0,6405.0,0.0,0.0,0.0,0.0,0.0,0.0,0.0,0.0,0.0,0.0,0.0,0.0,0.0,0.0,0.01,0.0,100.0,100.0,0.0,0.0,0.0,100.0,0.0,1.0,100.0,1.0,3.05
2025-02-14,2100.0,6384.0,0.08,1.73,0.08,0.01,0.0,6384.0,2100.0,2100.0,6384.0,0.0,0.0,0.0,0.0,0.0,0.0,0.0,0.0,0.0,0.0,0.0,0.0,0.0,0.0,0.01,0.0,100.0,100.0,0.0,0.0,0.0,100.0,0.0,1.0,100.0,1.0,3.04
2025-02-17,2100.0,6384.0,0.08,1.62,0.08,0.01,0.0,6384.0,2100.0,2100.0,6384.0,0.0,0.0,0.0,0.0,0.0,0.0,0.0,0.0,0.0,0.0,0.0,0.0,0.0,0.0,0.01,0.0,100.0,100.0,0.0,0.0,0.0,100.0,0.0,1.0,100.0,1.0,3.04
2025-02-18,2100.0,6384.0,0.08,1.62,0.08,0.01,0.0,6384.0,2100.0,2100.0,6384.0,0.0,0.0,0.0,0.0,0.0,0.0,0.0,0.0,0.0,0.0,0.0,0.0,0.0,0.0,0.01,0.0,100.0,100.0,0.0,0.0,0.0,100.0,0.0,1.0,100.0,1.0,3.04
2025-02-19,2100.0,6258.0,0.08,1.63,0.08,0.01,0.0,6258.0,2100.0,2100.0,6258.0,0.0,0.0,0.0,0.0,0.0,0.0,0.0,0.0,0.0,0.0,0.0,0.0,0.0,0.0,0.01,0.0,100.0,100.0,0.0,0.0,0.0,100.0,0.0,1.0,100.0,1.0,2.98
2025-02-20,2100.0,6426.0,0.08,1.56,0.08,0.01,0.0,6426.0,2100.0,2100.0,6426.0,0.0,0.0,0.0,0.0,0.0,0.0,0.0,0.0,0.0,0.0,0.0,0.0,0.0,0.0,0.01,0.0,100.0,100.0,0.0,0.0,0.0,100.0,0.0,1.0,100.0,1.0,3.06
2025-02-21,2100.0,6426.0,0.08,1.57,0.08,0.01,0.0,6426.0,2100.0,2100.0,6426.0,0.0,0.0,0.0,0.0,0.0,0.0,0.0,0.0,0.0,0.0,0.0,0.0,0.0,0.0,0.01,0.0,100.0,100.0,0.0,0.0,0.0,100.0,0.0,1.0,100.0,1.0,3.06
2025-02-24,2100.0,6426.0,0.08,1.57,0.08,0.01,0.0,6426.0,2100.0,2100.0,6426.0,0.0,0.0,0.0,0.0,0.0,0.0,0.0,0.0,0.0,0.0,0.0,0.0,0.0,0.0,0.01,0.0,100.0,100.0,0.0,0.0,0.0,100.0,0.0,1.0,100.0,1.0,3.06
2025-02-25,2100.0,6426.0,0.08,1.59,0.08,0.01,0.0,6426.0,2100.0,2100.0,6426.0,0.0,0.0,0.0,0.0,0.0,0.0,0.0,0.0,0.0,0.0,0.0,0.0,0.0,0.0,0.01,0.0,100.0,100.0,0.0,0.0,0.0,100.0,0.0,1.0,100.0,1.0,3.06
2025-02-26,2100.0,6216.0,0.08,1.6,0.08,0.01,0.0,6216.0,2100.0,2100.0,6216.0,0.0,0.0,0.0,0.0,0.0,0.0,0.0,0.0,0.0,0.0,0.0,0.0,0.0,0.0,0.01,0.0,100.0,100.0,0.0,0.0,0.0,100.0,0.0,1.0,100.0,1.0,2.96
2025-02-27,2100.0,6300.0,0.08,1.47,0.08,0.01,0.0,6300.0,2100.0,2100.0,6300.0,0.0,0.0,0.0,0.0,0.0,0.0,0.0,0.0,0.0,0.0,0.0,0.0,0.0,0.0,0.01,0.0,100.0,100.0,0.0,0.0,0.0,100.0,0.0,1.0,100.0,1.0,3.0
2025-02-28,2100.0,6300.0,0.08,1.46,0.08,0.01,0.0,6300.0,2100.0,2100.0,6300.0,0.0,0.0,0.0,0.0,0.0,0.0,0.0,0.0,0.0,0.0,0.0,0.0,0.0,0.0,0.01,0.0,100.0,100.0,0.0,0.0,0.0,100.0,0.0,1.0,100.0,1.0,3.0
2025-03-03,2100.0,6300.0,0.08,1.43,0.08,0.01,0.0,6300.0,2100.0,2100.0,6300.0,0.0,0.0,0.0,0.0,0.0,0.0,0.0,0.0,0.0,0.0,0.0,0.0,0.0,0.0,0.01,0.0,100.0,100.0,0.0,0.0,0.0,100.0,0.0,1.0,100.0,1.0,3.0
2025-03-04,2100.0,6195.0,0.08,1.44,0.08,0.01,0.0,6195.0,2100.0,2100.0,6195.0,0.0,0.0,0.0,0.0,0.0,0.0,0.0,0.0,0.0,0.0,0.0,0.0,0.0,0.0,0.01,0.0,100.0,100.0,0.0,0.0,0.0,100.0,0.0,1.0,100.0,1.0,2.95
2025-03-05,2100.0,6363.0,0.08,1.39,0.08,0.01,0.0,6363.0,2100.0,2100.0,6363.0,0.0,0.0,0.0,0.0,0.0,0.0,0.0,0.0,0.0,0.0,0.0,0.0,0.0,0.0,0.01,0.0,100.0,100.0,0.0,0.0,0.0,100.0,0.0,1.0,100.0,1.0,3.03
2025-03-06,2100.0,6300.0,0.08,1.36,0.08,0.01,0.0,6300.0,2100.0,2100.0,6300.0,0.0,0.0,0.0,0.0,0.0,0.0,0.0,0.0,0.0,0.0,0.0,0.0,0.0,0.0,0.01,0.0,100.0,100.0,0.0,0.0,0.0,100.0,0.0,1.0,100.0,1.0,3.0
2025-03-07,2100.0,6300.0,0.08,1.3,0.08,0.01,0.0,6300.0,2100.0,2100.0,6300.0,0.0,0.0,0.0,0.0,0.0,0.0,0.0,0.0,0.0,0.0,0.0,0.0,0.0,0.0,0.01,0.0,100.0,100.0,0.0,0.0,0.0,100.0,0.0,1.0,100.0,1.0,3.0
2025-03-10,2100.0,6300.0,0.08,1.33,0.08,0.01,0.0,6300.0,2100.0,2100.0,6300.0,0.0,0.0,0.0,0.0,0.0,0.0,0.0,0.0,0.0,0.0,0.0,0.0,0.0,0.0,0.01,0.0,100.0,100.0,0.0,0.0,0.0,100.0,0.0,1.0,100.0,1.0,3.0
2025-03-11,2100.0,6300.0,0.08,1.32,0.08,0.01,0.0,6300.0,2100.0,2100.0,6300.0,0.0,0.0,0.0,0.0,0.0,0.0,0.0,0.0,0.0,0.0,0.0,0.0,0.0,0.0,0.01,0.0,100.0,100.0,0.0,0.0,0.0,100.0,0.0,1.0,100.0,1.0,3.0
2025-03-12,2100.0,6300.0,0.08,1.32,0.08,0.01,0.0,6300.0,2100.0,2100.0,6300.0,0.0,0.0,0.0,0.0,0.0,0.0,0.0,0.0,0.0,0.0,0.0,0.0,0.0,0.0,0.01,0.0,100.0,100.0,0.0,0.0,0.0,100.0,0.0,1.0,100.0,1.0,3.0
2025-03-13,2100.0,6300.0,0.08,1.32,0.08,0.01,0.0,6300.0,2100.0,2100.0,6300.0,0.0,0.0,0.0,0.0,0.0,0.0,0.0,0.0,0.0,0.0,0.0,0.0,0.0,0.0,0.01,0.0,100.0,100.0,0.0,0.0,0.0,100.0,0.0,1.0,100.0,1.0,3.0
2025-03-14,2100.0,6300.0,0.08,1.34,0.08,0.01,0.0,6300.0,2100.0,2100.0,6300.0,0.0,0.0,0.0,0.0,0.0,0.0,0.0,0.0,0.0,0.0,0.0,0.0,0.0,0.0,0.01,0.0,100.0,100.0,0.0,0.0,0.0,100.0,0.0,1.0,100.0,1.0,3.0
2025-03-17,2100.0,6300.0,0.08,1.34,0.08,0.01,0.0,6300.0,2100.0,2100.0,6300.0,0.0,0.0,0.0,0.0,0.0,0.0,0.0,0.0,0.0,0.0,0.0,0.0,0.0,0.0,0.01,0.0,100.0,100.0,0.0,0.0,0.0,100.0,0.0,1.0,100.0,1.0,3.0
2025-03-18,2100.0,6279.0,0.08,1.39,0.08,0.01,0.0,6279.0,2100.0,2100.0,6279.0,0.0,0.0,0.0,0.0,0.0,0.0,0.0,0.0,0.0,0.0,0.0,0.0,0.0,0.0,0.01,0.0,100.0,100.0,0.0,0.0,0.0,100.0,0.0,1.0,100.0,1.0,2.99
2025-03-19,2100.0,6300.0,0.08,1.6,0.08,0.01,0.0,6300.0,2100.0,2100.0,6300.0,0.0,0.0,0.0,0.0,0.0,0.0,0.0,0.0,0.0,0.0,0.0,0.0,0.0,0.0,0.01,0.0,100.0,100.0,0.0,0.0,0.0,100.0,0.0,1.0,100.0,1.0,3.0
2025-03-20,2100.0,6300.0,0.08,1.87,0.08,0.01,0.0,6300.0,2100.0,2100.0,6300.0,0.0,0.0,0.0,0.0,0.0,0.0,0.0,0.0,0.0,0.0,0.0,0.0,0.0,0.0,0.01,0.0,100.0,100.0,0.0,0.0,0.0,100.0,0.0,1.0,100.0,1.0,3.0
2025-03-21,2100.0,6300.0,0.08,2.26,0.08,0.01,0.0,6300.0,2100.0,2100.0,6300.0,0.0,0.0,0.0,0.0,0.0,0.0,0.0,0.0,0.0,0.0,0.0,0.0,0.0,0.0,0.01,0.0,100.0,100.0,0.0,0.0,0.0,100.0,0.0,1.0,100.0,1.0,3.0
2025-03-24,2100.0,6300.0,0.08,2.25,0.08,0.01,0.0,6300.0,2100.0,2100.0,6300.0,0.0,0.0,0.0,0.0,0.0,0.0,0.0,0.0,0.0,0.0,0.0,0.0,0.0,0.0,0.01,0.0,100.0,100.0,0.0,0.0,0.0,100.0,0.0,1.0,100.0,1.0,3.0
2025-03-25,2100.0,6300.0,0.08,2.93,0.08,0.01,0.0,6300.0,2100.0,2100.0,6300.0,0.0,0.0,0.0,0.0,0.0,0.0,0.0,0.0,0.0,0.0,0.0,0.0,0.0,0.0,0.01,0.0,100.0,100.0,0.0,0.0,0.0,100.0,0.0,1.0,100.0,1.0,3.0
2025-03-26,2100.0,6279.0,0.08,2.92,0.08,0.01,0.0,6279.0,2100.0,2100.0,6279.0,0.0,0.0,0.0,0.0,0.0,0.0,0.0,0.0,0.0,0.0,0.0,0.0,0.0,0.0,0.01,0.0,100.0,100.0,0.0,0.0,0.0,100.0,0.0,1.0,100.0,1.0,2.99
2025-03-27,2100.0,6279.0,0.08,2.91,0.08,0.01,0.0,6279.0,2100.0,2100.0,6279.0,0.0,0.0,0.0,0.0,0.0,0.0,0.0,0.0,0.0,0.0,0.0,0.0,0.0,0.0,0.01,0.0,100.0,100.0,0.0,0.0,0.0,100.0,0.0,1.0,100.0,1.0,2.99
2025-03-28,2100.0,6237.0,0.08,3.02,0.08,0.01,0.0,6237.0,2100.0,2100.0,6237.0,0.0,0.0,0.0,0.0,0.0,0.0,0.0,0.0,0.0,0.0,0.0,0.0,0.0,0.0,0.01,0.0,100.0,100.0,0.0,0.0,0.0,100.0,0.0,1.0,100.0,1.0,2.97
2025-03-31,2100.0,6237.0,0.08,3.28,0.08,0.01,0.0,6237.0,2100.0,2100.0,6237.0,0.0,0.0,0.0,0.0,0.0,0.0,0.0,0.0,0.0,0.0,0.0,0.0,0.0,0.0,0.01,0.0,100.0,100.0,0.0,0.0,0.0,100.0,0.0,1.0,100.0,1.0,2.97
2025-04-01,2100.0,6237.0,0.08,3.24,0.08,0.01,0.0,6237.0,2100.0,2100.0,6237.0,0.0,0.0,0.0,0.0,0.0,0.0,0.0,0.0,0.0,0.0,0.0,0.0,0.0,0.0,0.01,0.0,100.0,100.0,0.0,0.0,0.0,100.0,0.0,1.0,100.0,1.0,2.97
2025-04-02,2100.0,6237.0,0.08,3.25,0.08,0.01,0.0,6237.0,2100.0,2100.0,6237.0,0.0,0.0,0.0,0.0,0.0,0.0,0.0,0.0,0.0,0.0,0.0,0.0,0.0,0.0,0.01,0.0,100.0,100.0,0.0,0.0,0.0,100.0,0.0,1.0,100.0,1.0,2.97
2025-04-03,2100.0,6216.0,0.08,3.5,0.08,0.01,0.0,6216.0,2100.0,2100.0,6216.0,0.0,0.0,0.0,0.0,0.0,0.0,0.0,0.0,0.0,0.0,0.0,0.0,0.0,0.0,0.01,0.0,100.0,100.0,0.0,0.0,0.0,100.0,0.0,1.0,100.0,1.0,2.96
2025-04-04,2100.0,6216.0,0.08,3.42,0.08,0.01,0.0,6216.0,2100.0,2100.0,6216.0,0.0,0.0,0.0,0.0,0.0,0.0,0.0,0.0,0.0,0.0,0.0,0.0,0.0,0.0,0.01,0.0,100.0,100.0,0.0,0.0,0.0,100.0,0.0,1.0,100.0,1.0,2.96
2025-04-07,2100.0,6214.95,0.08,3.45,0.08,0.01,0.0,6214.95,2100.0,2100.0,6214.95,0.0,0.0,0.0,0.0,0.0,0.0,0.0,0.0,0.0,0.0,0.0,0.0,0.0,0.0,0.01,0.0,100.0,100.0,0.0,0.0,0.0,100.0,0.0,1.0,100.0,1.0,2.9595
2025-04-08,2100.0,6237.0,0.08,3.31,0.08,0.01,0.0,6237.0,2100.0,2100.0,6237.0,0.0,0.0,0.0,0.0,0.0,0.0,0.0,0.0,0.0,0.0,0.0,0.0,0.0,0.0,0.01,0.0,100.0,100.0,0.0,0.0,0.0,100.0,0.0,1.0,100.0,1.0,2.97
2025-04-09,2100.0,6237.0,0.08,3.28,0.08,0.01,0.0,6237.0,2100.0,2100.0,6237.0,0.0,0.0,0.0,0.0,0.0,0.0,0.0,0.0,0.0,0.0,0.0,0.0,0.0,0.0,0.01,0.0,100.0,100.0,0.0,0.0,0.0,100.0,0.0,1.0,100.0,1.0,2.97
2025-04-10,2100.0,6279.0,0.08,4.02,0.08,0.01,0.0,6279.0,2100.0,2100.0,6279.0,0.0,0.0,0.0,0.0,0.0,0.0,0.0,0.0,0.0,0.0,0.0,0.0,0.0,0.0,0.01,0.0,100.0,100.0,0.0,0.0,0.0,100.0,0.0,1.0,100.0,1.0,2.99
2025-04-11,2100.0,6697.95,0.08,4.42,0.08,0.01,0.0,6697.95,2100.0,2100.0,6697.95,0.0,0.0,0.0,0.0,0.0,0.0,0.0,0.0,0.0,0.0,0.0,0.0,0.0,0.0,0.01,0.0,100.0,100.0,0.0,0.0,0.0,100.0,0.0,1.0,100.0,1.0,3.1895
2025-04-14,2100.0,6697.95,0.08,3.79,0.08,0.01,0.0,6697.95,2100.0,2100.0,6697.95,0.0,0.0,0.0,0.0,0.0,0.0,0.0,0.0,0.0,0.0,0.0,0.0,0.0,0.0,0.01,0.0,100.0,100.0,0.0,0.0,0.0,100.0,0.0,1.0,100.0,1.0,3.1895
2025-04-15,2100.0,6697.95,0.08,4.0,0.08,0.01,0.0,6697.95,2100.0,2100.0,6697.95,0.0,0.0,0.0,0.0,0.0,0.0,0.0,0.0,0.0,0.0,0.0,0.0,0.0,0.0,0.01,0.0,100.0,100.0,0.0,0.0,0.0,100.0,0.0,1.0,100.0,1.0,3.1895
2025-04-16,2100.0,6694.8,0.08,4.56,0.08,0.01,0.0,6694.8,2100.0,2100.0,6694.8,0.0,0.0,0.0,0.0,0.0,0.0,0.0,0.0,0.0,0.0,0.0,0.0,0.0,0.0,0.01,0.0,100.0,100.0,0.0,0.0,0.0,100.0,0.0,1.0,100.0,1.0,3.188
2025-04-17,2100.0,6694.8,0.08,5.06,0.08,0.01,0.0,6694.8,2100.0,2100.0,6694.8,0.0,0.0,0.0,0.0,0.0,0.0,0.0,0.0,0.0,0.0,0.0,0.0,0.0,0.0,0.01,0.0,100.0,100.0,0.0,0.0,0.0,100.0,0.0,1.0,100.0,1.0,3.188
2025-04-18,2100.0,6694.8,0.08,6.19,0.08,0.01,0.0,6694.8,2100.0,2100.0,6694.8,0.0,0.0,0.0,0.0,0.0,0.0,0.0,0.0,0.0,0.0,0.0,0.0,0.0,0.0,0.01,0.0,100.0,100.0,0.0,0.0,0.0,100.0,0.0,1.0,100.0,1.0,0.0
2025-04-21,2100.0,6694.8,0.08,6.19,0.08,0.01,0.0,6694.8,2100.0,2100.0,6694.8,0.0,0.0,0.0,0.0,0.0,0.0,0.0,0.0,0.0,0.0,0.0,0.0,0.0,0.0,0.01,0.0,100.0,100.0,0.0,0.0,0.0,100.0,0.0,1.0,100.0,1.0,0.0
2025-04-22,2100.0,6688.5,0.08,6.19,0.08,0.01,0.0,6688.5,2100.0,2100.0,6688.5,0.0,0.0,0.0,0.0,0.0,0.0,0.0,0.0,0.0,0.0,0.0,0.0,0.0,0.0,0.01,0.0,100.0,100.0,0.0,0.0,0.0,100.0,0.0,1.0,100.0,1.0,3.185
2025-04-23,2100.0,6687.45,0.08,6.02,0.08,0.01,0.0,6687.45,2100.0,2100.0,6687.45,0.0,0.0,0.0,0.0,0.0,0.0,0.0,0.0,0.0,0.0,0.0,0.0,0.0,0.0,0.01,0.0,100.0,100.0,0.0,0.0,0.0,100.0,0.0,1.0,100.0,1.0,3.1845
2025-04-24,2100.0,6695.85,0.08,6.25,0.08,0.01,0.0,6695.85,2100.0,2100.0,6695.85,0.0,0.0,0.0,0.0,0.0,0.0,0.0,0.0,0.0,0.0,0.0,0.0,0.0,0.0,0.01,0.0,100.0,100.0,0.0,0.0,0.0,100.0,0.0,1.0,100.0,1.0,3.1885
2025-04-25,2100.0,6720.0,0.08,6.4,0.08,0.01,0.0,6720.0,2100.0,2100.0,6720.0,0.0,0.0,0.0,0.0,0.0,0.0,0.0,0.0,0.0,0.0,0.0,0.0,0.0,0.0,0.01,0.0,100.0,100.0,0.0,0.0,0.0,100.0,0.0,1.0,100.0,1.0,3.2
2025-04-28,2100.0,6716.85,0.08,6.14,0.08,0.01,0.0,6716.85,2100.0,2100.0,6716.85,0.0,0.0,0.0,0.0,0.0,0.0,0.0,0.0,0.0,0.0,0.0,0.0,0.0,0.0,0.01,0.0,100.0,100.0,0.0,0.0,0.0,100.0,0.0,1.0,100.0,1.0,3.1985
2025-04-29,2100.0,6716.85,0.08,6.11,0.08,0.01,0.0,6716.85,2100.0,2100.0,6716.85,0.0,0.0,0.0,0.0,0.0,0.0,0.0,0.0,0.0,0.0,0.0,0.0,0.0,0.0,0.01,0.0,100.0,100.0,0.0,0.0,0.0,100.0,0.0,1.0,100.0,1.0,3.1985
2025-04-30,2100.0,7251.3,0.08,6.14,0.08,0.01,0.0,7251.3,2100.0,2100.0,7251.3,0.0,0.0,0.0,0.0,0.0,0.0,0.0,0.0,0.0,0.0,0.0,0.0,0.0,0.0,0.01,0.0,100.0,100.0,0.0,0.0,0.0,100.0,0.0,1.0,100.0,1.0,3.453
2025-05-01,2100.0,7251.3,0.08,5.45,0.08,0.01,0.0,7251.3,2100.0,2100.0,7251.3,0.0,0.0,0.0,0.0,0.0,0.0,0.0,0.0,0.0,0.0,0.0,0.0,0.0,0.0,0.01,0.0,100.0,100.0,0.0,0.0,0.0,100.0,0.0,1.0,100.0,1.0,0.0
2025-05-02,2100.0,7250.25,0.08,5.45,0.08,0.01,0.0,7250.25,2100.0,2100.0,7250.25,0.0,0.0,0.0,0.0,0.0,0.0,0.0,0.0,0.0,0.0,0.0,0.0,0.0,0.0,0.01,0.0,100.0,100.0,0.0,0.0,0.0,100.0,0.0,1.0,100.0,1.0,3.4525
2025-05-05,2100.0,6088.95,0.08,5.3,0.08,0.01,0.0,6088.95,2100.0,2100.0,6088.95,0.0,0.0,0.0,0.0,0.0,0.0,0.0,0.0,0.0,0.0,0.0,0.0,0.0,0.0,0.01,0.0,100.0,100.0,0.0,0.0,0.0,100.0,0.0,1.0,100.0,1.0,2.8995
2025-05-06,2100.0,6082.65,0.08,2.91,0.08,0.01,0.0,6082.65,2100.0,2100.0,6082.65,0.0,0.0,0.0,0.0,0.0,0.0,0.0,0.0,0.0,0.0,0.0,0.0,0.0,0.0,0.01,0.0,100.0,100.0,0.0,0.0,0.0,100.0,0.0,1.0,100.0,1.0,2.8965
2025-05-07,2100.0,6079.5,0.08,2.69,0.08,0.01,0.0,6079.5,2100.0,2100.0,6079.5,0.0,0.0,0.0,0.0,0.0,0.0,0.0,0.0,0.0,0.0,0.0,0.0,0.0,0.0,0.01,0.0,100.0,100.0,0.0,0.0,0.0,100.0,0.0,1.0,100.0,1.0,2.895
2025-05-08,2100.0,5983.95,0.08,2.69,0.08,0.01,0.0,5983.95,2100.0,2100.0,5983.95,0.0,0.0,0.0,0.0,0.0,0.0,0.0,0.0,0.0,0.0,0.0,0.0,0.0,0.0,0.01,0.0,100.0,100.0,0.0,0.0,0.0,100.0,0.0,1.0,100.0,1.0,2.8495
2025-05-09,2100.0,6046.95,0.08,2.68,0.08,0.01,0.0,6046.95,2100.0,2100.0,6046.95,0.0,0.0,0.0,0.0,0.0,0.0,0.0,0.0,0.0,0.0,0.0,0.0,0.0,0.0,0.01,0.0,100.0,100.0,0.0,0.0,0.0,100.0,0.0,1.0,100.0,1.0,2.8795
2025-05-12,2100.0,5859.0,0.08,2.46,0.08,0.01,0.0,5859.0,2100.0,2100.0,5859.0,0.0,0.0,0.0,0.0,0.0,0.0,0.0,0.0,0.0,0.0,0.0,0.0,0.0,0.0,0.01,0.0,100.0,100.0,0.0,0.0,0.0,100.0,0.0,1.0,100.0,1.0,2.79
2025-05-13,2100.0,5859.0,0.08,2.33,0.08,0.01,0.0,5859.0,2100.0,2100.0,5859.0,0.0,0.0,0.0,0.0,0.0,0.0,0.0,0.0,0.0,0.0,0.0,0.0,0.0,0.0,0.01,0.0,100.0,100.0,0.0,0.0,0.0,100.0,0.0,1.0,100.0,1.0,2.79
2025-05-14,2100.0,5901.0,0.08,2.29,0.08,0.01,0.0,5901.0,2100.0,2100.0,5901.0,0.0,0.0,0.0,0.0,0.0,0.0,0.0,0.0,0.0,0.0,0.0,0.0,0.0,0.0,0.01,0.0,100.0,100.0,0.0,0.0,0.0,100.0,0.0,1.0,100.0,1.0,2.81
2025-05-15,2100.0,5922.0,0.08,2.36,0.08,0.01,0.0,5922.0,2100.0,2100.0,5922.0,0.0,0.0,0.0,0.0,0.0,0.0,0.0,0.0,0.0,0.0,0.0,0.0,0.0,0.0,0.01,0.0,100.0,100.0,0.0,0.0,0.0,100.0,0.0,1.0,100.0,1.0,2.82
2025-05-16,2100.0,5796.0,0.08,2.29,0.08,0.01,0.0,5796.0,2100.0,2100.0,5796.0,0.0,0.0,0.0,0.0,0.0,0.0,0.0,0.0,0.0,0.0,0.0,0.0,0.0,0.0,0.01,0.0,100.0,100.0,0.0,0.0,0.0,100.0,0.0,1.0,100.0,1.0,2.76
2025-05-19,2100.0,5880.0,0.08,2.23,0.08,0.01,0.0,5880.0,2100.0,2100.0,5880.0,0.0,0.0,0.0,0.0,0.0,0.0,0.0,0.0,0.0,0.0,0.0,0.0,0.0,0.0,0.01,0.0,100.0,100.0,0.0,0.0,0.0,100.0,0.0,1.0,100.0,1.0,2.8
2025-05-20,2100.0,5880.0,0.08,2.26,0.08,0.01,0.0,5880.0,2100.0,2100.0,5880.0,0.0,0.0,0.0,0.0,0.0,0.0,0.0,0.0,0.0,0.0,0.0,0.0,0.0,0.0,0.01,0.0,100.0,100.0,0.0,0.0,0.0,100.0,0.0,1.0,100.0,1.0,2.8
2025-05-21,2100.0,5880.0,0.08,2.31,0.08,0.01,0.0,5880.0,2100.0,2100.0,5880.0,0.0,0.0,0.0,0.0,0.0,0.0,0.0,0.0,0.0,0.0,0.0,0.0,0.0,0.0,0.01,0.0,100.0,100.0,0.0,0.0,0.0,100.0,0.0,1.0,100.0,1.0,2.8
2025-05-22,2100.0,5880.0,0.08,2.23,0.08,0.01,0.0,5880.0,2100.0,2100.0,5880.0,0.0,0.0,0.0,0.0,0.0,0.0,0.0,0.0,0.0,0.0,0.0,0.0,0.0,0.0,0.01,0.0,100.0,100.0,0.0,0.0,0.0,100.0,0.0,1.0,100.0,1.0,2.8
2025-05-23,2100.0,5880.0,0.08,2.29,0.08,0.01,0.0,5880.0,2100.0,2100.0,5880.0,0.0,0.0,0.0,0.0,0.0,0.0,0.0,0.0,0.0,0.0,0.0,0.0,0.0,0.0,0.01,0.0,100.0,100.0,0.0,0.0,0.0,100.0,0.0,1.0,100.0,1.0,2.8
2025-05-26,2100.0,5880.0,0.08,2.31,0.08,0.01,0.0,5880.0,2100.0,2100.0,5880.0,0.0,0.0,0.0,0.0,0.0,0.0,0.0,0.0,0.0,0.0,0.0,0.0,0.0,0.0,0.01,0.0,100.0,100.0,0.0,0.0,0.0,100.0,0.0,1.0,100.0,1.0,2.8
2025-05-27,2100.0,5880.0,0.08,2.31,0.08,0.01,0.0,5880.0,2100.0,2100.0,5880.0,0.0,0.0,0.0,0.0,0.0,0.0,0.0,0.0,0.0,0.0,0.0,0.0,0.0,0.0,0.01,0.0,100.0,100.0,0.0,0.0,0.0,100.0,0.0,1.0,100.0,1.0,2.8
2025-05-28,2100.0,5880.0,0.08,2.31,0.08,0.01,0.0,5880.0,2100.0,2100.0,5880.0,0.0,0.0,0.0,0.0,0.0,0.0,0.0,0.0,0.0,0.0,0.0,0.0,0.0,0.0,0.01,0.0,100.0,100.0,0.0,0.0,0.0,100.0,0.0,1.0,100.0,1.0,2.8
2025-05-29,2100.0,5838.0,0.08,2.49,0.08,0.01,0.0,5838.0,2100.0,2100.0,5838.0,0.0,0.0,0.0,0.0,0.0,0.0,0.0,0.0,0.0,0.0,0.0,0.0,0.0,0.0,0.01,0.0,100.0,100.0,0.0,0.0,0.0,100.0,0.0,1.0,100.0,1.0,2.78
2025-05-30,2100.0,5838.0,0.08,2.47,0.08,0.01,0.0,5838.0,2100.0,2100.0,5838.0,0.0,0.0,0.0,0.0,0.0,0.0,0.0,0.0,0.0,0.0,0.0,0.0,0.0,0.0,0.01,0.0,100.0,100.0,0.0,0.0,0.0,100.0,0.0,1.0,100.0,1.0,2.78
2025-06-02,2100.0,5880.0,0.08,2.45,0.08,0.01,0.0,5880.0,2100.0,2100.0,5880.0,0.0,0.0,0.0,0.0,0.0,0.0,0.0,0.0,0.0,0.0,0.0,0.0,0.0,0.0,0.01,0.0,100.0,100.0,0.0,0.0,0.0,100.0,0.0,1.0,100.0,1.0,2.8
2025-06-03,2100.0,5880.0,0.08,2.47,0.08,0.01,0.0,5880.0,2100.0,2100.0,5880.0,0.0,0.0,0.0,0.0,0.0,0.0,0.0,0.0,0.0,0.0,0.0,0.0,0.0,0.0,0.01,0.0,100.0,100.0,0.0,0.0,0.0,100.0,0.0,1.0,100.0,1.0,2.8
2025-06-04,2100.0,5838.0,0.08,2.47,0.08,0.01,0.0,5838.0,2100.0,2100.0,5838.0,0.0,0.0,0.0,0.0,0.0,0.0,0.0,0.0,0.0,0.0,0.0,0.0,0.0,0.0,0.01,0.0,100.0,100.0,0.0,0.0,0.0,100.0,0.0,1.0,100.0,1.0,2.78
2025-06-05,2100.0,5796.0,0.08,2.44,0.08,0.01,0.0,5796.0,2100.0,2100.0,5796.0,0.0,0.0,0.0,0.0,0.0,0.0,0.0,0.0,0.0,0.0,0.0,0.0,0.0,0.0,0.01,0.0,100.0,100.0,0.0,0.0,0.0,100.0,0.0,1.0,100.0,1.0,2.76
2025-06-06,2100.0,5796.0,0.08,2.42,0.08,0.01,0.0,5796.0,2100.0,2100.0,5796.0,0.0,0.0,0.0,0.0,0.0,0.0,0.0,0.0,0.0,0.0,0.0,0.0,0.0,0.0,0.01,0.0,100.0,100.0,0.0,0.0,0.0,100.0,0.0,1.0,100.0,1.0,2.76
2025-06-09,2100.0,5796.0,0.08,2.4,0.08,0.01,0.0,5796.0,2100.0,2100.0,5796.0,0.0,0.0,0.0,0.0,0.0,0.0,0.0,0.0,0.0,0.0,0.0,0.0,0.0,0.0,0.01,0.0,100.0,100.0,0.0,0.0,0.0,100.0,0.0,1.0,100.0,1.0,2.76
2025-06-10,2100.0,5796.0,0.08,2.44,0.08,0.01,0.0,5796.0,2100.0,2100.0,5796.0,0.0,0.0,0.0,0.0,0.0,0.0,0.0,0.0,0.0,0.0,0.0,0.0,0.0,0.0,0.01,0.0,100.0,100.0,0.0,0.0,0.0,100.0,0.0,1.0,100.0,1.0,2.76
2025-06-11,2100.0,5838.0,0.08,2.44,0.08,0.01,0.0,5838.0,2100.0,2100.0,5838.0,0.0,0.0,0.0,0.0,0.0,0.0,0.0,0.0,0.0,0.0,0.0,0.0,0.0,0.0,0.01,0.0,100.0,100.0,0.0,0.0,0.0,100.0,0.0,1.0,100.0,1.0,2.78
2025-06-12,2100.0,5838.0,0.08,2.37,0.08,0.01,0.0,5838.0,2100.0,2100.0,5838.0,0.0,0.0,0.0,0.0,0.0,0.0,0.0,0.0,0.0,0.0,0.0,0.0,0.0,0.0,0.01,0.0,100.0,100.0,0.0,0.0,0.0,100.0,0.0,1.0,100.0,1.0,2.78
2025-06-13,2100.0,5838.0,0.08,2.5,0.08,0.01,0.0,5838.0,2100.0,2100.0,5838.0,0.0,0.0,0.0,0.0,0.0,0.0,0.0,0.0,0.0,0.0,0.0,0.0,0.0,0.0,0.01,0.0,100.0,100.0,0.0,0.0,0.0,100.0,0.0,1.0,100.0,1.0,2.78
2025-06-16,2100.0,5838.0,0.08,2.56,0.08,0.01,0.0,5838.0,2100.0,2100.0,5838.0,0.0,0.0,0.0,0.0,0.0,0.0,0.0,0.0,0.0,0.0,0.0,0.0,0.0,0.0,0.01,0.0,100.0,100.0,0.0,0.0,0.0,100.0,0.0,1.0,100.0,1.0,2.78
2025-06-17,2100.0,5838.0,0.08,4.36,0.08,0.01,0.0,5838.0,2100.0,2100.0,5838.0,0.0,0.0,0.0,0.0,0.0,0.0,0.0,0.0,0.0,0.0,0.0,0.0,0.0,0.0,0.01,0.0,100.0,100.0,0.0,0.0,0.0,100.0,0.0,1.0,100.0,1.0,2.78
2025-06-18,2100.0,5838.0,0.08,4.36,0.08,0.01,0.0,5838.0,2100.0,2100.0,5838.0,0.0,0.0,0.0,0.0,0.0,0.0,0.0,0.0,0.0,0.0,0.0,0.0,0.0,0.0,0.01,0.0,100.0,100.0,0.0,0.0,0.0,100.0,0.0,1.0,100.0,1.0,2.78
2025-06-19,2100.0,5838.0,0.08,4.5,0.08,0.01,0.0,5838.0,2100.0,2100.0,5838.0,0.0,0.0,0.0,0.0,0.0,0.0,0.0,0.0,0.0,0.0,0.0,0.0,0.0,0.0,0.01,0.0,100.0,100.0,0.0,0.0,0.0,100.0,0.0,1.0,100.0,1.0,2.78
2025-06-20,2100.0,5838.0,0.08,4.68,0.08,0.01,0.0,5838.0,2100.0,2100.0,5838.0,0.0,0.0,0.0,0.0,0.0,0.0,0.0,0.0,0.0,0.0,0.0,0.0,0.0,0.0,0.01,0.0,100.0,100.0,0.0,0.0,0.0,100.0,0.0,1.0,100.0,1.0,2.78
2025-06-23,2100.0,5838.0,0.08,5.64,0.08,0.01,0.0,5838.0,2100.0,2100.0,5838.0,0.0,0.0,0.0,0.0,0.0,0.0,0.0,0.0,0.0,0.0,0.0,0.0,0.0,0.0,0.01,0.0,100.0,100.0,0.0,0.0,0.0,100.0,0.0,1.0,100.0,1.0,2.78
2025-06-24,2100.0,5838.0,0.08,4.79,0.08,0.01,0.0,5838.0,2100.0,2100.0,5838.0,0.0,0.0,0.0,0.0,0.0,0.0,0.0,0.0,0.0,0.0,0.0,0.0,0.0,0.0,0.01,0.0,100.0,100.0,0.0,0.0,0.0,100.0,0.0,1.0,100.0,1.0,2.78
2025-06-25,2100.0,5838.0,0.08,4.96,0.08,0.01,0.0,5838.0,2100.0,2100.0,5838.0,0.0,0.0,0.0,0.0,0.0,0.0,0.0,0.0,0.0,0.0,0.0,0.0,0.0,0.0,0.01,0.0,100.0,100.0,0.0,0.0,0.0,100.0,0.0,1.0,100.0,1.0,2.78
2025-06-26,2100.0,5838.0,0.08,4.98,0.08,0.01,0.0,5838.0,2100.0,2100.0,5838.0,0.0,0.0,0.0,0.0,0.0,0.0,0.0,0.0,0.0,0.0,0.0,0.0,0.0,0.0,0.01,0.0,100.0,100.0,0.0,0.0,0.0,100.0,0.0,1.0,100.0,1.0,2.78
2025-06-27,2100.0,5838.0,0.08,5.45,0.08,0.01,0.0,5838.0,2100.0,2100.0,5838.0,0.0,0.0,0.0,0.0,0.0,0.0,0.0,0.0,0.0,0.0,0.0,0.0,0.0,0.0,0.01,0.0,100.0,100.0,0.0,0.0,0.0,100.0,0.0,1.0,100.0,1.0,2.78
2025-06-30,2100.0,5838.0,0.08,5.82,0.08,0.01,0.0,5838.0,2100.0,2100.0,5838.0,0.0,0.0,0.0,0.0,0.0,0.0,0.0,0.0,0.0,0.0,0.0,0.0,0.0,0.0,0.01,0.0,100.0,100.0,0.0,0.0,0.0,100.0,0.0,1.0,100.0,1.0,2.78
2025-07-01,2100.0,5796.0,0.08,5.87,0.08,0.01,0.0,5796.0,2100.0,2100.0,5796.0,0.0,0.0,0.0,0.0,0.0,0.0,0.0,0.0,0.0,0.0,0.0,0.0,0.0,0.0,0.01,0.0,100.0,100.0,0.0,0.0,0.0,100.0,0.0,1.0,100.0,1.0,2.76
2025-07-02,2100.0,5838.0,0.08,5.73,0.08,0.01,0.0,5838.0,2100.0,2100.0,5838.0,0.0,0.0,0.0,0.0,0.0,0.0,0.0,0.0,0.0,0.0,0.0,0.0,0.0,0.0,0.01,0.0,100.0,100.0,0.0,0.0,0.0,100.0,0.0,1.0,100.0,1.0,2.78
2025-07-03,2100.0,5796.0,0.08,6.16,0.08,0.01,0.0,5796.0,2100.0,2100.0,5796.0,0.0,0.0,0.0,0.0,0.0,0.0,0.0,0.0,0.0,0.0,0.0,0.0,0.0,0.0,0.01,0.0,100.0,100.0,0.0,0.0,0.0,100.0,0.0,1.0,100.0,1.0,2.76
2025-07-04,2100.0,5796.0,0.08,5.82,0.08,0.01,0.0,5796.0,2100.0,2100.0,5796.0,0.0,0.0,0.0,0.0,0.0,0.0,0.0,0.0,0.0,0.0,0.0,0.0,0.0,0.0,0.01,0.0,100.0,100.0,0.0,0.0,0.0,100.0,0.0,1.0,100.0,1.0,2.76
2025-07-07,2100.0,5796.0,0.08,5.73,0.08,0.01,0.0,5796.0,2100.0,2100.0,5796.0,0.0,0.0,0.0,0.0,0.0,0.0,0.0,0.0,0.0,0.0,0.0,0.0,0.0,0.0,0.01,0.0,100.0,100.0,0.0,0.0,0.0,100.0,0.0,1.0,100.0,1.0,2.76
2025-07-08,2100.0,5796.0,0.08,5.71,0.08,0.01,0.0,5796.0,2100.0,2100.0,5796.0,0.0,0.0,0.0,0.0,0.0,0.0,0.0,0.0,0.0,0.0,0.0,0.0,0.0,0.0,0.01,0.0,100.0,100.0,0.0,0.0,0.0,100.0,0.0,1.0,100.0,1.0,2.76
2025-07-09,2100.0,5670.0,0.08,5.71,0.08,0.01,0.0,5670.0,2100.0,2100.0,5670.0,0.0,0.0,0.0,0.0,0.0,0.0,0.0,0.0,0.0,0.0,0.0,0.0,0.0,0.0,0.01,0.0,100.0,100.0,0.0,0.0,0.0,100.0,0.0,1.0,100.0,1.0,2.7
2025-07-10,2100.0,5796.0,0.08,6.03,0.08,0.01,0.0,5796.0,2100.0,2100.0,5796.0,0.0,0.0,0.0,0.0,0.0,0.0,0.0,0.0,0.0,0.0,0.0,0.0,0.0,0.0,0.01,0.0,100.0,100.0,0.0,0.0,0.0,100.0,0.0,1.0,100.0,1.0,2.76
2025-07-11,2100.0,5796.0,0.08,6.07,0.08,0.01,0.0,5796.0,2100.0,2100.0,5796.0,0.0,0.0,0.0,0.0,0.0,0.0,0.0,0.0,0.0,0.0,0.0,0.0,0.0,0.0,0.01,0.0,100.0,100.0,0.0,0.0,0.0,100.0,0.0,1.0,100.0,1.0,2.76
2025-07-14,2100.0,4956.0,0.08,5.9,0.08,0.01,0.0,4956.0,2100.0,2100.0,4956.0,0.0,0.0,0.0,0.0,0.0,0.0,0.0,0.0,0.0,0.0,0.0,0.0,0.0,0.0,0.01,0.0,100.0,100.0,0.0,0.0,0.0,100.0,0.0,1.0,100.0,1.0,2.36
2025-07-15,2100.0,4284.0,0.08,3.59,0.08,0.01,0.0,4284.0,2100.0,2100.0,4284.0,0.0,0.0,0.0,0.0,0.0,0.0,0.0,0.0,0.0,0.0,0.0,0.0,0.0,0.0,0.01,0.0,100.0,100.0,0.0,0.0,0.0,100.0,0.0,1.0,100.0,1.0,2.04
2025-07-16,2100.0,3822.0,0.08,2.47,0.08,0.0,0.0,3822.0,2100.0,2100.0,3822.0,0.0,0.0,0.0,0.0,0.0,0.0,0.0,0.0,0.0,0.0,0.0,0.0,0.0,0.0,0.0,0.0,100.0,100.0,0.0,0.0,0.0,100.0,0.0,1.0,100.0,1.0,1.82
2025-07-17,2100.0,3885.0,0.08,2.08,0.08,0.0,0.0,3885.0,2100.0,2100.0,3885.0,0.0,0.0,0.0,0.0,0.0,0.0,0.0,0.0,0.0,0.0,0.0,0.0,0.0,0.0,0.0,0.0,100.0,100.0,0.0,0.0,0.0,100.0,0.0,1.0,100.0,1.0,1.85
2025-07-18,2100.0,3990.0,0.08,1.86,0.08,0.0,0.0,3990.0,2100.0,2100.0,3990.0,0.0,0.0,0.0,0.0,0.0,0.0,0.0,0.0,0.0,0.0,0.0,0.0,0.0,0.0,0.0,0.0,100.0,100.0,0.0,0.0,0.0,100.0,0.0,1.0,100.0,1.0,1.9
2025-07-21,2100.0,3990.0,0.08,1.85,0.08,0.0,0.0,3990.0,2100.0,2100.0,3990.0,0.0,0.0,0.0,0.0,0.0,0.0,0.0,0.0,0.0,0.0,0.0,0.0,0.0,0.0,0.0,0.0,100.0,100.0,0.0,0.0,0.0,100.0,0.0,1.0,100.0,1.0,1.9
2025-07-22,2100.0,3990.0,0.08,1.79,0.08,0.0,0.0,3990.0,2100.0,2100.0,3990.0,0.0,0.0,0.0,0.0,0.0,0.0,0.0,0.0,0.0,0.0,0.0,0.0,0.0,0.0,0.0,0.0,100.0,100.0,0.0,0.0,0.0,100.0,0.0,1.0,100.0,1.0,1.9
2025-07-23,2100.0,3990.0,0.08,1.79,0.08,0.0,0.0,3990.0,2100.0,2100.0,3990.0,0.0,0.0,0.0,0.0,0.0,0.0,0.0,0.0,0.0,0.0,0.0,0.0,0.0,0.0,0.0,0.0,100.0,100.0,0.0,0.0,0.0,100.0,0.0,1.0,100.0,1.0,1.9
2025-07-24,2100.0,3990.0,0.08,1.83,0.08,0.0,0.0,3990.0,2100.0,2100.0,3990.0,0.0,0.0,0.0,0.0,0.0,0.0,0.0,0.0,0.0,0.0,0.0,0.0,0.0,0.0,0.0,0.0,100.0,100.0,0.0,0.0,0.0,100.0,0.0,1.0,100.0,1.0,1.9
2025-07-25,2100.0,3969.0,0.08,1.71,0.08,0.0,0.0,3969.0,2100.0,2100.0,3969.0,0.0,0.0,0.0,0.0,0.0,0.0,0.0,0.0,0.0,0.0,0.0,0.0,0.0,0.0,0.0,0.0,100.0,100.0,0.0,0.0,0.0,100.0,0.0,1.0,100.0,1.0,1.89
2025-07-28,2100.0,3969.0,0.08,1.67,0.08,0.0,0.0,3969.0,2100.0,2100.0,3969.0,0.0,0.0,0.0,0.0,0.0,0.0,0.0,0.0,0.0,0.0,0.0,0.0,0.0,0.0,0.0,0.0,100.0,100.0,0.0,0.0,0.0,100.0,0.0,1.0,100.0,1.0,1.89
2025-07-29,2100.0,3948.0,0.08,1.65,0.08,0.0,0.0,3948.0,2100.0,2100.0,3948.0,0.0,0.0,0.0,0.0,0.0,0.0,0.0,0.0,0.0,0.0,0.0,0.0,0.0,0.0,0.0,0.0,100.0,100.0,0.0,0.0,0.0,100.0,0.0,1.0,100.0,1.0,1.88
2025-07-30,2100.0,3612.0,0.08,1.58,0.08,0.0,0.0,3612.0,2100.0,2100.0,3612.0,0.0,0.0,0.0,0.0,0.0,0.0,0.0,0.0,0.0,0.0,0.0,0.0,0.0,0.0,0.0,0.0,100.0,100.0,0.0,0.0,0.0,100.0,0.0,1.0,100.0,1.0,1.72
2025-07-31,2100.0,3570.0,0.08,1.14,0.08,0.0,0.0,3570.0,2100.0,2100.0,3570.0,0.0,0.0,0.0,0.0,0.0,0.0,0.0,0.0,0.0,0.0,0.0,0.0,0.0,0.0,0.0,0.0,100.0,100.0,0.0,0.0,0.0,100.0,0.0,1.0,100.0,1.0,1.7
2025-08-01,2100.0,3570.0,0.08,1.11,0.08,0.0,0.0,3570.0,2100.0,2100.0,3570.0,0.0,0.0,0.0,0.0,0.0,0.0,0.0,0.0,0.0,0.0,0.0,0.0,0.0,0.0,0.0,0.0,100.0,100.0,0.0,0.0,0.0,100.0,0.0,1.0,100.0,1.0,1.7
2025-08-04,2100.0,3591.0,0.08,1.11,0.08,0.0,0.0,3591.0,2100.0,2100.0,3591.0,0.0,0.0,0.0,0.0,0.0,0.0,0.0,0.0,0.0,0.0,0.0,0.0,0.0,0.0,0.0,0.0,100.0,100.0,0.0,0.0,0.0,100.0,0.0,1.0,100.0,1.0,1.71
2025-08-05,2100.0,3129.0,0.08,1.12,0.08,0.0,0.0,3129.0,2100.0,2100.0,3129.0,0.0,0.0,0.0,0.0,0.0,0.0,0.0,0.0,0.0,0.0,0.0,0.0,0.0,0.0,0.0,0.0,100.0,100.0,0.0,0.0,0.0,100.0,0.0,1.0,100.0,1.0,1.49
2025-08-06,2100.0,3192.0,0.08,1.01,0.08,0.0,0.0,3192.0,2100.0,2100.0,3192.0,0.0,0.0,0.0,0.0,0.0,0.0,0.0,0.0,0.0,0.0,0.0,0.0,0.0,0.0,0.0,0.0,100.0,100.0,0.0,0.0,0.0,100.0,0.0,1.0,100.0,1.0,1.52
2025-08-07,2100.0,3171.0,0.08,1.0,0.08,0.0,0.0,3171.0,2100.0,2100.0,3171.0,0.0,0.0,0.0,0.0,0.0,0.0,0.0,0.0,0.0,0.0,0.0,0.0,0.0,0.0,0.0,0.0,100.0,100.0,0.0,0.0,0.0,100.0,0.0,1.0,100.0,1.0,1.51
2025-08-08,2100.0,3171.0,0.08,0.97,0.08,0.0,0.0,3171.0,2100.0,2100.0,3171.0,0.0,0.0,0.0,0.0,0.0,0.0,0.0,0.0,0.0,0.0,0.0,0.0,0.0,0.0,0.0,0.0,100.0,100.0,0.0,0.0,0.0,100.0,0.0,1.0,100.0,1.0,1.51
2025-08-11,2100.0,3171.0,0.08,0.97,0.08,0.0,0.0,3171.0,2100.0,2100.0,3171.0,0.0,0.0,0.0,0.0,0.0,0.0,0.0,0.0,0.0,0.0,0.0,0.0,0.0,0.0,0.0,0.0,100.0,100.0,0.0,0.0,0.0,100.0,0.0,1.0,100.0,1.0,1.51
2025-08-12,2100.0,3150.0,0.08,0.96,0.08,0.0,0.0,3150.0,2100.0,2100.0,3150.0,0.0,0.0,0.0,0.0,0.0,0.0,0.0,0.0,0.0,0.0,0.0,0.0,0.0,0.0,0.0,0.0,100.0,100.0,0.0,0.0,0.0,100.0,0.0,1.0,100.0,1.0,1.5
2025-08-13,2100.0,3171.0,0.08,0.92,0.08,0.0,0.0,3171.0,2100.0,2100.0,3171.0,0.0,0.0,0.0,0.0,0.0,0.0,0.0,0.0,0.0,0.0,0.0,0.0,0.0,0.0,0.0,0.0,100.0,100.0,0.0,0.0,0.0,100.0,0.0,1.0,100.0,1.0,1.51
2025-08-14,2100.0,3171.0,0.08,0.86,0.08,0.0,0.0,3171.0,2100.0,2100.0,3171.0,0.0,0.0,0.0,0.0,0.0,0.0,0.0,0.0,0.0,0.0,0.0,0.0,0.0,0.0,0.0,0.0,100.0,100.0,0.0,0.0,0.0,100.0,0.0,1.0,100.0,1.0,1.51
2025-08-15,2100.0,3150.0,0.08,0.86,0.08,0.0,0.0,3150.0,2100.0,2100.0,3150.0,0.0,0.0,0.0,0.0,0.0,0.0,0.0,0.0,0.0,0.0,0.0,0.0,0.0,0.0,0.0,0.0,100.0,100.0,0.0,0.0,0.0,100.0,0.0,1.0,100.0,1.0,1.5
2025-08-18,2100.0,3150.0,0.08,0.83,0.08,0.0,0.0,3150.0,2100.0,2100.0,3150.0,0.0,0.0,0.0,0.0,0.0,0.0,0.0,0.0,0.0,0.0,0.0,0.0,0.0,0.0,0.0,0.0,100.0,100.0,0.0,0.0,0.0,100.0,0.0,1.0,100.0,1.0,1.5
2025-08-19,2100.0,3150.0,0.08,0.82,0.08,0.0,0.0,3150.0,2100.0,2100.0,3150.0,0.0,0.0,0.0,0.0,0.0,0.0,0.0,0.0,0.0,0.0,0.0,0.0,0.0,0.0,0.0,0.0,100.0,100.0,0.0,0.0,0.0,100.0,0.0,1.0,100.0,1.0,1.5
2025-08-20,2100.0,3150.0,0.08,0.81,0.08,0.0,0.0,3150.0,2100.0,2100.0,3150.0,0.0,0.0,0.0,0.0,0.0,0.0,0.0,0.0,0.0,0.0,0.0,0.0,0.0,0.0,0.0,0.0,100.0,100.0,0.0,0.0,0.0,100.0,0.0,1.0,100.0,1.0,1.5
2025-08-21,2100.0,3150.0,0.08,0.81,0.08,0.0,0.0,3150.0,2100.0,2100.0,3150.0,0.0,0.0,0.0,0.0,0.0,0.0,0.0,0.0,0.0,0.0,0.0,0.0,0.0,0.0,0.0,0.0,100.0,100.0,0.0,0.0,0.0,100.0,0.0,1.0,100.0,1.0,1.5
2025-08-22,2100.0,3150.0,0.08,0.8,0.08,0.0,0.0,3150.0,2100.0,2100.0,3150.0,0.0,0.0,0.0,0.0,0.0,0.0,0.0,0.0,0.0,0.0,0.0,0.0,0.0,0.0,0.0,0.0,100.0,100.0,0.0,0.0,0.0,100.0,0.0,1.0,100.0,1.0,1.5
2025-08-25,2100.0,3150.0,0.08,0.8,0.08,0.0,0.0,3150.0,2100.0,2100.0,3150.0,0.0,0.0,0.0,0.0,0.0,0.0,0.0,0.0,0.0,0.0,0.0,0.0,0.0,0.0,0.0,0.0,100.0,100.0,0.0,0.0,0.0,100.0,0.0,1.0,100.0,1.0,1.5
2025-08-26,2100.0,3129.0,0.08,0.87,0.08,0.0,0.0,3129.0,2100.0,2100.0,3129.0,0.0,0.0,0.0,0.0,0.0,0.0,0.0,0.0,0.0,0.0,0.0,0.0,0.0,0.0,0.0,0.0,100.0,100.0,0.0,0.0,0.0,100.0,0.0,1.0,100.0,1.0,1.49
2025-08-27,2100.0,3129.0,0.08,0.95,0.08,0.0,0.0,3129.0,2100.0,2100.0,3129.0,0.0,0.0,0.0,0.0,0.0,0.0,0.0,0.0,0.0,0.0,0.0,0.0,0.0,0.0,0.0,0.0,100.0,100.0,0.0,0.0,0.0,100.0,0.0,1.0,100.0,1.0,1.49
2025-08-28,2100.0,3129.0,0.08,1.03,0.08,0.0,0.0,3129.0,2100.0,2100.0,3129.0,0.0,0.0,0.0,0.0,0.0,0.0,0.0,0.0,0.0,0.0,0.0,0.0,0.0,0.0,0.0,0.0,100.0,100.0,0.0,0.0,0.0,100.0,0.0,1.0,100.0,1.0,1.49
2025-08-29,2100.0,3129.0,0.08,1.09,0.08,0.0,0.0,3129.0,2100.0,2100.0,3129.0,0.0,0.0,0.0,0.0,0.0,0.0,0.0,0.0,0.0,0.0,0.0,0.0,0.0,0.0,0.0,0.0,100.0,100.0,0.0,0.0,0.0,100.0,0.0,1.0,100.0,1.0,1.49
